0.00 2.98 4.45 3.35 0.00 7.46 0.00 3.79 3.41 5.23 6.52 7.04 0.00 8.22 8.41 0.00 2.96 3.81 6.22 8.50 5.70 0.00 10.76 5.20 0.00 4.14 4.34 3.98 5.43 5.90 6.61 7.38 1556644
0.00 2.98 4.34 3.36 0.00 7.46 0.00 3.80 3.42 5.23 6.53 7.05 0.00 8.23 8.41 0.00 2.95 3.82 6.21 8.50 5.70 0.00 10.76 5.21 0.00 4.10 4.33 3.97 5.43 5.89 6.61 7.38 1569734
0.00 2.99 4.34 3.35 0.00 7.46 0.00 3.80 3.43 5.12 6.54 7.04 0.00 8.24 8.42 0.00 2.94 3.82 6.22 8.49 5.69 0.00 10.77 5.20 0.00 4.08 4.32 3.96 5.43 5.90 6.61 7.38 1582824
0.00 2.98 4.32 0.00 0.00 7.46 0.00 3.79 3.43 5.12 6.53 7.04 0.00 8.25 8.41 0.00 2.94 3.82 6.23 8.49 5.70 0.00 10.77 5.20 0.00 4.07 4.34 3.97 5.45 5.90 6.61 7.38 1595914
0.00 2.98 4.32 3.34 6.63 7.46 0.00 3.77 3.41 5.11 6.53 7.05 0.00 8.25 8.42 0.00 2.95 3.81 6.24 8.49 5.70 0.00 10.76 5.20 0.00 4.08 4.33 3.96 5.45 5.90 6.61 7.38 1609004
0.00 2.98 4.33 3.21 6.41 7.65 0.00 3.78 3.50 5.03 6.53 7.04 0.00 8.23 8.41 0.00 0.00 3.60 6.24 8.49 5.71 0.00 10.76 5.19 0.00 4.09 4.33 3.97 5.45 5.91 6.61 7.39 1622094
0.00 2.99 4.34 3.25 6.39 7.51 0.00 3.80 3.46 5.05 6.52 0.00 0.00 8.24 8.41 0.00 2.01 3.62 6.21 8.51 5.70 0.00 0.00 5.19 0.00 4.07 4.33 3.96 5.44 5.89 0.00 7.39 1635183
0.00 2.99 4.34 3.27 6.37 7.52 0.00 3.80 3.53 4.96 6.51 0.00 0.00 8.20 8.41 0.00 2.93 3.81 6.21 8.51 5.69 0.00 0.00 5.21 0.00 4.08 4.32 3.94 5.37 5.90 0.00 7.36 1648273
0.00 2.99 4.32 3.37 6.36 7.51 0.00 3.78 3.34 5.01 6.49 0.00 0.00 8.28 8.40 0.00 2.47 3.62 6.24 8.55 5.70 0.00 0.00 5.20 0.00 4.62 4.33 3.76 5.33 5.90 0.00 7.37 1661363
0.00 2.99 4.33 3.25 6.35 7.49 0.00 4.15 3.32 4.90 6.50 0.00 0.00 8.26 8.41 0.00 2.64 3.81 6.25 8.53 5.70 0.00 10.76 5.21 0.00 4.23 4.32 3.71 5.28 5.89 0.00 7.39 1674454
0.00 2.98 4.65 5.90 6.36 7.50 0.00 3.95 3.25 4.93 6.50 0.00 0.00 8.19 8.41 0.00 2.47 3.83 6.28 8.58 5.69 0.00 10.77 5.21 0.00 3.93 4.32 3.83 5.26 6.25 6.66 7.37 1687544
0.00 2.92 4.34 0.00 6.22 7.50 0.00 4.10 3.36 5.07 6.50 7.04 0.00 8.27 8.41 0.00 2.21 3.81 6.29 8.62 5.70 0.00 10.77 5.20 0.00 3.93 4.33 4.35 5.27 5.91 6.60 7.22 1700634
0.00 2.89 4.33 3.52 6.36 7.47 0.00 3.74 3.23 4.96 6.68 7.56 0.00 8.90 8.40 0.00 2.03 3.77 6.27 8.59 5.71 0.00 10.77 5.23 0.00 0.00 4.33 3.82 5.18 5.92 6.61 7.28 1713724
0.00 2.97 4.36 5.84 6.37 7.60 0.00 3.77 3.25 4.90 6.49 6.96 0.00 8.44 8.41 0.00 2.01 3.84 6.23 8.75 5.70 0.00 0.00 5.20 0.00 3.90 4.34 3.77 5.24 5.91 6.53 7.47 1726813
0.00 3.16 4.35 3.14 6.34 7.49 0.00 3.86 3.18 4.98 6.49 0.00 0.00 8.15 8.40 0.00 2.03 3.80 6.26 8.63 5.70 0.00 0.00 5.20 0.00 3.88 4.35 3.63 5.17 6.06 6.51 7.42 1739903
0.00 3.06 4.37 3.01 6.35 7.49 4.08 3.67 3.22 4.95 6.47 6.88 0.00 8.21 8.43 0.00 2.57 3.83 6.21 8.47 5.71 0.00 10.76 5.20 0.00 3.96 4.31 3.80 5.14 5.88 6.54 7.42 1752994
0.00 2.90 4.48 3.13 6.35 7.48 3.55 3.62 3.30 5.02 6.60 6.96 0.00 8.15 8.41 0.00 2.56 3.83 6.11 8.75 5.69 0.00 10.72 5.19 0.00 3.86 4.34 3.85 5.21 5.92 6.53 0.00 1766084
0.00 2.87 4.34 0.00 6.35 7.54 0.00 3.88 3.23 5.06 6.59 6.85 0.00 8.16 8.42 0.00 2.05 3.80 6.17 8.40 5.69 5.87 10.71 5.14 0.00 4.10 4.35 3.89 5.13 5.95 6.52 7.43 1779174
0.00 2.99 4.31 3.16 6.34 7.39 3.72 3.76 3.16 4.87 6.47 6.84 0.00 8.18 8.41 0.00 2.06 3.80 6.24 0.00 5.70 0.00 10.71 5.22 0.00 3.88 4.28 3.76 5.37 5.99 6.63 0.00 1792264
0.00 2.91 4.28 3.07 6.33 7.46 0.00 3.64 3.32 5.15 6.72 7.02 0.00 8.20 8.42 0.00 2.96 3.80 6.18 8.81 5.68 0.00 10.73 5.20 0.00 4.04 4.32 4.26 5.31 5.90 6.55 8.05 1805354
6.17 3.02 4.33 2.81 6.35 7.38 3.99 3.66 3.23 5.04 0.00 6.89 0.00 8.13 8.46 0.00 0.00 3.79 6.17 8.61 5.66 0.00 10.72 5.16 0.00 4.13 4.29 3.81 5.23 5.97 6.61 7.35 1818444
0.00 2.92 4.27 3.42 6.38 7.53 0.00 3.80 3.18 4.99 6.67 6.90 0.00 8.32 8.42 0.00 2.74 3.98 6.11 8.63 5.69 5.79 0.00 5.22 0.00 3.96 4.30 3.95 5.46 5.94 6.51 7.45 1831533
0.00 3.05 4.32 3.33 6.32 7.41 3.32 3.63 3.21 5.00 6.50 6.98 0.00 8.18 8.41 0.00 2.66 3.93 6.12 8.52 5.70 0.00 10.74 5.17 0.00 3.86 4.34 4.54 5.34 6.63 6.51 7.45 1844624
0.00 2.96 4.30 0.00 0.00 7.39 0.00 3.60 3.28 5.00 6.46 7.02 0.00 8.31 8.42 0.00 2.27 3.94 6.25 8.89 5.69 0.00 10.73 5.10 0.00 0.00 4.41 4.05 5.21 6.01 6.76 7.34 1857714
0.00 2.82 4.28 3.09 6.55 7.46 3.95 3.57 3.26 5.11 6.83 6.90 0.00 8.27 8.42 0.00 2.10 3.94 6.24 0.00 5.71 0.00 10.73 5.28 0.00 4.20 4.27 4.18 5.50 5.98 6.49 7.62 1870804
0.00 3.09 4.39 5.62 6.52 7.53 3.79 3.57 3.21 5.16 6.81 6.89 0.00 8.46 8.41 0.00 0.00 4.08 6.29 9.06 5.72 0.00 10.73 0.00 0.00 3.78 4.33 4.45 5.23 5.95 6.64 7.45 1883894
0.00 2.99 4.23 3.20 6.86 7.28 3.72 3.49 3.12 5.04 6.65 7.01 0.00 8.64 8.41 0.00 2.06 3.76 6.47 8.75 5.71 6.27 10.72 5.27 0.00 3.76 4.36 3.83 5.29 5.96 6.57 7.36 1896984
5.57 2.85 4.25 0.00 6.43 7.40 0.00 3.75 3.18 5.06 6.76 6.95 0.00 8.17 8.41 0.00 0.00 3.67 6.52 8.54 5.71 0.00 10.74 4.72 0.00 3.77 4.34 4.12 5.31 6.00 6.51 0.00 1910074
0.00 3.04 4.18 3.21 0.00 7.47 3.65 3.61 3.23 5.07 6.52 6.96 0.00 8.38 8.41 0.00 0.00 3.57 6.57 8.89 5.71 0.00 10.74 5.33 0.00 3.78 0.00 4.01 5.29 5.86 6.47 7.55 1923164
0.00 3.01 4.20 6.00 6.22 7.44 0.00 3.52 3.23 5.02 6.63 6.97 0.00 8.16 8.43 0.00 2.67 3.60 6.46 8.78 5.68 0.00 10.73 0.00 0.00 4.46 4.40 4.03 5.19 5.94 6.50 0.00 1936254
0.00 2.83 4.25 3.31 6.20 7.53 3.69 3.49 3.17 5.13 6.55 6.90 0.00 8.09 8.40 0.00 0.00 3.49 6.34 8.73 5.70 0.00 10.74 4.72 0.00 4.17 4.30 4.15 5.26 5.87 6.47 7.32 1949344
0.00 2.99 4.22 0.00 6.32 7.36 3.68 3.39 3.14 5.21 6.56 7.09 0.00 8.14 8.40 0.00 0.00 3.45 6.46 8.59 5.70 5.84 10.73 5.27 0.00 3.79 4.33 4.23 5.29 5.90 6.46 0.00 1962434
0.00 2.89 4.39 2.79 6.23 7.51 3.48 3.38 3.13 5.11 6.57 6.94 0.00 8.10 8.41 0.00 2.07 3.57 6.46 8.53 5.75 0.00 10.73 4.67 0.00 4.06 4.31 4.20 5.24 5.95 6.50 7.27 1975524
0.00 2.86 4.38 2.99 6.14 7.59 3.86 3.36 3.24 5.13 6.53 6.89 0.00 8.24 8.41 0.00 0.00 3.46 6.50 8.65 5.88 6.01 10.75 4.66 0.00 4.06 4.34 4.24 5.06 5.85 6.49 7.44 1988614
0.00 2.95 4.30 2.81 6.29 7.12 3.90 3.32 3.19 5.28 6.55 7.02 0.00 8.13 8.41 0.00 0.00 3.54 6.97 8.66 5.72 0.00 0.00 5.33 0.00 3.85 4.34 3.95 5.24 5.87 6.51 7.78 2001703
0.00 2.95 4.28 2.75 6.48 7.12 3.85 3.38 3.02 4.85 6.58 0.00 0.00 8.08 8.40 0.00 2.58 3.68 6.57 8.68 5.71 5.84 10.43 5.18 0.00 3.98 4.36 3.99 5.17 6.15 6.47 7.50 2014794
0.00 2.93 4.35 3.95 6.54 6.93 3.51 3.22 3.29 5.20 7.03 7.05 0.00 8.23 8.40 0.00 0.00 3.86 6.79 8.92 5.73 0.00 10.64 5.27 0.00 4.83 4.42 4.62 5.15 5.86 6.51 7.45 2027884
5.80 2.98 4.36 3.18 6.36 6.84 2.34 3.22 3.02 5.18 6.87 7.11 0.00 8.09 8.40 0.00 0.00 3.54 4.43 8.91 5.70 0.00 10.75 3.93 0.00 4.31 4.39 4.01 5.24 5.89 6.48 7.48 2040974
0.00 2.99 4.32 3.04 6.35 6.29 3.54 3.16 2.71 5.27 6.90 6.98 6.08 8.14 8.41 0.00 0.00 3.62 6.32 8.65 5.74 0.00 10.21 0.00 0.00 4.13 4.37 3.88 5.05 5.88 6.46 7.41 2054064
5.76 2.87 4.41 3.02 6.06 6.47 3.57 3.16 3.09 4.84 6.76 7.01 0.00 6.81 8.40 0.00 0.00 3.56 6.66 8.64 5.74 5.76 4.24 4.65 0.00 4.00 4.31 3.88 5.01 5.93 6.55 0.00 2067153
5.65 3.00 4.37 2.63 6.33 5.62 3.35 3.27 3.07 3.55 6.93 7.08 0.00 8.44 8.43 0.00 2.62 3.63 4.64 8.70 5.67 5.78 10.47 5.17 0.00 4.19 4.57 3.75 5.06 5.94 6.42 0.00 2080244
0.00 2.96 4.46 2.46 3.73 6.71 3.48 3.13 3.25 4.54 6.82 7.14 0.00 7.90 8.41 0.00 2.17 3.56 5.49 8.67 5.69 5.67 10.54 0.00 0.00 4.11 4.79 3.87 5.10 5.90 6.47 7.53 2093334
5.23 3.13 4.45 2.55 5.93 5.21 3.38 3.47 3.05 5.43 6.80 7.14 0.00 8.07 8.41 0.00 0.00 3.65 5.68 8.78 5.85 0.00 0.00 4.76 0.00 4.70 4.86 3.90 5.12 5.91 6.38 7.32 2106423
2.24 3.02 4.38 2.70 5.68 4.82 3.46 3.13 3.21 4.89 6.98 7.09 0.00 7.49 8.41 0.00 2.69 3.59 6.57 8.84 5.34 0.00 9.28 4.60 0.00 4.11 4.95 3.90 5.24 5.92 6.39 7.54 2119513
5.46 2.80 4.38 2.97 4.71 4.43 2.27 3.04 2.75 5.42 7.34 7.39 0.00 8.26 8.40 0.00 2.08 3.55 6.49 8.90 5.51 5.82 8.26 4.52 0.00 3.96 4.87 3.76 5.30 5.96 6.43 7.57 2132603
0.00 2.88 4.49 3.13 4.91 5.10 3.39 3.03 3.41 2.49 7.12 7.08 6.35 7.93 8.42 0.00 0.00 3.66 6.57 8.60 2.41 5.76 9.68 5.35 0.00 4.33 4.87 3.54 5.25 5.98 6.36 7.59 2145693
0.00 3.09 3.79 2.86 5.55 5.58 3.31 3.16 3.21 3.81 7.12 7.10 6.47 7.05 8.39 8.69 0.00 3.57 6.68 9.41 5.61 0.00 3.54 4.25 0.00 3.93 4.92 3.60 4.65 6.00 6.37 0.00 2158783
4.33 2.77 4.13 2.42 4.63 4.02 3.37 3.23 3.35 4.70 7.20 7.02 6.27 7.85 8.41 8.04 2.12 3.68 5.22 8.13 5.16 5.81 5.05 2.25 0.00 3.89 5.13 3.62 5.18 6.07 6.33 7.49 2171873
0.00 2.89 4.52 2.40 3.50 3.20 3.45 3.31 3.31 2.78 7.11 7.08 0.00 5.03 8.41 8.05 2.61 3.66 5.59 8.97 4.47 6.02 8.75 3.99 0.00 3.68 5.09 3.95 5.21 6.06 6.35 7.45 2184963
2.91 2.79 4.44 2.55 5.14 3.67 3.42 3.02 3.47 3.09 5.80 7.08 0.00 5.75 9.05 7.96 2.64 3.68 6.37 9.29 4.86 5.49 10.28 4.19 0.00 3.89 5.09 3.49 5.21 6.15 6.25 7.08 2198054
0.00 2.93 4.71 2.53 4.93 5.39 3.18 3.10 3.13 5.55 7.17 7.13 6.38 3.71 8.35 8.15 2.70 3.54 6.58 8.83 4.80 5.46 10.05 4.73 0.00 3.83 5.05 3.68 5.31 6.13 5.83 7.27 2211144
2.16 2.97 4.47 2.60 4.15 4.31 3.39 3.15 2.40 2.24 7.19 7.10 5.92 6.79 7.97 7.95 2.73 3.66 4.60 8.81 4.47 0.00 7.61 4.27 0.00 3.90 5.14 0.00 5.68 6.33 6.13 0.00 2224233
0.00 3.01 4.34 2.37 4.74 3.62 3.40 3.19 3.41 3.87 7.38 7.07 2.27 3.81 8.20 8.08 2.35 3.69 5.21 8.56 4.47 0.00 10.85 4.70 0.00 3.75 5.60 3.62 5.10 6.20 6.17 7.13 2237324
4.53 3.03 4.31 2.73 4.78 3.01 3.25 3.04 3.38 4.67 7.33 7.31 6.26 4.80 8.27 8.00 0.00 3.68 6.02 8.93 3.33 4.98 4.76 4.89 0.00 3.98 3.70 3.54 3.40 5.48 6.47 7.51 2250413
4.31 3.07 4.39 2.60 4.08 4.01 3.53 3.08 3.63 5.23 7.31 7.38 6.07 5.94 8.21 8.28 2.70 3.28 6.95 9.11 4.20 4.73 9.26 4.49 0.00 3.87 3.75 4.00 2.26 2.99 3.19 7.46 2263503
4.45 2.82 4.51 2.62 4.23 3.42 3.40 3.19 3.54 4.32 7.25 7.09 5.87 6.99 7.75 7.72 2.09 3.71 5.86 8.81 4.00 4.87 7.11 4.64 0.00 3.62 3.99 3.59 2.87 3.72 3.13 0.00 2276593
5.61 2.90 4.44 2.91 4.25 4.08 3.34 3.09 2.50 4.64 5.52 2.35 6.13 2.78 7.46 7.58 2.03 3.73 6.13 8.72 4.05 4.55 0.00 4.62 0.00 2.87 5.72 3.57 2.17 4.90 4.03 0.00 2289683
0.00 2.98 4.64 2.63 4.36 3.24 2.91 3.06 3.39 5.72 7.20 7.23 5.91 5.13 5.47 6.80 2.06 3.59 6.09 8.83 3.93 4.63 4.27 4.92 0.00 2.74 5.55 3.80 3.87 6.40 3.89 5.61 2302773
4.80 3.01 3.67 2.57 4.29 3.15 3.05 3.05 3.89 3.27 2.04 6.14 6.14 4.51 7.58 2.48 2.76 3.79 4.27 7.56 3.98 4.60 10.44 0.00 0.00 3.71 5.08 3.72 2.31 3.21 3.49 7.06 2315864
0.00 3.04 4.51 2.15 4.19 2.98 3.20 3.21 3.38 3.23 6.53 0.00 6.58 5.59 7.49 7.34 2.84 3.79 6.36 8.98 4.04 4.62 10.42 5.31 0.00 3.64 5.53 4.12 2.58 6.52 2.52 0.00 2328954
0.00 3.03 4.47 3.12 4.20 3.67 3.38 3.28 3.71 3.03 7.18 7.23 5.64 3.53 0.00 7.02 2.22 3.73 6.65 8.87 3.99 4.90 5.77 4.81 0.00 4.23 5.75 3.87 3.30 6.44 6.25 7.13 2342043
2.97 3.11 4.50 2.63 3.95 3.47 3.37 3.08 3.46 2.42 5.54 7.23 5.96 6.61 7.34 7.15 2.11 3.86 6.43 8.89 4.15 4.64 10.09 3.97 0.00 4.48 5.26 3.86 3.23 3.19 4.06 7.03 2355134
2.64 2.98 4.56 2.47 3.38 3.37 3.35 3.13 3.88 2.28 5.40 0.00 5.36 3.75 7.27 7.06 2.19 3.62 4.14 8.98 4.04 4.57 10.60 0.00 0.00 4.18 5.32 3.79 5.43 6.52 3.29 7.26 2368224
0.00 2.76 4.52 2.77 3.71 3.48 3.30 3.26 3.45 3.74 7.37 7.61 6.13 5.04 7.67 6.86 2.64 3.52 6.59 9.03 4.13 4.72 8.12 4.65 0.00 4.13 5.67 2.86 5.50 6.17 4.26 3.69 2381313
5.96 3.06 4.50 2.60 3.71 3.87 2.94 3.29 3.64 3.67 5.07 7.27 5.77 4.16 7.12 7.11 0.00 3.87 6.71 8.71 4.16 0.00 7.51 3.89 0.00 4.29 2.67 3.97 3.34 4.89 5.54 0.00 2394403
0.00 2.81 4.58 2.60 3.58 3.90 2.86 3.23 3.79 3.01 7.46 7.52 5.99 5.44 6.74 6.70 2.73 3.67 2.25 8.91 4.34 4.89 10.25 4.40 0.00 4.04 5.42 3.74 5.00 6.50 4.83 7.05 2407494
0.00 2.97 4.49 2.52 3.67 3.59 3.19 3.12 3.25 3.55 7.35 7.42 5.53 4.82 6.81 6.71 2.07 3.58 6.52 8.81 4.26 4.89 2.77 5.29 0.00 4.51 5.58 3.86 5.77 6.65 5.45 0.00 2420583
0.00 3.13 4.58 2.41 3.57 3.25 3.30 3.15 4.15 3.27 7.70 7.21 5.18 5.25 6.92 6.57 0.00 3.52 4.85 9.28 4.39 4.77 10.12 5.21 0.00 4.61 5.00 3.86 4.01 6.75 4.85 7.04 2433674
0.00 3.11 4.59 2.74 3.38 3.34 3.15 3.44 4.10 3.35 7.41 7.15 5.07 5.26 7.19 6.42 2.58 3.48 6.58 0.00 4.35 4.91 10.99 5.63 0.00 4.26 5.47 4.04 5.35 6.51 6.11 6.76 2446764
0.00 3.06 4.76 3.12 3.50 3.39 3.26 3.19 4.17 3.32 7.30 7.32 5.74 5.18 6.65 6.39 2.09 3.75 4.96 9.04 4.48 4.97 10.72 4.70 0.00 4.08 5.54 3.87 5.33 6.16 6.15 6.85 2459854
5.65 2.92 4.62 2.69 3.45 3.40 2.80 3.29 4.53 5.55 7.32 7.44 5.07 5.89 6.74 6.27 0.00 3.57 6.58 8.63 4.51 4.91 0.00 4.42 0.00 4.85 5.55 4.26 5.54 6.50 6.40 6.91 2472943
3.82 2.92 4.50 2.31 3.52 3.38 3.15 3.25 4.11 2.78 7.23 7.30 5.07 5.75 6.53 6.30 2.18 3.54 6.71 8.86 4.48 4.90 10.46 4.70 0.00 4.05 5.47 3.95 5.42 6.60 6.31 6.79 2486034
0.00 3.04 4.74 0.00 3.49 3.33 3.33 3.35 4.23 4.91 7.52 7.38 4.83 5.98 6.62 6.86 0.00 3.96 6.42 9.00 4.59 4.89 5.32 4.58 0.00 4.20 5.66 3.69 5.61 5.17 6.14 6.73 2499123
0.00 3.01 4.58 2.52 3.50 3.26 3.12 3.22 4.10 5.60 0.00 7.51 4.85 5.65 6.52 6.10 0.00 3.73 5.65 9.05 4.57 5.13 10.56 5.01 0.00 4.41 5.63 4.20 5.67 6.55 4.60 0.00 2512214
5.71 3.09 4.60 2.51 3.46 3.26 3.19 3.37 3.37 4.08 7.36 7.44 4.91 5.59 6.46 6.22 2.62 3.71 6.25 8.83 4.63 4.89 10.58 4.51 0.00 4.17 5.51 3.88 5.68 6.53 5.60 6.68 2525304
0.00 3.02 4.62 2.43 3.35 3.25 3.05 3.38 4.13 5.68 7.21 0.00 4.86 5.61 6.45 6.27 2.13 3.63 6.48 9.03 4.59 5.28 6.69 4.71 0.00 4.74 5.55 4.15 5.79 6.89 5.81 7.17 2538393
0.00 3.03 5.04 2.94 3.37 3.26 3.18 3.36 4.17 5.56 7.37 7.24 5.14 5.94 6.24 6.65 2.83 3.62 6.49 8.98 4.58 5.15 10.61 4.54 0.00 4.02 5.34 4.30 5.53 6.30 6.01 0.00 2551484
5.39 3.04 4.61 3.85 3.54 3.30 3.13 3.33 4.17 5.73 7.29 7.23 4.83 5.72 6.37 6.06 0.00 3.63 6.27 8.78 4.60 0.00 10.64 4.97 0.00 4.16 5.42 3.95 5.54 0.00 5.99 6.59 2564574
0.00 3.07 4.50 3.73 4.14 3.22 3.07 3.26 4.27 5.56 7.15 7.81 4.92 5.50 6.43 5.96 2.17 3.65 6.17 8.78 4.57 5.02 10.60 4.85 0.00 4.26 5.49 0.00 5.58 6.66 5.99 6.73 2577664
0.00 3.00 4.62 2.68 3.45 3.18 3.19 3.42 4.33 5.13 7.41 7.15 4.71 5.52 6.13 5.96 2.62 3.63 6.63 9.10 4.56 4.98 10.60 4.43 0.00 0.00 5.76 3.98 5.56 6.56 6.36 6.90 2590754
0.00 3.13 4.73 2.90 3.52 3.26 3.09 3.28 4.14 5.67 7.24 7.20 5.19 5.60 6.17 5.79 2.64 3.53 6.45 8.80 4.63 0.00 10.58 4.41 0.00 3.94 5.60 3.97 5.60 6.66 5.97 6.72 2603844
0.00 2.98 4.56 3.51 3.46 3.27 3.04 3.28 4.22 5.71 7.19 7.21 5.11 5.90 6.06 6.02 2.25 3.72 6.48 8.80 4.62 5.16 0.00 4.59 0.00 3.96 5.45 4.06 5.79 6.56 6.00 6.89 2616933
0.00 3.00 4.55 3.39 3.41 3.17 3.30 3.36 4.07 5.87 7.15 7.44 5.30 5.75 6.06 5.63 2.54 3.48 6.46 0.00 4.63 5.15 10.67 4.67 0.00 3.99 5.42 4.19 5.60 0.00 5.99 7.20 2630024
0.00 2.98 4.56 3.26 3.40 3.23 3.13 3.38 4.05 5.74 7.17 7.35 4.56 5.60 6.19 5.89 2.09 3.69 6.43 8.90 4.73 5.18 10.60 4.77 0.00 4.08 5.58 4.25 5.58 6.56 5.99 0.00 2643114
5.54 3.06 4.58 2.93 3.41 3.28 3.15 3.34 4.14 5.80 7.20 7.41 4.63 5.51 6.15 5.98 2.34 3.47 6.40 8.93 4.63 5.29 10.62 3.97 0.00 3.95 5.41 4.27 5.76 6.51 5.98 0.00 2656204
0.00 3.05 4.54 3.28 3.43 3.21 3.19 3.38 4.14 5.67 7.29 7.27 4.70 5.50 6.10 5.99 2.20 3.59 6.41 0.00 4.83 0.00 10.65 3.99 0.00 4.03 5.49 4.40 5.73 6.56 5.91 6.59 2669294
0.00 3.03 4.77 3.32 3.47 3.27 3.20 3.35 4.17 5.67 7.36 8.02 4.78 5.50 6.13 5.83 2.73 3.62 6.35 8.79 4.74 5.13 10.61 3.97 0.00 4.05 5.66 4.52 5.59 6.56 5.94 0.00 2682384
0.00 2.94 4.55 2.60 3.41 3.22 3.14 3.36 4.32 5.82 7.31 7.17 4.77 5.65 6.28 5.62 2.68 3.66 6.45 8.88 4.69 5.27 10.65 4.44 0.00 4.20 5.48 4.31 5.59 6.55 5.96 7.15 2695474
0.00 3.12 4.76 3.33 3.41 3.25 3.15 3.28 4.10 5.75 7.40 7.24 4.64 5.46 6.39 5.96 0.00 3.50 6.29 8.76 4.67 0.00 10.61 4.16 0.00 0.00 5.51 4.51 5.66 6.56 5.94 7.30 2708564
0.00 3.11 4.74 3.50 3.40 3.19 3.21 3.35 4.33 5.71 7.19 7.31 4.66 5.40 5.75 6.04 2.28 3.51 6.54 8.79 4.71 5.31 10.60 4.12 0.00 0.00 5.43 4.39 5.69 6.66 5.95 6.63 2721654
0.00 3.10 4.62 3.29 3.43 3.20 3.15 3.44 4.16 5.75 7.28 7.75 4.64 5.45 6.61 5.53 2.70 3.53 6.78 8.77 4.74 0.00 10.54 4.36 0.00 4.41 5.59 4.53 5.62 6.59 5.91 6.69 2734744
0.00 3.16 4.66 0.00 3.47 3.19 3.22 3.38 4.22 5.80 7.37 7.25 4.67 5.39 5.69 6.04 2.05 3.59 6.33 8.79 4.76 5.14 10.54 4.00 0.00 4.14 5.48 4.15 6.28 6.67 5.90 6.55 2747834
5.75 3.10 4.71 3.15 3.43 3.20 3.12 3.29 4.28 5.68 7.15 7.41 4.77 5.43 6.06 5.59 2.36 3.61 6.95 8.81 5.48 5.11 10.72 4.56 0.00 4.00 5.39 4.24 5.64 6.49 5.90 6.47 2760924
0.00 3.11 4.51 3.57 3.53 3.20 3.13 3.32 4.61 5.69 7.87 7.15 4.66 5.36 5.64 5.45 0.00 3.50 6.37 8.77 4.78 5.66 10.61 5.36 0.00 3.99 5.41 4.24 5.58 6.70 5.90 6.36 2774014
5.53 3.09 4.56 0.00 3.50 3.23 3.12 3.41 4.24 5.79 7.19 7.26 4.70 5.36 5.74 5.56 2.71 3.56 6.67 8.88 4.84 5.15 10.64 0.00 0.00 4.19 5.57 4.55 5.69 6.52 5.92 6.47 2787104
0.00 3.10 4.57 0.00 3.48 3.19 3.16 3.41 4.39 5.42 7.46 7.19 4.65 5.38 5.74 5.62 2.10 3.47 6.73 8.88 5.17 5.09 10.63 4.56 0.00 4.16 5.58 4.44 5.77 6.42 5.91 6.42 2800194
5.61 3.05 4.63 3.02 3.49 3.21 2.78 3.38 4.17 5.10 7.28 7.37 5.08 5.38 5.90 5.98 2.63 3.77 6.27 8.86 4.84 5.25 10.59 4.82 0.00 0.00 5.53 4.40 5.73 6.53 5.93 6.39 2813284
5.26 3.05 4.43 3.04 3.50 3.21 3.08 3.37 4.31 5.84 7.25 7.36 4.64 5.45 5.88 5.70 2.60 3.51 6.63 8.92 4.82 5.27 10.72 5.20 0.00 4.09 5.65 5.19 5.72 6.50 5.93 6.31 2826374
0.00 3.07 4.50 2.84 3.51 3.15 2.84 3.53 4.60 5.44 7.20 7.22 4.72 5.35 6.22 5.55 2.77 3.46 6.44 8.79 4.84 0.00 10.68 4.85 0.00 3.94 5.53 0.00 5.81 6.42 5.90 6.46 2839464
5.61 3.08 4.54 2.57 3.53 3.23 3.13 3.50 3.79 5.66 7.30 0.00 4.60 5.33 5.70 5.64 2.82 3.43 6.30 8.82 4.87 5.19 10.71 0.00 0.00 4.09 5.38 4.36 5.92 6.59 5.91 6.28 2852554
5.39 3.05 4.59 2.52 3.54 3.24 3.13 3.51 4.37 5.76 7.38 7.20 5.21 5.40 5.65 5.44 0.00 3.49 6.25 8.82 4.86 5.66 10.62 5.03 0.00 4.26 5.62 4.71 6.00 6.45 6.04 6.12 2865644
5.42 3.45 4.58 3.21 3.62 3.27 3.17 3.42 4.34 5.85 7.19 7.57 4.77 5.41 6.01 5.46 0.00 3.45 6.81 8.84 4.94 5.22 10.53 5.27 0.00 4.38 5.54 4.50 5.77 6.44 5.95 6.85 2878734
5.63 3.07 4.59 2.54 3.61 3.21 3.25 3.45 4.38 5.72 7.56 7.78 4.67 5.35 5.73 5.52 2.80 3.45 6.39 8.92 4.81 5.50 10.70 4.97 0.00 4.04 5.52 4.75 5.86 6.61 5.00 6.00 2891824
5.74 2.85 4.72 3.07 3.55 3.15 3.17 3.57 4.30 3.53 7.40 7.88 4.73 5.49 5.71 5.61 0.00 3.52 6.42 8.85 4.85 5.52 0.00 4.54 0.00 0.00 5.60 4.89 5.79 6.46 5.64 6.35 2904913
0.00 3.18 4.67 3.25 3.58 3.25 2.52 3.62 4.41 4.50 7.73 7.18 4.66 5.34 5.89 5.50 2.72 3.57 6.50 8.61 5.09 5.46 0.00 4.60 0.00 3.93 5.47 4.69 5.92 6.39 5.76 5.49 2918003
5.56 3.07 4.69 0.00 3.56 3.29 3.21 3.75 4.45 4.58 7.47 7.23 4.62 5.46 5.59 5.41 2.26 3.45 6.57 8.86 5.18 5.50 10.53 4.04 0.00 4.55 5.50 4.70 5.83 6.39 5.72 6.04 2931094
5.58 3.04 4.50 3.25 3.59 3.30 3.12 3.46 3.73 5.36 7.15 7.73 4.89 4.40 5.68 5.50 2.12 3.46 6.47 0.00 5.23 5.47 9.96 4.30 0.00 3.99 5.66 4.69 5.94 6.43 5.67 5.42 2944183
4.01 3.04 4.64 2.59 3.62 3.32 2.73 3.50 3.98 3.74 7.13 7.33 4.76 5.34 5.66 5.57 2.30 3.44 6.52 8.87 5.07 5.51 0.00 4.49 0.00 4.06 5.43 5.14 6.04 5.50 5.31 5.51 2957273
4.73 3.21 4.58 2.65 3.65 3.23 3.18 3.57 4.51 3.88 7.42 7.48 5.36 5.41 5.68 5.63 0.00 3.57 6.55 8.87 5.20 5.41 7.24 0.00 0.00 3.93 5.59 5.39 6.06 5.14 5.23 5.09 2970363
4.90 2.44 4.66 2.84 3.61 3.36 3.00 3.68 4.77 4.21 7.37 7.61 4.58 4.77 5.68 5.95 2.47 3.53 6.46 8.75 5.20 5.86 10.31 5.37 0.00 3.96 5.58 5.46 6.10 6.55 4.94 5.10 2983454
4.10 2.60 4.60 2.25 3.65 3.31 3.03 3.61 3.97 2.90 2.74 7.32 4.57 5.03 5.76 5.45 0.00 3.77 6.25 8.93 5.28 0.00 10.94 4.87 0.00 4.05 5.58 5.21 6.07 0.00 5.44 4.82 2996544
5.05 2.95 4.62 2.92 3.65 3.27 3.07 3.72 4.47 3.53 7.12 7.47 4.64 5.25 5.83 5.66 0.00 3.60 5.85 8.72 5.30 0.00 10.45 2.69 0.00 4.09 5.50 5.44 6.16 6.56 4.08 4.82 3009634
4.20 2.68 4.76 2.10 3.45 3.42 3.08 3.74 3.28 3.07 7.29 7.38 4.50 3.87 5.82 5.77 2.70 3.82 6.58 9.36 5.36 5.78 5.20 3.64 0.00 4.10 5.47 5.02 6.21 6.52 4.27 4.99 3022723
4.66 2.57 4.79 2.72 3.62 3.33 2.90 3.78 2.76 3.29 7.23 4.68 4.45 5.46 5.76 5.63 2.31 3.57 6.33 8.99 5.58 5.85 2.19 4.07 0.00 4.27 5.46 5.26 6.36 6.51 4.57 4.69 3035813
4.39 2.88 4.78 2.28 3.68 3.25 2.86 3.84 4.72 2.70 6.90 7.28 4.61 4.13 6.08 5.66 2.84 3.78 6.73 8.71 5.29 6.32 4.81 3.48 0.00 3.85 5.53 5.11 5.49 6.54 4.61 4.59 3048903
3.97 3.01 4.91 2.95 3.63 3.32 3.05 3.92 4.97 3.06 7.12 0.00 4.73 5.48 5.91 5.78 2.17 3.48 6.85 8.93 5.86 0.00 10.33 4.94 0.00 3.94 5.49 5.27 6.48 6.40 3.87 4.91 3061994
3.34 2.83 4.57 2.57 3.67 3.35 2.92 3.94 3.54 3.36 6.35 7.68 4.68 4.94 5.89 5.68 2.75 3.75 6.90 0.00 5.51 0.00 10.56 4.75 0.00 0.00 5.56 5.51 6.36 6.19 4.43 4.83 3075084
3.97 2.48 4.63 2.72 3.77 3.32 3.18 4.03 4.23 4.06 7.10 6.12 4.43 5.47 5.83 5.91 2.13 3.55 6.83 8.75 5.46 0.00 5.18 3.16 0.00 3.86 5.75 5.36 6.32 6.50 3.85 4.52 3088173
3.76 2.65 4.79 2.71 3.68 3.25 3.07 4.11 4.20 2.98 7.05 6.31 4.99 2.19 6.20 5.72 2.59 3.59 6.58 0.00 5.48 6.52 4.59 3.73 0.00 3.89 5.42 5.66 5.97 6.49 2.63 4.61 3101263
3.94 2.52 4.52 2.48 3.86 3.12 2.93 3.91 4.09 3.24 7.71 7.67 4.61 4.88 5.96 5.70 2.02 3.39 4.82 8.94 5.47 0.00 3.35 4.08 0.00 4.01 5.60 5.87 6.53 6.42 4.14 5.12 3114353
3.57 2.77 4.69 2.62 3.70 3.36 2.84 3.33 3.99 2.71 4.94 7.43 4.65 5.53 6.08 5.67 0.00 3.84 4.89 8.78 5.60 0.00 3.11 0.00 0.00 3.82 5.42 5.62 6.50 6.40 3.98 4.18 3127443
3.48 3.00 3.92 3.00 3.65 3.37 3.01 4.31 3.50 3.13 3.52 4.25 4.51 3.75 5.97 2.94 2.62 3.61 6.75 9.24 5.55 6.48 3.43 4.34 0.00 4.01 5.58 5.46 5.73 6.26 3.81 4.52 3140533
3.52 2.70 4.59 2.73 3.69 2.86 2.80 4.23 2.63 3.43 3.39 0.00 4.67 5.00 5.97 5.84 2.54 3.37 6.74 8.64 5.91 0.00 9.93 2.96 0.00 3.88 5.11 5.97 6.58 3.77 3.95 3.99 3153623
3.54 2.92 4.60 2.89 3.89 2.56 2.96 4.18 4.84 4.23 7.14 0.00 4.62 5.60 6.10 5.92 2.18 3.64 6.58 8.85 3.72 6.65 10.50 2.45 0.00 3.96 4.06 5.32 6.26 5.00 3.33 4.05 3166714
3.51 2.69 4.16 2.13 3.91 2.79 2.95 4.20 2.24 2.66 5.23 2.61 2.78 3.78 6.01 6.19 2.16 3.52 4.32 8.71 6.05 0.00 8.52 4.39 0.00 3.92 4.97 5.97 6.24 6.07 3.78 4.05 3179803
3.55 3.01 4.87 2.54 3.76 3.34 2.83 3.77 3.36 2.39 6.59 7.75 3.95 2.81 6.77 3.89 2.33 3.59 6.68 8.80 2.97 6.46 3.69 4.77 0.00 3.82 4.58 0.00 6.77 6.37 3.64 4.17 3192893
3.54 2.94 4.83 2.70 3.80 3.41 3.22 4.13 3.23 2.58 5.38 5.00 4.85 2.97 6.04 5.46 2.44 3.60 2.66 8.98 5.42 7.09 2.38 3.64 0.00 3.87 3.29 0.00 4.10 6.34 3.39 3.89 3205983
3.30 2.19 4.40 2.46 3.87 2.73 3.04 3.64 2.93 3.00 3.79 7.39 4.07 3.14 6.12 5.98 0.00 3.87 5.11 8.79 3.43 6.38 5.39 3.25 0.00 3.83 0.00 0.00 3.80 5.07 3.63 3.52 3219073
3.65 2.75 4.97 2.57 3.26 2.45 3.09 3.34 4.51 3.98 2.48 2.54 4.66 2.56 4.98 6.05 2.69 3.45 6.16 3.69 5.11 6.35 3.64 3.51 0.00 3.67 5.07 5.72 3.86 6.24 2.70 3.78 3232163
3.29 2.31 4.78 2.64 2.99 2.80 2.99 3.85 2.40 2.36 2.73 2.94 3.94 3.87 6.18 5.33 2.39 3.57 3.91 2.46 5.22 6.26 4.75 4.04 0.00 3.65 4.21 0.00 3.10 2.87 3.89 3.24 3245253
3.10 2.57 2.35 2.35 4.12 2.32 2.41 4.18 2.68 2.25 2.15 2.51 3.41 2.73 5.01 3.55 2.05 2.75 2.58 2.46 4.13 5.73 3.59 3.27 0.00 3.77 4.30 0.00 5.24 4.05 3.08 3.83 3258343
2.72 2.83 2.98 2.37 2.74 2.75 2.54 2.05 2.81 2.22 2.42 2.59 4.20 2.77 2.21 2.59 2.26 3.21 2.93 3.08 2.10 5.80 2.29 3.79 0.00 3.53 4.03 0.00 4.78 3.42 2.81 3.82 3271433
3.91 2.71 2.75 2.63 3.43 2.54 2.45 2.15 2.85 2.38 2.48 3.47 3.13 3.13 2.55 2.25 2.32 3.11 2.26 0.00 2.19 5.06 2.90 2.31 0.00 3.60 4.03 0.00 2.92 2.29 3.59 2.45 3284523
3.65 2.58 3.81 2.17 2.91 2.32 2.34 2.41 2.45 2.31 2.36 2.31 4.23 2.77 3.31 3.15 2.02 2.33 2.95 2.67 3.60 0.00 3.85 3.34 0.00 3.52 2.29 2.72 2.32 3.74 2.31 2.84 3297613
3.14 2.22 3.32 2.35 2.55 2.35 2.34 2.23 2.21 2.37 2.68 2.39 2.19 3.07 2.74 2.98 2.21 2.75 4.57 2.33 4.31 5.24 2.70 2.37 0.00 3.03 3.31 0.00 3.14 2.57 3.72 3.42 3310703
2.25 2.62 3.44 2.87 3.55 2.27 2.31 2.19 2.68 2.38 2.40 2.10 0.00 2.20 3.13 2.39 2.27 3.67 2.56 2.65 3.05 0.00 2.46 2.20 0.00 3.22 2.37 0.00 2.41 2.58 2.64 4.34 3323793
3.16 2.61 2.40 2.52 2.44 2.17 2.30 2.31 2.92 2.66 2.08 2.64 2.75 2.56 3.42 3.61 2.42 2.88 2.39 2.60 2.73 2.13 2.36 2.76 0.00 2.75 2.22 2.17 2.50 2.75 2.32 4.46 3336883
3.68 2.80 2.24 2.30 2.53 2.37 2.53 2.16 2.73 2.99 3.05 2.17 2.14 2.81 2.23 2.53 2.13 3.40 2.19 2.11 2.29 0.00 2.46 2.16 0.00 3.13 2.85 2.87 2.63 2.42 2.29 4.31 3349973
4.73 3.07 3.66 2.68 3.05 2.45 2.58 2.67 2.25 2.69 2.17 3.02 2.41 2.50 3.55 2.77 2.12 2.51 2.60 2.66 2.15 0.00 2.19 2.43 0.00 2.19 2.14 2.29 3.32 2.77 2.81 2.56 3363063
2.74 2.61 2.98 2.85 3.00 2.68 2.43 2.93 2.51 2.28 2.42 2.20 2.31 2.35 3.07 2.69 2.06 2.42 2.37 2.79 2.27 0.00 2.45 2.49 0.00 3.50 3.92 0.00 2.75 2.53 2.75 2.62 3376153
2.55 2.42 2.47 2.60 2.31 2.83 2.23 3.02 2.84 2.17 2.51 2.26 2.51 3.08 3.01 2.75 2.72 2.50 2.70 3.52 2.20 2.23 2.42 2.43 0.00 3.35 2.69 0.00 2.43 2.42 2.61 2.13 3389243
2.35 2.27 2.49 2.44 2.78 2.48 2.37 2.32 2.34 2.26 2.30 2.48 2.64 2.40 2.65 2.80 0.00 3.50 2.68 2.35 2.77 2.39 2.33 2.11 0.00 3.20 2.77 0.00 2.65 2.67 3.33 2.54 3402333
3.07 2.47 2.26 2.34 3.55 2.40 2.20 3.35 2.39 2.22 2.25 2.47 2.18 2.82 2.51 3.12 2.18 2.99 2.28 3.80 2.64 3.06 2.99 2.43 0.00 2.68 2.62 2.25 2.33 2.59 2.76 3.36 3415423
2.99 2.36 2.45 2.09 4.81 3.08 2.84 2.44 2.19 2.28 2.44 3.25 2.58 2.46 0.00 3.16 2.17 2.48 2.63 2.88 2.61 0.00 3.00 2.06 0.00 2.19 2.84 0.00 2.62 2.31 2.37 2.34 3428513
2.98 2.20 2.15 2.14 3.28 2.37 2.29 2.21 2.43 2.51 2.46 2.54 2.46 2.30 2.65 2.67 2.82 2.45 2.39 2.15 2.21 0.00 2.46 2.20 0.00 2.49 2.40 2.32 3.15 2.70 2.58 3.83 3441603
2.96 2.30 3.05 2.16 3.91 2.16 2.99 2.59 2.39 2.43 2.45 2.34 2.28 2.49 2.44 2.93 2.67 2.45 2.33 2.57 2.94 2.88 3.07 2.41 0.00 2.93 2.26 2.70 2.49 2.34 2.32 3.78 3454693
3.25 2.49 2.49 2.45 2.55 2.80 2.92 3.03 2.10 2.35 2.60 2.56 2.55 2.37 0.00 2.17 2.06 2.85 2.39 2.22 2.71 2.21 2.49 2.57 0.00 2.62 2.44 2.67 2.42 3.27 3.19 5.13 3467783
2.61 2.50 2.62 2.91 2.27 2.30 2.64 2.28 2.51 2.43 2.40 2.87 2.46 2.81 3.04 2.46 2.11 2.60 2.23 2.39 2.24 0.00 2.15 2.55 0.00 3.13 2.31 2.28 2.27 2.87 2.41 4.99 3480873
2.57 2.56 2.41 2.36 2.98 2.12 2.88 2.44 2.52 2.32 2.33 3.39 2.87 3.27 2.36 2.78 2.16 2.84 2.95 2.24 2.19 2.68 2.54 2.70 0.00 2.59 2.35 2.26 2.21 3.58 2.68 2.49 3493963
2.91 2.42 2.09 2.43 2.20 2.12 2.11 2.37 2.38 2.63 2.53 2.34 2.49 2.59 4.62 2.58 2.56 2.59 2.51 2.71 3.24 0.00 2.18 2.22 0.00 2.71 2.80 2.47 2.88 2.52 2.42 2.48 3507053
2.33 2.33 2.33 2.11 2.34 2.51 2.52 2.22 2.25 2.44 2.56 3.14 2.31 2.34 2.62 3.49 2.28 2.69 2.48 2.26 2.22 2.01 2.27 2.70 0.00 2.65 2.60 2.02 2.35 2.44 2.21 2.09 3520143
3.61 2.69 2.54 2.47 3.12 2.58 2.47 2.31 2.61 2.15 2.59 2.60 2.68 3.11 3.62 2.64 2.11 2.37 2.35 3.04 2.46 3.94 2.53 2.21 0.00 2.94 2.40 2.58 2.42 2.87 2.57 2.03 3533233
2.71 2.17 3.40 2.82 2.17 2.98 2.97 2.52 2.58 2.86 3.20 3.37 2.92 2.40 2.23 3.40 2.51 2.59 2.55 3.25 3.17 0.00 2.69 0.00 0.00 2.33 2.46 2.37 2.22 3.10 2.53 4.26 3546323
3.03 2.66 3.03 2.36 2.71 2.18 2.25 2.69 2.59 2.66 2.52 4.24 2.34 2.18 3.21 3.21 2.63 2.21 2.60 2.51 2.21 3.04 2.46 2.61 0.00 3.37 2.45 0.00 2.78 3.01 2.92 2.28 3559413
2.62 2.41 4.08 2.79 2.82 2.65 2.73 2.69 3.04 2.26 2.27 3.08 2.85 2.75 2.43 2.45 2.67 3.03 2.43 3.19 2.30 0.00 2.12 2.27 0.00 2.07 2.61 2.23 2.48 3.21 2.42 4.37 3572503
3.17 2.47 2.76 2.26 2.17 2.49 2.13 3.55 2.34 2.19 2.30 2.72 2.38 2.86 2.77 2.39 2.88 2.99 2.49 4.14 2.55 0.00 2.22 2.62 0.00 3.63 2.69 2.22 2.95 2.57 2.55 3.83 3585593
2.37 2.22 2.17 2.78 3.48 2.32 2.21 2.36 2.32 2.18 3.41 3.24 2.56 2.62 2.83 2.55 2.22 2.54 2.37 2.25 2.46 2.76 2.48 2.52 0.00 3.14 3.45 2.17 2.32 2.38 2.41 3.48 3598683
4.33 2.19 3.40 2.61 2.97 2.52 3.11 2.28 2.87 2.33 2.70 2.59 4.10 2.46 2.96 2.52 2.76 2.63 2.52 2.23 2.85 0.00 2.49 2.77 0.00 3.35 2.45 2.14 2.37 2.98 2.67 2.60 3611773
2.69 2.60 2.47 2.63 2.18 2.71 2.78 2.16 2.55 2.08 2.49 2.47 2.37 3.78 4.22 2.52 2.15 2.50 2.34 2.33 2.88 2.43 2.50 2.11 0.00 3.11 2.68 3.03 2.75 2.50 2.81 2.42 3624863
2.76 2.48 3.47 2.98 2.77 2.30 2.43 2.26 2.99 2.48 3.01 3.92 3.19 2.35 2.94 2.27 2.56 2.73 2.62 2.35 3.40 0.00 2.55 2.25 0.00 3.61 2.66 0.00 3.21 2.78 2.83 3.12 3637953
3.37 2.41 3.38 2.44 2.30 2.42 2.44 2.45 2.25 2.41 2.68 3.20 3.83 2.78 2.43 2.16 2.26 2.48 2.40 2.21 2.54 0.00 2.66 2.49 0.00 2.17 2.49 2.20 2.46 2.56 2.24 2.62 3651043
2.97 2.42 3.19 2.13 2.30 2.60 2.36 2.58 2.84 2.51 3.02 2.48 3.40 3.00 0.00 2.17 2.60 2.34 2.57 2.31 2.89 0.00 2.09 2.23 0.00 2.82 3.66 2.74 2.15 2.21 2.85 2.28 3664133
2.53 2.54 2.17 2.48 2.61 2.27 3.36 2.33 2.79 2.41 2.85 2.25 2.61 2.34 2.92 3.49 2.19 2.86 2.37 3.93 2.44 2.77 2.39 2.02 0.00 3.26 2.73 2.36 2.24 2.60 2.37 2.37 3677223
2.66 2.67 2.56 2.18 3.44 2.51 2.22 3.10 3.19 2.30 2.33 3.45 2.88 2.95 3.39 2.79 2.11 2.42 3.12 3.08 2.74 2.72 2.27 2.34 0.00 2.59 2.12 3.94 3.52 2.67 2.90 2.17 3690313
3.03 2.21 2.70 2.58 2.13 2.60 2.92 2.27 2.28 2.39 2.24 2.33 2.51 2.62 2.31 2.32 2.18 3.14 3.77 2.42 3.09 2.85 2.15 2.22 0.00 2.85 2.66 2.97 2.34 2.37 2.56 2.17 3703403
2.80 2.54 2.52 2.45 2.50 2.88 2.91 3.62 2.69 2.60 2.92 2.28 2.46 2.22 2.61 2.16 2.04 2.56 2.93 2.26 2.39 0.00 2.25 2.18 0.00 2.66 2.82 2.93 3.47 2.81 2.42 2.74 3716493
2.27 2.56 3.50 2.93 4.96 3.17 3.00 2.33 2.21 2.61 2.69 3.96 4.26 2.89 8.41 2.68 2.27 2.91 2.79 2.42 2.60 2.85 2.34 2.11 0.00 3.27 2.50 2.45 2.82 2.50 2.31 2.63 3729583
2.55 2.42 3.05 2.80 3.31 2.46 2.67 2.33 2.39 2.40 3.40 0.00 2.79 2.64 7.74 2.24 2.42 2.49 3.64 2.43 2.59 0.00 2.52 2.37 0.00 2.93 2.31 3.44 2.67 2.82 2.22 3.89 3742673
3.37 3.06 2.21 2.12 2.73 2.32 2.63 2.89 2.78 2.38 2.29 2.37 3.86 2.04 2.53 2.60 2.15 2.91 4.27 2.56 2.26 3.34 2.70 2.20 0.00 3.11 3.57 2.99 2.92 3.37 2.56 3.47 3755763
3.95 2.57 4.52 2.32 2.69 3.11 2.99 2.63 2.74 2.61 2.33 4.82 3.88 2.56 2.65 2.41 2.87 3.08 3.09 3.76 2.39 3.62 2.68 2.21 0.00 3.25 3.14 3.99 2.73 2.39 2.75 4.35 3768853
4.12 2.99 4.67 2.34 2.86 2.93 2.17 2.10 2.91 2.21 2.87 5.67 3.22 2.43 2.73 3.05 2.52 2.40 3.16 4.42 2.25 2.28 2.74 2.14 0.00 3.13 3.29 2.77 3.83 2.20 3.28 3.91 3781943
3.94 2.58 4.43 2.27 2.98 2.30 2.70 2.63 2.97 2.21 2.92 3.45 2.71 2.31 2.77 5.99 2.19 2.44 4.02 3.37 2.73 5.85 2.40 2.21 0.00 2.35 3.24 4.46 2.65 2.40 2.49 4.24 3795033
4.01 2.78 3.02 2.20 4.54 2.77 2.72 4.29 2.45 2.80 3.91 3.46 2.89 2.48 3.17 3.47 2.17 2.89 2.92 8.97 2.69 3.07 2.62 2.15 0.00 2.94 2.65 4.17 3.31 4.34 2.84 2.65 3808123
3.82 2.70 4.41 2.30 4.62 4.42 2.89 4.33 2.67 2.57 3.32 2.93 3.75 2.77 8.35 3.05 2.10 3.56 3.18 2.16 2.26 5.40 2.70 2.42 0.00 3.01 2.72 4.17 3.16 3.28 3.47 6.05 3821213
3.87 2.76 4.90 2.33 4.77 2.57 3.33 5.30 2.67 3.04 4.66 5.84 4.12 5.29 2.31 2.75 2.47 2.92 3.96 2.04 2.59 5.42 3.41 2.95 0.00 3.36 3.39 2.93 2.47 3.93 3.62 0.00 3834303
4.08 2.95 3.79 2.73 4.66 4.12 3.76 5.41 3.02 2.55 4.48 4.00 4.70 3.63 0.00 2.51 2.06 3.66 3.09 5.46 3.27 5.45 2.57 2.18 0.00 3.40 2.65 4.05 4.33 2.67 3.92 2.17 3847393
4.01 2.92 4.70 2.41 4.29 3.80 2.82 3.74 2.53 2.91 5.31 5.73 5.78 3.81 8.28 3.52 2.04 2.64 5.22 2.77 5.13 5.36 3.28 2.47 0.00 3.20 3.86 4.34 2.89 3.33 3.30 2.12 3860483
4.17 2.62 4.80 2.33 4.49 4.03 2.80 2.97 2.84 2.93 5.26 5.77 5.52 3.43 6.83 3.12 2.07 3.68 4.52 8.98 3.58 5.85 3.11 2.76 0.00 3.32 3.78 3.78 2.45 3.72 4.85 2.98 3873573
4.10 2.93 4.34 2.27 4.24 3.56 2.56 5.44 3.72 2.59 5.32 6.37 6.09 5.55 7.29 0.00 2.14 3.60 3.15 8.99 3.05 0.00 2.51 2.36 0.00 2.86 3.27 4.13 2.27 3.88 4.19 0.00 3886663
4.15 2.93 4.66 2.76 4.29 4.32 2.86 5.06 3.41 3.69 5.26 5.78 5.79 2.15 8.27 3.55 2.09 2.67 4.07 8.97 3.09 5.39 3.35 0.00 0.00 3.01 2.97 4.08 5.13 6.16 4.25 5.90 3899753
3.97 2.95 4.60 2.47 4.32 3.12 2.06 4.48 3.44 3.00 4.69 5.80 5.95 3.80 8.19 5.10 2.34 3.32 2.46 7.25 4.37 5.73 4.81 0.00 0.00 3.00 2.43 4.05 2.75 5.59 3.97 5.94 3912843
4.38 3.04 4.66 2.39 4.18 4.12 3.61 4.57 2.52 2.87 5.19 5.53 5.75 3.64 8.10 7.99 2.41 3.75 6.39 8.94 2.66 5.48 2.83 2.18 0.00 3.05 3.70 4.10 5.49 2.36 4.90 6.11 3925933
4.33 3.52 4.79 2.65 4.06 3.99 2.90 4.54 3.04 2.88 5.43 5.87 4.49 3.00 8.25 8.13 2.30 3.47 4.42 7.73 3.22 5.43 3.01 2.46 0.00 3.14 3.09 4.70 4.64 5.80 3.47 5.10 3939023
4.39 3.01 4.64 2.67 4.21 3.50 3.26 4.68 3.15 2.60 5.53 5.90 4.10 4.26 8.13 0.00 2.49 2.96 6.39 2.99 5.27 5.36 2.37 2.66 0.00 3.01 3.72 4.09 3.01 2.48 4.70 4.50 3952113
4.35 3.04 4.80 2.56 4.25 3.91 3.27 4.75 3.37 2.30 5.48 5.92 3.57 5.75 4.93 4.70 2.03 3.35 5.63 8.98 3.75 5.82 3.23 2.68 0.00 3.00 4.04 4.07 5.19 3.24 4.04 5.45 3965203
4.21 2.92 4.88 2.55 4.28 3.72 3.95 5.01 2.87 3.08 4.36 5.91 5.27 5.82 7.53 7.81 2.09 3.59 6.39 8.98 2.24 5.38 5.85 3.09 0.00 2.96 3.74 4.34 4.86 6.20 4.53 5.55 3978293
4.19 3.01 4.68 2.53 4.28 3.93 3.41 4.97 2.84 2.15 4.50 5.03 5.32 4.68 7.54 4.99 2.08 2.89 3.68 8.98 4.50 0.00 3.01 4.77 0.00 3.00 3.81 4.30 4.16 6.32 5.11 4.96 3991383
3.74 2.96 4.71 2.77 4.47 3.92 3.26 3.54 3.17 2.81 3.73 6.06 5.48 5.73 7.14 8.16 2.41 3.03 6.65 8.95 5.12 5.42 4.26 2.65 0.00 3.13 3.76 4.19 5.47 3.88 4.70 4.70 4004473
3.79 2.98 4.82 2.33 4.36 3.91 3.42 5.34 2.43 2.37 5.51 6.02 5.31 3.26 7.34 7.80 2.89 3.81 4.85 9.03 3.97 5.62 2.68 2.46 0.00 2.95 3.71 4.27 3.23 4.49 4.99 4.49 4017563
3.84 2.87 4.81 2.81 4.39 4.00 3.14 2.95 3.21 3.60 5.41 6.24 5.32 4.28 7.90 5.65 2.36 3.56 5.78 4.34 4.73 6.03 5.23 3.22 0.00 2.97 3.73 3.81 3.28 6.41 4.71 4.55 4030653
3.85 2.80 4.76 2.98 4.44 4.01 3.24 4.90 2.94 3.63 5.64 5.51 5.26 6.29 7.40 8.00 2.23 3.53 5.64 8.96 4.21 5.39 2.90 3.57 0.00 3.12 3.94 3.99 5.46 6.34 4.53 4.58 4043743
4.01 2.70 4.83 2.49 4.42 3.17 3.51 2.71 2.68 2.75 5.49 6.27 5.81 5.95 7.38 6.63 2.54 3.51 6.27 9.03 4.31 0.00 2.62 5.13 0.00 3.47 3.80 4.12 5.58 6.28 4.35 4.59 4056833
3.70 2.26 4.58 2.44 4.60 3.70 2.83 3.72 3.07 3.23 5.49 6.15 5.59 3.91 0.00 7.84 2.36 3.49 5.38 0.00 4.55 5.27 4.67 3.43 0.00 3.08 3.90 4.16 5.43 6.28 4.84 4.19 4069923
3.84 2.33 5.02 2.61 4.52 3.84 3.45 5.50 2.82 4.05 2.63 6.61 6.18 3.45 7.27 8.25 2.18 3.61 4.83 9.14 4.49 0.00 4.04 3.06 0.00 3.17 3.85 3.99 4.81 6.23 4.34 4.26 4083013
3.82 2.64 4.16 2.62 4.59 4.15 3.58 4.61 3.13 3.70 5.64 6.32 5.40 2.71 7.29 8.03 2.03 3.29 4.34 8.98 4.98 5.22 2.15 0.00 0.00 3.10 3.70 0.00 5.45 6.32 4.29 4.39 4096103
3.69 2.66 4.60 3.02 4.54 4.16 2.88 5.72 3.09 2.72 5.31 6.20 5.35 3.13 7.34 7.61 2.12 3.39 6.78 8.97 4.79 5.43 10.38 3.80 0.00 3.11 3.48 3.92 5.45 5.81 4.37 4.30 4109194
3.80 2.26 2.68 2.37 4.54 4.06 3.32 4.85 2.89 3.24 5.75 6.78 5.37 2.57 7.39 7.59 2.02 3.61 3.66 8.95 4.67 5.30 9.01 3.56 0.00 3.13 3.91 4.05 3.19 6.33 4.03 4.08 4122283
3.71 2.55 3.11 2.89 4.57 4.20 3.26 5.73 2.54 3.45 5.81 6.35 4.56 5.40 7.40 7.73 2.90 3.45 6.56 8.93 4.20 5.27 5.26 4.03 0.00 3.22 3.88 4.15 5.45 6.33 3.93 4.06 4135373
3.56 3.02 5.01 2.69 4.57 3.91 3.24 4.78 3.23 2.73 5.84 6.35 5.31 4.94 7.83 7.41 2.17 3.36 6.37 9.13 4.48 5.34 10.79 3.45 0.00 3.19 3.85 4.14 5.42 6.40 4.25 3.98 4148464
3.57 2.56 4.65 2.28 4.56 3.99 3.31 5.58 3.06 4.01 5.77 6.56 5.37 5.59 6.99 7.47 2.36 3.45 6.47 8.96 4.79 5.25 3.16 2.54 0.00 3.23 3.87 4.18 5.48 6.32 3.99 3.94 4161553
3.83 2.48 4.35 2.37 4.66 4.01 3.55 4.86 3.12 2.99 5.69 6.38 5.56 5.90 7.18 7.39 2.12 3.35 6.74 8.95 4.70 0.00 3.33 3.61 0.00 3.57 3.86 4.46 5.46 6.35 3.76 3.72 4174643
4.36 2.58 4.19 2.75 4.63 3.96 0.00 4.55 3.02 3.60 5.75 6.45 5.64 4.60 7.39 7.32 2.82 3.51 5.65 9.02 4.74 5.14 5.33 3.38 0.00 3.17 3.87 4.13 5.79 6.36 3.67 3.78 4187733
4.54 2.21 4.77 2.21 4.58 3.98 2.71 4.79 3.11 3.47 5.83 6.59 4.99 3.67 7.06 7.26 2.40 3.46 5.97 9.51 4.80 0.00 2.07 4.87 0.00 3.48 3.91 3.93 5.48 6.44 3.70 3.88 4200823
4.58 2.78 4.80 2.92 4.70 3.99 3.56 4.77 3.22 3.57 5.75 6.51 0.00 4.91 6.95 7.33 2.92 4.08 6.23 8.95 4.89 5.20 2.56 4.97 0.00 3.31 3.83 4.17 5.66 6.46 3.55 3.89 4213913
4.85 2.80 4.71 3.12 4.66 3.99 3.47 4.48 3.21 2.94 5.87 6.66 5.14 5.73 6.79 7.13 2.75 3.40 6.78 8.96 4.89 5.08 8.65 2.61 0.00 3.23 3.93 4.14 5.60 6.39 3.76 3.75 4227003
4.60 2.77 4.63 2.85 4.70 4.03 3.03 3.28 2.64 2.68 5.97 6.55 4.92 5.64 6.80 7.12 2.91 3.39 6.51 8.94 4.69 5.34 10.26 4.58 0.00 3.11 3.93 4.34 5.69 6.34 3.84 3.75 4240094
4.91 2.86 4.77 2.80 4.79 3.93 3.38 4.37 3.06 3.82 5.78 6.90 4.86 5.61 6.69 7.20 2.49 3.38 6.41 8.98 4.72 0.00 10.22 4.60 0.00 3.59 3.86 4.23 5.54 6.36 3.70 3.88 4253184
4.32 2.92 4.71 3.17 4.65 3.94 3.34 4.26 3.16 2.83 5.77 6.70 4.83 5.65 0.00 6.81 2.55 3.01 6.35 8.93 4.69 5.18 10.97 4.61 0.00 3.24 3.92 4.09 5.64 6.25 4.03 0.00 4266274
4.61 2.79 4.76 3.02 4.81 3.91 0.00 4.17 3.11 3.84 5.88 6.63 4.80 5.59 7.22 7.11 2.07 3.40 6.35 8.91 4.88 5.82 10.37 4.59 0.00 3.15 3.89 4.01 5.60 6.26 3.47 3.75 4279364
4.47 2.89 4.69 3.07 4.72 3.86 3.49 4.17 3.14 3.81 6.27 7.30 4.79 5.67 0.00 6.79 0.00 3.37 5.99 8.93 4.90 5.15 10.28 0.00 0.00 3.46 3.92 4.20 5.58 6.96 3.62 3.75 4292454
4.39 2.91 4.75 3.16 4.63 3.89 3.50 4.10 3.13 3.52 5.92 6.65 4.78 5.56 6.68 6.98 2.86 3.38 6.40 8.95 4.68 5.04 9.95 4.91 0.00 3.84 3.91 4.00 5.69 6.46 3.40 3.77 4305543
4.52 2.54 5.18 2.94 4.54 3.88 3.51 3.91 3.14 3.82 6.08 6.69 4.75 5.48 6.63 6.74 0.00 3.40 6.56 8.95 4.70 5.06 10.07 4.14 0.00 3.13 3.92 4.40 5.78 6.51 3.44 3.82 4318634
4.51 2.92 4.98 2.85 4.63 3.85 3.05 3.82 3.14 3.74 6.14 7.29 0.00 5.56 7.28 6.91 2.16 3.53 6.59 8.95 4.70 5.31 10.16 5.42 0.00 3.15 3.87 3.87 5.60 6.91 3.50 3.95 4331724
4.60 2.92 4.87 2.85 4.71 3.94 0.00 3.92 3.10 3.61 6.19 7.09 4.91 5.47 6.91 6.90 2.14 3.54 6.45 8.92 4.70 5.26 10.23 0.00 0.00 3.22 3.89 3.93 5.58 6.56 3.67 3.81 4344814
4.73 2.91 4.83 2.92 4.76 3.91 3.28 3.86 3.20 3.31 6.10 6.68 4.87 5.35 6.73 6.79 2.11 3.78 6.31 8.93 5.26 0.00 10.11 5.24 0.00 3.23 3.87 4.33 5.72 6.34 3.56 3.83 4357904
4.65 2.90 4.75 3.00 4.60 3.97 3.76 3.88 3.13 3.75 5.95 6.91 4.98 5.33 7.14 6.74 0.00 3.32 6.59 8.98 4.75 5.15 10.45 0.00 0.00 3.30 3.85 4.31 5.65 6.96 3.53 3.85 4370994
4.92 2.80 4.66 3.71 4.53 3.97 2.99 3.70 3.19 3.71 6.18 6.68 4.50 5.46 7.28 6.82 2.79 3.52 6.57 8.93 5.34 5.16 10.25 4.06 0.00 3.29 3.91 4.03 5.69 6.47 3.56 3.91 4384084
4.93 2.95 4.79 3.11 4.75 3.93 3.15 3.88 3.18 3.83 6.03 6.78 4.69 5.53 6.77 6.74 2.57 3.48 6.62 8.94 4.64 0.00 10.18 4.43 0.00 3.17 3.87 3.89 5.74 0.00 3.46 3.92 4397174
4.71 2.94 5.38 2.85 4.66 4.08 0.00 3.68 3.06 3.78 6.06 0.00 4.77 5.57 6.66 6.75 0.00 3.47 6.52 8.94 4.70 5.05 10.53 5.21 0.00 3.32 3.87 4.31 6.05 6.32 3.55 3.95 4410264
4.89 2.91 5.05 2.89 4.63 3.84 3.28 3.58 3.14 3.73 6.38 6.76 4.82 5.39 6.57 6.79 2.35 3.68 6.36 8.96 4.93 5.57 10.13 4.48 0.00 3.25 3.86 4.42 5.58 6.40 3.42 3.76 4423354
5.00 2.97 5.24 2.91 4.73 4.15 3.74 3.63 3.11 2.82 6.07 7.42 4.57 5.39 6.86 6.68 2.64 3.80 6.92 8.95 4.61 5.25 10.29 4.46 0.00 3.28 3.87 3.99 5.70 6.86 3.54 0.00 4436444
5.07 3.04 0.00 3.40 4.67 4.18 3.73 3.56 3.20 2.75 6.18 7.02 4.49 5.40 6.66 6.98 2.03 3.52 6.88 8.94 4.63 4.97 9.75 4.00 0.00 3.25 3.87 4.25 5.87 6.41 3.42 3.73 4449533
5.08 3.03 5.62 3.01 4.79 4.28 3.32 3.41 3.11 3.64 6.18 7.10 4.46 5.28 6.56 6.71 2.65 3.44 6.44 8.93 4.69 5.14 10.22 5.68 0.00 3.27 3.91 3.90 5.69 7.09 3.41 3.79 4462624
5.09 3.00 0.00 3.08 4.75 4.33 3.32 3.30 3.18 3.70 6.51 6.83 4.44 5.38 6.58 6.65 0.00 3.54 6.61 8.94 4.59 5.00 10.23 4.26 0.00 3.18 3.85 3.93 5.62 6.40 3.40 3.71 4475714
0.00 3.02 4.73 2.74 4.80 4.36 3.65 3.34 3.23 3.57 6.10 6.81 4.58 5.28 6.45 6.61 0.00 3.43 6.75 8.92 5.02 0.00 9.97 4.72 0.00 3.97 3.88 4.07 5.58 6.38 3.47 3.76 4488803
5.31 3.04 5.05 3.41 4.88 4.53 3.45 3.33 3.12 3.82 6.18 6.92 4.53 5.15 6.31 7.23 0.00 3.34 6.76 8.94 4.66 4.92 10.21 3.93 0.00 3.49 3.89 4.35 5.69 6.39 3.48 4.07 4501894
5.27 3.00 0.00 3.11 4.90 4.47 3.22 3.31 3.17 3.75 6.19 6.94 4.81 5.48 6.39 6.79 2.39 3.19 6.70 8.94 4.58 5.18 10.15 5.55 0.00 3.25 4.00 4.17 5.58 6.84 3.59 3.70 4514984
5.71 2.96 0.00 2.64 5.01 4.46 3.30 3.37 3.13 3.25 6.09 7.20 4.48 5.13 6.21 6.52 0.00 3.41 6.52 8.95 4.64 4.94 10.31 4.26 0.00 3.60 3.91 4.41 5.76 6.28 3.41 3.83 4528074
5.29 2.90 5.14 2.59 4.94 4.56 3.46 3.27 3.28 3.94 6.40 7.09 4.51 5.26 6.31 6.69 2.48 3.41 6.57 8.95 4.60 5.09 7.68 4.60 0.00 3.27 3.89 3.95 5.60 6.36 3.47 3.71 4541163
5.20 2.99 5.18 2.83 5.04 4.56 3.52 3.41 3.27 3.05 6.43 6.91 4.60 2.90 6.18 0.00 0.00 3.37 6.39 8.92 4.62 5.05 10.49 4.45 0.00 3.31 4.06 4.36 5.61 6.43 3.44 3.84 4554254
5.41 3.03 5.17 3.94 5.07 4.65 3.46 3.19 3.05 3.45 6.57 6.96 4.47 5.01 0.00 6.93 2.45 3.55 6.43 8.93 4.57 5.01 5.02 2.84 0.00 3.19 4.04 4.63 5.68 6.37 3.38 3.85 4567343
5.36 2.94 4.92 2.87 5.14 3.40 3.56 3.21 3.19 4.11 4.41 7.09 4.32 5.01 6.54 6.69 2.88 3.42 0.00 8.94 4.47 0.00 6.66 4.47 0.00 3.20 3.88 4.52 5.73 6.63 3.47 3.82 4580433
5.51 3.02 4.79 3.14 5.32 4.96 3.47 3.08 3.28 3.07 6.42 7.28 4.47 4.95 6.05 6.78 2.44 3.42 6.75 8.96 4.47 4.93 8.64 0.00 0.00 3.40 4.23 4.37 5.69 6.48 3.48 3.97 4593523
5.64 3.01 2.69 2.55 5.42 4.24 3.58 3.32 3.26 4.18 6.39 7.20 4.07 4.98 5.84 6.34 2.70 3.36 6.73 8.93 4.42 0.00 9.90 5.49 0.00 3.33 3.93 4.42 5.68 6.42 3.43 3.78 4606613
5.46 2.96 4.90 2.21 5.42 5.16 3.52 3.18 3.24 3.72 6.75 7.16 4.07 4.54 6.11 7.06 0.00 3.47 6.61 8.97 4.47 4.91 10.11 4.94 0.00 3.36 3.91 4.71 5.72 6.77 3.49 3.74 4619704
5.60 3.07 4.60 2.71 5.24 4.85 3.51 3.14 3.34 3.84 6.17 7.16 3.88 4.96 5.48 6.53 2.81 3.40 6.77 8.94 4.69 5.06 4.93 3.54 0.00 0.00 4.01 4.26 5.85 6.55 3.46 3.84 4632793
5.71 3.04 5.02 2.74 5.07 4.87 2.86 3.28 3.28 3.70 6.45 7.11 4.10 3.50 5.74 6.54 2.18 3.41 6.57 8.97 4.45 5.47 10.72 3.38 0.00 3.29 4.01 4.21 5.76 6.43 3.44 3.86 4645884
5.56 3.11 0.00 2.80 5.05 4.80 3.38 3.29 3.16 2.98 6.48 7.14 3.98 4.74 5.55 6.91 2.88 4.10 6.61 8.99 4.47 5.06 9.12 4.34 0.00 3.53 4.03 4.21 5.67 6.41 3.46 3.79 4658973
5.29 3.00 0.00 2.96 5.04 4.81 2.78 3.45 3.45 4.36 5.86 7.15 4.08 4.70 5.47 6.48 2.56 3.84 6.60 8.93 3.52 5.32 9.17 5.40 0.00 3.28 4.04 4.44 5.72 6.47 3.44 3.88 4672063
5.40 2.99 5.26 2.59 5.18 4.92 3.23 3.48 3.33 4.52 6.76 7.22 3.76 3.73 5.09 6.58 2.76 3.60 6.54 8.95 4.51 4.99 3.87 4.44 0.00 3.23 4.03 5.01 5.73 6.97 3.44 3.85 4685153
5.83 3.04 4.82 3.35 5.17 5.01 3.31 3.52 3.57 3.16 6.58 7.15 4.01 4.53 5.49 6.41 0.00 3.25 6.14 8.95 4.43 4.97 10.60 5.17 0.00 3.87 3.95 5.16 5.72 6.46 3.51 4.12 4698244
0.00 3.13 4.73 2.32 5.30 4.05 3.16 3.38 3.41 3.74 6.50 7.19 3.86 4.05 5.52 6.13 2.03 3.43 6.63 8.96 4.44 0.00 10.76 3.10 0.00 3.27 4.07 4.21 5.81 6.55 3.42 3.80 4711334
0.00 3.03 5.16 2.76 4.63 5.07 2.84 3.32 2.60 4.59 3.85 7.28 4.03 4.48 4.92 4.91 0.00 3.47 6.39 8.99 4.24 4.87 10.24 0.00 0.00 3.38 4.20 4.51 5.79 6.52 3.43 3.70 4724424
0.00 2.87 4.63 3.08 5.53 5.27 2.97 3.31 3.54 4.26 5.55 7.34 3.96 4.58 5.06 5.95 2.83 4.21 6.47 8.95 4.33 4.99 10.80 0.00 0.00 3.28 4.25 4.62 5.66 6.89 3.42 3.99 4737514
0.00 2.80 4.83 3.26 5.45 5.35 2.94 3.39 3.59 4.75 6.37 7.19 4.02 2.57 5.02 5.91 2.04 3.74 4.14 8.91 4.30 5.05 3.39 4.00 0.00 3.26 3.97 4.65 5.73 6.50 3.58 3.79 4750603
0.00 3.07 4.68 3.84 5.61 5.52 2.70 3.44 3.59 4.84 2.41 2.99 4.12 4.41 5.01 5.81 2.02 3.43 6.56 8.93 4.39 4.98 4.52 4.76 0.00 3.92 3.96 4.70 5.78 6.50 3.55 3.94 4763693
0.00 3.11 4.34 2.61 5.74 5.59 2.88 3.30 3.61 4.17 3.65 7.29 3.98 4.40 5.06 5.84 2.49 3.47 6.52 8.91 4.30 5.02 10.21 3.13 0.00 3.28 3.93 4.53 5.75 6.67 3.63 3.75 4776784
0.00 3.07 4.24 3.03 5.69 5.82 2.91 3.41 3.66 4.54 4.94 7.33 4.02 3.05 5.19 5.95 0.00 3.45 7.21 8.95 4.26 5.01 4.61 4.66 0.00 3.30 3.94 4.32 5.72 6.44 3.40 3.97 4789873
0.00 3.04 4.26 3.40 5.84 5.75 2.93 3.41 3.85 3.17 6.11 7.20 4.06 4.48 5.18 5.64 2.71 3.88 6.53 8.96 4.27 5.46 8.95 4.71 0.00 3.28 3.92 4.60 5.75 6.60 3.53 3.79 4802963
2.84 2.99 4.10 3.44 5.72 5.81 2.46 3.27 4.02 4.99 5.69 7.28 4.03 4.59 5.24 5.76 0.00 3.66 6.69 8.93 4.29 0.00 10.27 0.00 0.00 3.38 4.04 5.15 5.75 6.48 3.50 3.82 4816054
0.00 2.98 4.05 2.98 5.87 5.75 2.91 3.27 3.87 4.56 6.27 7.21 4.11 4.58 5.18 5.44 2.07 3.44 6.69 8.95 4.04 5.30 10.20 2.60 0.00 0.00 4.02 4.61 5.74 6.55 3.56 3.77 4829144
0.00 3.02 3.95 2.75 5.77 5.55 2.76 3.34 4.04 4.12 6.44 7.23 4.05 4.66 5.20 5.67 0.00 3.47 6.47 8.93 4.03 4.86 0.00 5.15 0.00 3.26 4.05 0.00 5.64 6.55 3.48 3.77 4842233
0.00 2.85 3.97 2.91 5.78 5.46 2.63 3.49 4.16 2.66 6.19 7.35 4.11 4.80 5.38 5.25 0.00 3.41 6.47 8.91 4.03 4.94 10.30 4.47 0.00 3.34 4.07 4.30 5.71 6.47 3.46 3.84 4855324
0.00 2.91 3.93 4.55 5.63 5.54 2.68 3.39 4.24 4.72 6.14 7.77 4.28 4.64 5.27 5.25 0.00 3.52 5.63 8.92 4.03 4.94 10.63 5.13 0.00 3.26 4.06 4.59 5.70 6.60 3.61 3.74 4868414
0.00 2.96 4.05 3.00 5.67 5.56 2.61 3.55 4.43 5.06 6.22 7.22 4.16 4.66 5.12 5.18 2.09 3.50 6.68 8.94 4.11 4.91 10.71 0.00 0.00 0.00 4.08 4.67 5.65 6.58 3.51 3.71 4881504
0.00 3.52 4.12 2.47 5.68 5.48 2.70 3.65 4.18 3.91 6.37 7.34 4.79 4.77 5.14 5.19 2.82 3.34 6.51 8.98 4.14 4.87 10.64 0.00 0.00 3.27 4.01 4.53 5.79 6.52 3.70 3.76 4894594
0.00 2.94 4.01 5.55 5.67 5.46 2.65 3.43 4.32 5.10 6.34 7.94 4.20 4.86 5.10 5.16 2.59 3.56 6.64 8.96 3.92 5.53 10.71 5.45 0.00 3.29 4.04 4.72 5.78 6.56 3.49 0.00 4907684
0.00 2.97 4.09 5.41 5.74 5.48 2.65 3.44 4.12 5.14 6.18 7.58 4.25 4.86 5.13 5.46 2.78 3.43 6.60 8.88 3.95 5.61 10.66 4.39 0.00 3.27 4.10 4.72 5.72 6.48 3.43 4.26 4920774
0.00 3.05 4.04 5.34 5.91 5.38 2.58 3.50 4.14 5.13 6.18 7.28 4.18 5.06 5.12 5.29 0.00 3.45 6.54 8.92 3.91 4.98 10.63 5.15 0.00 3.32 4.07 4.38 5.93 6.55 3.42 3.78 4933864
0.00 3.01 3.90 5.39 5.81 5.62 2.65 3.53 4.14 5.10 6.21 7.31 4.75 5.05 5.14 5.30 2.12 3.51 6.73 8.93 3.88 4.97 10.53 4.79 0.00 3.33 3.97 4.47 5.74 6.65 3.43 3.88 4946954
0.00 3.10 3.85 3.57 5.83 5.50 2.70 3.64 4.27 5.15 6.24 7.30 4.26 5.01 5.22 5.20 0.00 3.49 6.42 8.93 4.03 4.87 10.67 4.60 0.00 3.29 3.96 4.63 5.75 6.53 3.41 3.75 4960044
0.00 3.08 3.80 3.52 5.81 5.47 2.54 3.59 4.32 5.13 6.29 7.25 4.28 4.93 5.11 5.19 0.00 3.55 6.92 8.95 3.89 0.00 10.55 5.21 0.00 3.28 3.99 4.83 5.82 6.67 3.47 3.73 4973134
0.00 2.93 3.85 3.00 5.68 5.50 2.61 3.64 4.30 5.27 6.39 7.65 0.00 4.95 5.14 5.14 0.00 3.50 6.39 8.94 3.81 0.00 10.40 4.67 0.00 3.32 3.98 4.95 5.74 6.58 3.44 3.73 4986224
0.00 3.04 3.84 3.51 5.79 5.51 2.71 3.69 4.33 5.19 0.00 7.65 4.16 4.98 5.09 5.18 2.36 3.56 6.44 8.95 3.84 0.00 8.05 0.00 0.00 3.30 3.99 4.50 5.79 6.52 3.42 3.79 4999313
0.00 2.97 3.86 5.26 6.37 5.51 2.52 3.66 4.16 5.25 6.15 7.37 0.00 4.95 5.92 5.19 2.57 3.53 6.43 8.96 3.90 4.97 10.61 0.00 0.00 3.28 4.00 4.61 5.93 7.22 3.43 3.80 5012404
0.00 3.07 3.88 5.09 5.68 5.56 2.61 3.60 4.17 5.23 6.25 7.27 4.65 5.04 5.20 5.15 2.13 3.44 6.41 8.96 3.92 4.77 10.41 5.13 0.00 3.28 4.10 4.65 5.77 7.14 3.49 3.76 5025494
0.00 2.93 3.79 4.75 5.61 5.51 2.54 3.55 4.33 5.20 6.23 7.50 4.32 5.06 5.35 5.15 0.00 3.68 6.41 8.95 3.80 4.85 10.49 4.67 0.00 3.30 4.08 4.62 5.73 6.68 3.49 3.88 5038584
0.00 3.08 3.81 5.69 5.66 5.52 2.60 3.70 4.21 5.21 6.68 7.37 4.33 5.03 5.13 5.14 2.14 3.66 6.40 8.93 3.84 4.90 10.51 5.06 0.00 3.31 4.05 4.59 5.72 6.64 3.46 3.74 5051674
0.00 2.96 3.81 5.09 5.69 5.47 2.57 3.58 4.58 5.23 6.24 7.33 4.82 4.96 5.92 5.21 2.09 3.47 6.40 8.95 3.86 0.00 10.55 4.82 0.00 3.30 4.11 4.59 5.69 6.61 3.46 3.79 5064764
0.00 2.96 3.85 5.09 5.78 5.67 2.54 3.86 4.44 5.31 6.16 7.31 4.34 4.99 5.11 5.17 2.01 3.56 6.47 8.97 3.91 5.44 10.70 4.71 0.00 3.30 4.02 4.41 5.75 6.53 3.45 3.71 5077854
0.00 2.96 3.85 5.08 5.71 5.49 2.53 3.72 4.26 5.25 6.76 7.34 4.78 5.00 5.09 5.25 2.14 3.49 6.44 8.96 4.05 0.00 10.40 4.69 0.00 3.28 4.13 4.54 5.69 0.00 3.52 3.72 5090944
0.00 2.92 4.52 5.10 5.84 5.55 2.58 3.67 4.24 5.24 6.21 7.31 4.36 5.03 5.12 5.33 2.02 3.78 6.62 8.95 3.93 0.00 10.40 5.02 0.00 3.29 4.12 4.43 5.76 6.77 3.49 3.78 5104034
0.00 3.07 4.06 5.70 0.00 5.56 2.56 3.61 4.53 5.36 6.13 7.41 4.43 5.00 5.06 5.19 2.22 3.62 6.53 8.95 3.86 4.98 10.40 4.92 0.00 3.27 4.11 4.38 5.83 0.00 3.47 3.79 5117124
0.00 3.01 3.83 0.00 5.74 5.50 2.63 3.57 4.21 5.39 6.46 7.32 4.32 5.11 5.16 5.33 2.05 3.62 6.44 8.94 3.94 5.25 10.37 5.13 0.00 3.28 4.09 4.99 5.73 6.71 3.48 3.74 5130214
0.00 3.81 3.83 5.09 5.62 5.55 2.56 3.69 4.52 5.39 6.27 7.28 4.34 5.02 5.20 5.29 0.00 3.57 7.02 8.95 3.78 4.74 9.66 5.12 0.00 3.29 4.06 4.85 5.69 6.69 3.47 3.80 5143303
0.00 2.99 3.97 0.00 5.85 5.47 2.56 3.68 4.48 5.34 6.25 7.25 4.19 5.12 5.16 5.22 0.00 3.51 6.81 8.95 3.80 5.13 10.56 4.69 0.00 3.29 4.05 5.29 5.73 6.65 3.48 3.75 5156394
0.00 3.04 3.86 0.00 6.08 5.57 2.56 3.57 4.37 5.29 6.31 7.38 4.66 5.09 5.14 5.28 0.00 3.71 7.08 8.94 3.91 4.71 10.46 0.00 0.00 3.29 4.06 4.86 5.69 6.62 3.48 3.74 5169484
0.00 3.04 3.83 5.24 5.67 5.58 2.55 3.57 4.78 5.40 6.37 7.22 4.25 5.34 0.00 5.22 0.00 0.00 7.14 8.94 3.84 4.82 10.39 5.16 0.00 3.29 4.07 4.66 5.71 6.64 3.45 3.74 5182574
0.00 3.10 3.85 5.32 5.71 5.55 2.57 3.57 4.46 5.34 6.35 7.23 4.57 5.19 5.15 5.31 0.00 4.19 6.43 8.94 3.89 0.00 10.43 5.15 0.00 3.28 4.06 4.57 5.74 6.61 3.46 3.77 5195664
0.00 3.08 3.83 5.10 5.70 5.51 2.56 3.68 4.48 5.33 6.08 7.22 4.28 5.11 5.14 5.24 0.00 3.64 6.42 8.95 3.96 5.24 10.39 5.31 0.00 3.29 4.09 4.85 5.69 0.00 3.65 3.74 5208754
0.00 3.08 3.84 5.79 5.81 5.52 2.57 3.56 4.42 5.34 6.34 7.33 4.28 5.01 0.00 5.32 0.00 3.57 6.95 8.95 3.90 4.79 10.69 4.81 0.00 3.29 4.06 4.60 5.98 0.00 3.47 3.77 5221844
0.00 3.03 3.83 5.13 5.85 5.54 2.57 3.58 4.25 5.36 6.17 7.26 4.36 5.02 0.00 5.26 0.00 3.59 6.58 8.96 3.87 0.00 10.22 4.68 0.00 3.30 4.06 4.53 5.72 6.74 3.47 3.77 5234934
0.00 3.02 4.00 0.00 5.60 5.53 2.56 3.58 4.25 5.40 6.16 7.27 4.42 5.21 5.12 5.29 0.00 3.71 6.43 8.94 3.93 5.03 10.40 4.67 0.00 3.29 4.09 4.53 5.76 0.00 3.46 3.76 5248024
0.00 3.01 3.89 0.00 5.72 5.56 2.55 3.58 4.40 5.33 6.09 7.27 4.23 5.02 5.58 5.33 0.00 3.50 6.77 8.93 3.92 5.23 10.07 5.30 0.00 3.29 4.08 4.41 5.81 0.00 3.46 3.71 5261114
0.00 3.00 4.54 0.00 5.62 5.61 2.56 3.58 4.43 5.36 6.09 7.28 4.25 5.04 5.80 0.00 0.00 3.47 6.92 8.94 4.06 4.89 10.40 4.68 0.00 3.29 4.07 4.56 5.80 6.49 3.46 3.70 5274204
0.00 2.97 3.85 0.00 5.61 5.54 2.55 3.62 4.40 5.44 6.35 7.31 4.26 5.05 5.08 5.45 0.00 3.50 6.92 8.96 3.89 4.91 10.67 5.19 0.00 3.28 4.07 4.54 5.77 6.50 3.47 3.75 5287294
0.00 3.04 3.89 0.00 5.68 5.55 2.56 3.60 4.28 5.40 6.17 7.34 4.33 5.01 5.44 0.00 0.00 3.66 6.43 8.95 3.87 4.85 10.56 4.68 0.00 3.28 4.08 4.28 5.93 6.50 3.48 3.73 5300384
0.00 3.00 3.88 0.00 5.67 5.54 2.57 3.63 4.31 5.40 6.17 7.23 4.34 5.01 5.12 5.34 0.00 3.45 7.05 8.96 3.96 0.00 10.56 5.31 0.00 3.29 4.05 4.57 5.76 6.58 3.47 3.68 5313474
0.00 2.97 3.87 0.00 5.63 5.54 2.57 3.63 4.41 5.39 6.28 7.36 4.40 5.30 5.32 5.26 2.02 3.56 6.56 8.94 3.83 4.80 10.66 4.83 0.00 3.29 4.06 0.00 5.80 6.49 3.46 3.69 5326564
0.00 3.02 3.87 0.00 6.42 5.53 2.57 3.60 4.46 5.39 6.94 7.27 4.40 5.07 0.00 5.31 2.01 3.60 6.58 8.96 3.84 0.00 10.72 0.00 0.00 3.29 4.09 4.56 5.76 6.51 3.46 3.68 5339654
0.00 3.03 3.93 0.00 5.69 5.53 2.55 3.61 4.41 5.39 6.20 7.28 4.40 5.05 0.00 5.32 0.00 3.56 6.42 8.95 3.94 5.18 10.68 0.00 0.00 3.28 4.12 0.00 5.80 6.50 3.45 3.68 5352744
0.00 3.03 3.92 0.00 5.87 5.53 2.56 3.60 4.42 5.42 6.18 7.27 4.38 5.05 5.17 5.32 0.00 3.57 6.44 8.95 3.91 0.00 10.69 0.00 0.00 3.30 4.13 4.59 5.76 6.49 3.46 3.68 5365834
0.00 3.03 3.95 0.00 5.75 5.54 2.54 3.60 4.43 5.40 6.17 7.26 4.39 5.05 5.19 5.32 0.00 3.64 6.57 8.95 3.90 0.00 10.69 4.70 0.00 3.30 4.12 4.57 5.77 6.50 3.45 3.68 5378924
0.00 3.04 3.94 0.00 5.77 5.53 2.54 3.62 4.41 5.40 6.18 7.29 4.35 5.06 0.00 5.32 0.00 3.65 6.23 8.94 3.89 0.00 10.69 4.70 0.00 3.29 4.14 4.57 5.78 6.51 3.46 3.70 5392014
0.00 3.03 4.04 0.00 5.76 5.54 2.56 3.61 4.42 5.40 6.18 7.29 4.40 5.05 5.20 5.32 2.01 3.83 6.30 8.93 3.88 0.00 10.66 4.83 0.00 3.30 4.15 4.57 5.77 6.50 3.46 3.68 5405104
0.00 3.03 3.89 0.00 6.41 5.55 2.55 3.62 4.41 5.40 6.18 7.27 4.40 5.06 5.19 5.31 0.00 3.75 6.60 8.95 3.89 0.00 10.68 4.77 0.00 3.29 4.14 4.57 5.77 6.51 3.46 3.69 5418194
0.00 3.01 3.88 0.00 5.77 5.55 2.56 3.61 4.41 5.40 6.19 7.27 4.39 5.06 5.18 5.32 0.00 3.83 6.30 8.92 3.89 0.00 10.68 4.70 0.00 3.29 4.15 4.58 5.76 6.51 3.45 3.67 5431284
0.00 3.01 3.89 0.00 5.76 5.54 2.55 3.62 4.42 5.39 6.18 7.28 4.29 5.06 5.17 5.32 0.00 3.80 6.34 8.92 3.89 0.00 10.65 4.72 0.00 3.30 4.10 4.58 5.78 6.51 3.46 3.68 5444374
0.00 3.04 3.90 0.00 5.77 5.54 2.56 3.62 4.42 5.41 6.19 7.29 4.29 5.07 5.19 5.30 0.00 3.78 6.35 8.74 3.90 0.00 10.48 4.70 0.00 3.30 4.05 4.57 5.78 6.50 3.45 3.69 5457464
0.00 3.02 3.89 0.00 5.67 5.54 2.56 3.63 4.41 5.40 6.19 7.28 4.30 5.07 5.20 5.31 0.00 3.79 6.37 8.93 3.88 0.00 10.42 4.70 0.00 3.31 4.05 4.58 5.77 6.50 3.45 3.68 5470554
0.00 3.03 3.90 0.00 5.69 5.54 2.55 3.63 4.42 5.39 6.18 7.28 4.29 5.07 5.20 5.32 0.00 3.78 6.33 8.92 3.90 0.00 10.42 4.68 0.00 3.30 4.04 4.57 5.78 6.50 3.45 3.68 5483644
0.00 3.04 3.90 0.00 5.69 5.53 2.56 3.64 4.42 5.39 6.19 7.28 4.28 5.07 5.19 5.31 0.00 3.79 6.32 8.93 3.90 5.40 10.42 4.67 0.00 3.30 4.03 4.57 5.79 6.50 3.45 3.68 5496734
0.00 3.02 3.92 0.00 6.09 5.55 2.56 3.62 4.42 5.39 6.18 7.27 4.29 5.05 5.19 5.32 0.00 3.79 6.02 8.94 3.88 0.00 10.41 4.69 0.00 3.29 4.03 4.56 5.79 6.50 3.46 3.68 5509824
0.00 3.04 3.91 0.00 5.68 5.54 2.56 3.64 4.42 5.39 6.18 7.29 4.29 5.05 5.19 5.31 0.00 3.79 6.00 8.94 3.89 0.00 10.41 4.70 0.00 3.30 4.03 4.56 5.77 6.50 3.46 3.68 5522914
0.00 3.03 3.90 0.00 6.36 5.53 2.55 3.65 4.41 5.40 6.17 7.28 4.29 5.06 5.18 5.31 0.00 3.80 6.00 8.94 3.88 0.00 10.42 4.70 0.00 3.30 4.03 4.56 5.77 6.51 3.46 3.69 5536004
0.00 3.04 3.90 0.00 6.36 5.54 2.56 3.67 4.42 5.39 6.18 7.28 4.29 5.06 5.19 5.31 0.00 3.79 6.00 8.94 3.88 0.00 10.41 4.80 0.00 3.30 4.02 4.57 5.77 6.50 3.46 3.68 5549094
0.00 3.04 3.90 0.00 6.37 5.54 2.56 3.67 4.40 5.39 6.17 7.28 4.30 5.06 5.20 5.30 0.00 3.79 5.98 8.94 3.88 0.00 10.41 4.83 0.00 3.30 4.03 4.56 5.77 6.51 3.46 3.68 5562184
0.00 3.04 3.90 0.00 6.37 5.54 2.56 3.68 4.41 5.40 6.18 7.28 4.29 5.07 5.19 5.31 0.00 3.79 6.01 8.93 3.89 0.00 10.42 4.78 0.00 3.30 4.03 4.56 5.78 6.50 3.46 3.68 5575274
0.00 3.03 3.89 0.00 6.36 5.54 2.56 3.68 4.41 5.40 6.17 7.29 4.30 5.06 5.18 5.31 0.00 3.79 6.01 8.94 3.88 0.00 10.41 4.83 0.00 3.30 4.03 4.57 5.77 6.50 3.46 3.68 5588364