0.00 3.08 0.00 0.00 4.55 4.33 3.19 3.95 3.71 4.90 6.72 0.00 4.53 4.65 6.00 6.27 2.39 3.86 6.63 8.62 4.32 5.73 9.82 3.95 6.58 0.00 5.55 4.31 4.24 4.94 6.31 6.51 12121309
0.00 3.08 0.00 0.00 4.57 4.32 3.20 3.97 3.70 4.90 6.72 0.00 4.53 4.66 6.01 6.26 2.39 3.88 6.55 8.68 4.32 5.74 9.82 3.95 6.59 0.00 5.56 4.31 4.22 4.95 6.30 6.51 12134399
0.00 3.08 0.00 0.00 4.56 4.31 3.20 3.96 3.70 4.89 6.73 0.00 4.53 4.66 6.01 6.26 2.25 3.91 6.56 8.71 4.32 5.73 9.81 3.94 6.58 0.00 5.55 4.34 4.33 4.95 6.31 6.51 12147489
0.00 3.08 0.00 0.00 4.56 4.32 3.19 3.97 3.71 4.90 6.72 0.00 4.54 4.66 6.00 6.27 2.19 3.91 6.61 8.86 4.32 5.74 9.83 3.95 6.59 0.00 5.54 4.38 4.34 4.95 6.30 6.51 12160579
0.00 3.09 0.00 0.00 4.56 4.31 3.20 3.97 3.69 4.89 6.73 0.00 4.55 4.66 6.00 6.25 2.15 3.92 6.49 8.88 4.32 5.74 9.83 3.95 6.58 0.00 5.55 4.38 4.32 4.94 6.30 6.50 12173669
0.00 3.09 0.00 0.00 4.55 4.29 3.20 3.96 3.70 4.89 6.71 0.00 4.53 4.66 5.99 6.26 2.13 3.95 6.34 9.02 4.33 5.73 9.84 3.93 6.59 0.00 5.55 4.37 4.33 4.93 6.30 6.51 12186759
0.00 3.08 0.00 0.00 4.56 4.14 3.19 3.95 3.71 4.90 6.72 0.00 4.51 4.70 6.05 6.26 2.16 3.95 6.59 8.67 4.32 5.73 10.28 3.95 6.58 0.00 5.55 4.38 4.33 4.95 6.29 6.51 12199850
0.00 3.09 0.00 0.00 4.55 4.14 3.20 3.96 3.70 4.89 6.70 0.00 4.49 4.71 6.04 6.27 2.14 3.94 6.69 8.67 4.33 5.73 9.81 3.91 6.59 0.00 5.55 4.38 4.32 4.95 6.29 6.51 12212939
0.00 3.08 0.00 0.00 4.56 4.12 3.20 3.95 3.70 4.89 6.73 0.00 0.00 4.75 5.64 6.34 2.15 3.95 6.57 8.64 4.34 0.00 9.80 3.92 6.58 0.00 5.56 4.38 4.33 4.95 6.31 6.40 12226029
4.68 3.07 0.00 0.00 4.57 4.19 3.20 3.93 3.72 4.89 6.97 0.00 0.00 4.65 5.63 6.59 2.21 3.94 6.61 9.01 4.31 0.00 9.79 3.96 6.58 0.00 5.55 4.37 4.32 4.97 6.35 6.49 12239119
4.10 3.08 0.00 0.00 4.57 4.12 3.20 3.94 3.73 4.91 6.79 8.12 3.86 4.66 5.45 6.59 2.36 3.93 6.27 8.82 4.33 0.00 9.82 3.97 6.56 0.00 5.55 4.38 4.23 4.96 6.33 6.50 12252209
4.03 3.08 0.00 0.00 4.62 4.10 3.19 3.95 3.74 4.89 6.80 7.51 3.94 4.68 5.48 6.43 2.45 3.93 6.98 8.78 4.32 0.00 10.98 3.98 6.60 0.00 5.53 4.36 4.30 5.03 6.39 7.15 12265300
4.20 3.07 0.00 0.00 4.52 4.09 3.19 3.91 3.74 4.89 6.66 0.00 3.89 4.65 5.42 6.27 2.46 3.96 6.35 9.10 4.33 5.49 0.00 0.00 6.60 4.72 5.53 4.37 4.37 4.96 6.37 6.48 12278389
4.07 3.07 0.00 0.00 4.55 4.22 3.19 3.91 3.77 4.90 6.74 0.00 3.88 4.67 5.50 6.31 2.49 3.93 6.43 9.46 4.41 5.30 10.32 5.04 6.75 4.83 5.51 4.39 4.31 4.92 6.43 6.49 12291480
4.00 3.07 0.00 0.00 4.57 4.10 3.19 4.16 3.74 4.93 6.80 7.60 0.00 4.66 6.28 6.39 2.46 3.91 6.27 0.00 4.30 0.00 10.37 4.25 6.71 4.63 5.55 0.00 4.19 5.14 6.50 6.36 12304570
3.96 3.10 0.00 0.00 4.55 4.11 3.19 3.91 3.70 4.89 6.68 0.00 4.18 4.72 5.37 6.24 2.37 3.92 6.14 8.84 4.43 0.00 10.94 3.99 6.84 4.65 5.53 5.13 4.10 4.93 6.36 0.00 12317660
4.69 3.00 0.00 3.37 4.62 4.14 3.18 4.60 3.75 4.96 6.80 7.61 3.88 4.77 5.48 6.59 2.36 3.89 6.25 8.66 5.21 5.03 10.97 0.00 6.44 4.67 5.55 4.32 4.11 4.84 6.36 0.00 12330750
4.26 3.03 0.00 3.38 4.54 4.15 3.20 4.06 3.78 5.07 6.87 8.17 3.91 4.64 5.45 6.66 0.00 3.92 6.41 8.72 4.33 0.00 9.78 0.00 6.61 4.76 5.48 4.44 4.11 5.11 6.32 6.58 12343839
3.95 3.05 0.00 3.36 4.56 4.12 3.20 3.99 3.77 4.99 6.76 7.58 3.87 4.74 5.49 0.00 0.00 3.90 6.50 8.69 5.11 5.73 0.00 3.89 6.77 4.88 5.47 4.80 4.07 4.81 6.42 6.57 12356929
3.99 3.14 0.00 3.22 4.54 4.15 3.19 3.91 3.81 4.91 7.00 7.49 4.02 4.77 5.67 6.92 0.00 3.91 6.10 8.65 4.28 0.00 10.90 5.09 6.85 4.83 5.40 4.12 4.07 5.06 6.39 0.00 12370020
4.08 3.09 5.15 3.34 4.72 4.08 3.20 3.98 3.76 3.79 6.73 0.00 3.79 4.75 5.53 6.21 0.00 3.88 6.58 0.00 4.38 5.47 10.95 0.00 7.07 4.57 5.49 4.54 4.19 4.83 6.39 6.41 12383110
4.17 3.16 0.00 3.34 4.99 4.38 3.20 4.14 3.83 5.02 7.46 7.47 4.54 4.73 5.43 6.31 2.71 3.95 6.60 8.99 4.41 5.33 0.00 5.41 6.62 4.70 5.43 0.00 4.02 5.02 6.44 6.36 12396199
3.96 3.14 0.00 3.17 4.74 4.12 3.20 4.01 3.74 5.05 7.44 7.47 3.86 4.72 5.45 6.30 0.00 3.91 6.36 8.94 4.34 5.11 9.64 5.14 6.73 4.71 5.43 4.44 4.07 4.89 6.34 6.40 12409289
4.00 3.10 0.00 3.35 5.09 4.21 3.21 3.93 3.87 4.91 6.86 7.45 4.33 4.73 5.50 6.20 2.80 3.98 6.55 8.72 4.45 5.82 9.76 5.17 6.70 0.00 5.46 4.07 4.05 5.01 6.30 6.38 12422379
4.00 3.12 0.00 3.34 4.63 4.17 3.20 4.04 3.77 5.03 7.08 7.60 4.22 4.76 5.44 6.45 2.83 3.93 6.75 8.84 4.32 0.00 9.55 5.23 6.47 4.74 5.94 4.19 4.01 4.97 0.00 6.50 12435469
3.96 0.00 0.00 3.28 4.58 4.20 3.21 3.99 3.80 4.91 6.85 7.46 4.18 4.80 5.60 6.21 2.17 4.34 6.70 8.81 4.49 5.19 9.59 5.17 6.67 0.00 5.47 4.15 4.21 4.83 6.41 6.59 12448559
3.97 3.10 0.00 0.00 0.00 4.17 3.20 4.11 3.92 4.94 6.88 7.39 3.97 4.79 5.41 6.20 2.61 3.93 6.45 8.82 4.34 5.23 9.61 5.51 0.00 4.69 5.59 4.15 4.32 4.93 6.42 6.65 12461649
3.98 3.09 0.00 3.38 4.57 4.18 3.19 4.04 3.84 4.96 6.78 7.41 3.94 5.03 5.45 6.21 2.07 3.77 6.16 8.83 4.35 0.00 9.64 0.00 6.80 4.83 5.68 4.11 4.05 4.86 6.76 6.41 12474739
4.04 3.14 0.00 3.37 4.61 4.16 3.19 3.96 3.86 4.99 7.08 0.00 3.89 4.95 5.46 6.29 2.12 3.88 6.51 8.66 4.32 5.27 9.75 0.00 6.65 4.69 5.45 4.36 4.21 4.82 6.42 6.45 12487829
4.01 3.11 0.00 3.21 4.61 4.21 3.18 4.03 3.86 4.98 7.20 7.59 4.23 4.93 5.51 6.24 2.78 3.81 6.20 8.81 4.36 5.42 9.60 0.00 6.62 4.70 5.48 4.45 4.02 4.92 6.36 6.35 12500919
4.04 3.13 0.00 3.42 4.72 4.13 3.19 4.30 3.80 4.91 7.05 7.47 3.97 5.57 5.51 6.28 2.81 3.90 6.54 8.79 4.27 5.23 9.69 5.74 6.82 4.76 5.55 4.43 3.97 4.84 6.35 0.00 12514009
4.05 3.05 0.00 3.15 4.63 4.23 3.19 4.17 4.54 4.93 6.86 7.49 3.90 4.87 5.50 6.29 2.02 3.74 6.42 8.82 4.45 5.80 9.52 5.12 0.00 4.72 5.59 4.53 4.08 4.83 6.32 6.52 12527099
3.99 3.02 0.00 3.37 4.60 4.13 3.18 4.24 3.84 5.01 7.05 7.90 4.31 4.94 5.86 6.32 2.04 3.69 6.54 8.86 4.39 5.23 9.76 5.22 6.78 0.00 5.56 3.81 4.05 4.89 6.28 6.60 12540189
3.96 3.04 0.00 3.39 4.58 4.25 3.19 4.02 3.92 4.94 6.78 7.91 4.08 4.88 5.54 6.28 2.02 3.72 6.51 8.78 4.48 5.44 9.47 0.00 6.70 0.00 5.54 4.57 4.00 4.97 6.41 6.46 12553279
3.98 3.06 0.00 3.34 4.82 4.20 3.19 4.13 3.80 4.99 6.89 0.00 3.90 0.00 5.44 6.28 2.23 3.61 6.53 8.86 4.36 0.00 9.64 5.30 6.72 0.00 5.58 4.14 4.14 4.76 6.26 6.36 12566369
3.95 3.06 0.00 3.35 4.61 4.24 3.18 3.98 4.08 4.97 6.79 7.48 4.21 4.97 5.57 6.20 2.03 3.61 6.33 8.82 5.02 5.21 9.44 5.20 6.53 5.36 5.42 3.74 3.94 4.80 6.42 6.57 12579459
4.05 3.08 0.00 3.38 4.56 4.15 3.18 3.93 4.04 4.99 6.93 7.57 3.94 4.94 5.56 6.30 2.81 3.75 6.90 8.81 4.44 5.17 10.40 5.28 6.61 0.00 5.43 3.85 3.94 4.96 6.28 6.43 12592550
3.99 3.13 0.00 3.39 4.60 4.12 3.18 4.13 4.10 5.04 6.81 7.44 3.93 4.91 5.54 6.25 2.69 4.01 6.78 8.81 4.29 5.71 10.15 5.23 6.78 5.07 5.50 3.77 4.22 4.97 7.08 7.10 12605640
3.98 3.13 0.00 3.36 4.61 4.09 3.18 4.37 3.97 5.15 7.08 7.43 3.99 4.91 0.00 6.20 2.49 3.79 6.94 8.80 4.38 0.00 9.56 5.34 6.86 4.90 5.43 3.86 4.07 5.26 6.34 6.46 12618729
3.96 3.14 0.00 3.37 4.99 4.10 3.19 4.28 4.01 5.08 6.95 7.53 3.99 4.83 5.69 6.32 2.67 3.95 6.19 8.85 4.48 5.30 9.76 5.12 6.66 4.90 5.52 4.06 4.04 4.99 6.50 0.00 12631819
4.00 3.13 0.00 3.25 4.63 4.15 3.18 4.07 3.76 4.94 6.76 0.00 4.24 4.88 5.53 6.31 2.83 3.99 6.89 8.87 4.56 5.49 9.41 5.33 0.00 4.81 5.55 3.74 3.99 4.94 6.32 6.41 12644909
4.43 2.96 0.00 3.18 4.59 4.14 3.19 4.06 3.78 4.91 6.88 7.51 3.97 4.94 5.60 6.33 2.84 3.78 6.92 8.86 4.53 0.00 9.78 5.21 7.12 5.47 5.44 3.89 3.96 4.94 6.29 6.37 12657999
4.61 3.14 0.00 3.25 4.61 4.12 3.19 3.93 4.21 4.94 7.27 7.66 4.60 4.92 5.50 6.25 2.74 3.99 6.21 8.84 4.45 5.38 9.56 5.01 6.45 4.67 5.45 3.77 3.98 4.93 6.33 6.41 12671089
4.01 2.98 0.00 3.04 4.59 4.13 3.17 4.04 3.80 5.31 6.96 8.09 4.52 4.84 5.52 6.26 2.18 3.97 6.06 8.81 4.46 0.00 9.48 5.35 6.37 4.98 5.81 3.66 3.96 4.88 6.31 7.01 12684179
4.20 2.99 0.00 3.19 4.58 4.15 3.18 4.04 4.13 5.07 7.02 7.56 4.01 4.91 5.54 6.35 2.18 3.69 6.06 8.83 4.43 5.31 9.43 5.04 6.38 4.78 5.53 3.70 4.01 5.18 6.32 6.43 12697269
4.14 3.08 0.00 3.08 4.60 4.16 3.18 4.03 4.03 4.96 7.18 0.00 4.03 4.87 5.53 6.25 2.50 3.72 6.70 0.00 4.51 5.32 9.73 5.10 6.65 4.77 5.58 3.69 3.98 4.97 6.30 6.38 12710359
3.98 2.96 0.00 3.10 4.56 4.53 3.18 4.03 3.88 4.93 6.71 7.52 4.13 4.89 5.71 6.26 2.52 3.78 6.22 9.48 4.41 0.00 0.00 5.06 6.68 4.72 5.40 4.23 4.15 5.14 6.45 6.37 12723449
3.95 3.05 0.00 0.00 4.57 4.14 3.20 3.94 3.97 4.98 6.80 7.43 4.33 4.91 5.51 6.40 2.02 3.59 6.24 0.00 4.65 5.23 9.73 5.06 6.62 4.74 5.59 3.94 4.03 4.88 6.35 6.55 12736539
4.13 3.01 0.00 3.56 4.58 4.15 3.20 3.96 4.09 4.98 6.87 7.47 4.25 4.88 5.50 6.22 2.04 3.60 6.33 0.00 4.49 5.62 9.68 5.05 6.72 4.74 5.47 3.51 4.01 5.00 6.27 6.47 12749629
4.14 3.02 0.00 3.48 4.65 4.18 3.19 4.06 3.89 5.11 7.06 7.67 4.11 4.92 6.10 6.24 2.05 3.59 6.85 8.83 4.43 5.66 9.76 5.09 6.65 4.74 5.39 3.85 3.96 4.83 6.36 6.52 12762719
4.07 3.06 0.00 3.60 4.70 4.19 3.20 4.08 3.96 5.04 6.70 7.64 4.08 4.96 5.67 6.22 2.06 3.64 6.49 8.87 4.29 5.67 9.67 5.12 6.49 4.87 6.19 4.12 4.19 4.86 6.49 6.54 12775809
3.97 0.00 0.00 3.44 0.00 4.30 3.22 4.22 3.85 5.14 7.60 7.47 4.01 4.89 5.67 6.34 2.06 3.85 6.09 8.84 4.31 5.19 9.76 5.12 6.72 4.99 5.47 3.67 4.26 4.95 6.31 6.31 12788899
3.92 3.14 0.00 0.00 4.64 4.19 3.21 3.95 3.90 5.07 6.86 7.58 4.36 5.00 5.66 6.32 2.27 3.69 6.65 8.79 4.39 0.00 9.44 5.05 6.38 4.76 5.46 3.49 4.14 4.84 6.53 0.00 12801989
3.95 3.00 0.00 0.00 0.00 4.17 3.20 4.01 4.08 5.00 7.03 7.67 4.35 4.91 5.76 6.34 2.62 3.69 6.26 8.71 4.29 0.00 9.48 4.54 6.44 4.94 5.45 3.63 4.10 4.82 6.51 6.39 12815079
4.01 3.03 0.00 3.34 4.60 4.21 3.19 4.06 3.97 4.94 6.75 0.00 4.02 4.96 6.08 6.24 2.79 3.69 6.25 8.72 4.37 0.00 9.73 5.03 6.48 5.47 5.40 3.43 4.09 4.86 6.24 6.51 12828169
3.98 3.04 0.00 3.49 4.61 4.19 3.20 4.17 3.85 4.95 6.97 7.48 4.09 4.94 5.60 6.26 2.80 3.65 6.01 8.71 4.35 0.00 9.45 5.06 6.50 4.84 5.57 3.53 4.14 4.96 6.30 6.39 12841259
3.96 3.05 0.00 3.51 5.22 4.25 3.20 4.09 3.94 4.94 7.22 7.40 4.04 5.08 5.66 6.26 2.79 3.63 6.70 8.72 4.37 5.66 9.52 4.26 6.68 0.00 5.47 3.37 4.03 4.95 6.45 6.41 12854349
3.95 3.03 0.00 3.51 4.72 4.20 3.19 4.02 4.18 5.08 6.71 7.89 4.10 5.05 5.58 6.36 2.17 3.62 6.28 8.73 4.47 5.25 9.81 5.11 6.47 4.91 5.41 0.00 4.06 4.88 6.42 6.64 12867439
3.91 3.07 0.00 3.47 4.67 4.28 3.20 4.10 4.04 5.05 6.89 7.63 4.13 5.02 5.55 6.29 2.63 3.69 6.62 8.78 4.38 0.00 9.77 5.11 6.59 4.76 5.50 3.47 4.10 4.83 6.69 6.62 12880529
4.12 3.07 0.00 3.45 4.63 4.38 3.20 3.91 4.06 5.22 7.96 7.40 4.08 5.00 5.59 6.36 2.61 3.69 6.72 8.76 4.36 0.00 9.43 5.11 6.52 4.76 5.69 3.48 4.06 4.97 6.87 0.00 12893619
3.97 3.08 0.00 3.39 5.12 4.20 3.20 3.96 3.92 5.12 6.94 7.68 4.18 4.94 5.59 6.21 2.81 3.70 6.51 8.76 4.43 0.00 0.00 5.12 6.54 4.71 5.59 3.62 4.02 4.94 6.24 0.00 12906709
3.95 3.06 0.00 3.42 5.26 4.17 3.19 4.14 4.05 5.02 6.93 7.38 4.82 5.16 5.62 6.34 2.78 3.69 6.64 8.73 4.44 5.28 9.43 5.11 6.57 5.41 5.63 3.57 4.04 4.91 7.01 0.00 12919799
4.41 3.03 0.00 3.44 4.60 4.19 3.20 4.05 3.90 5.16 6.73 7.45 4.17 5.19 5.69 6.35 2.78 3.69 6.46 8.71 4.30 5.35 9.77 5.16 6.37 5.47 5.71 3.79 3.98 4.85 6.26 0.00 12932889
3.91 3.03 0.00 3.36 4.57 4.14 3.19 4.02 4.14 5.11 7.15 7.43 4.11 5.17 5.73 6.37 2.78 3.74 6.47 8.71 4.39 0.00 9.50 5.10 0.00 4.78 5.51 3.34 4.19 5.17 6.24 0.00 12945979
4.00 3.02 0.00 3.35 4.59 4.17 3.20 4.03 3.95 5.09 6.94 7.50 4.12 5.12 5.68 6.27 2.78 3.72 6.78 8.71 4.41 0.00 9.42 5.16 6.70 4.71 5.52 4.12 3.99 4.84 6.28 6.51 12959069
4.05 3.07 0.00 3.34 0.00 4.20 3.20 4.00 3.89 5.11 6.93 7.51 4.19 4.95 5.62 6.46 2.79 3.72 6.39 8.69 4.43 0.00 10.25 5.15 6.59 5.25 5.49 3.41 4.05 4.81 6.51 6.33 12972160
4.32 3.06 0.00 3.32 4.70 4.13 3.17 4.06 4.20 5.01 6.94 7.54 4.14 5.00 5.58 6.28 2.07 3.70 6.79 8.76 4.51 0.00 9.64 5.12 6.45 0.00 5.57 3.51 4.01 5.24 6.27 6.46 12985249
4.12 3.08 0.00 3.41 4.58 4.29 3.16 3.96 4.85 5.07 6.62 7.50 4.22 5.18 5.61 6.40 2.74 3.73 6.63 8.83 4.41 5.48 9.46 5.24 6.45 4.88 5.44 3.46 4.08 5.13 6.28 6.41 12998339
3.90 3.08 0.00 0.00 4.71 4.18 3.18 4.10 4.04 5.03 6.87 7.47 4.25 5.13 5.73 6.43 2.67 3.86 6.45 8.73 4.43 5.24 10.84 5.20 6.52 5.26 5.45 3.44 4.17 4.84 6.38 6.59 13011430
4.17 3.08 0.00 3.16 5.03 4.16 3.15 3.95 4.05 5.00 7.04 7.45 4.25 5.04 5.65 6.33 2.76 3.68 6.44 8.78 4.56 5.38 9.75 0.00 6.40 5.01 5.45 3.56 3.99 5.06 6.36 6.32 13024519
4.05 3.07 0.00 0.00 4.60 4.15 3.18 3.97 4.25 5.09 6.72 7.44 4.25 5.08 5.67 6.40 0.00 3.69 6.32 8.78 4.43 0.00 10.96 4.41 6.52 5.19 5.52 3.38 3.94 4.88 6.32 6.72 13037610
4.20 2.97 0.00 0.00 4.65 4.18 3.28 4.11 4.13 5.10 7.49 7.42 4.25 5.07 5.77 6.32 0.00 3.71 6.53 8.78 4.37 5.49 9.69 0.00 6.36 4.73 5.51 3.38 4.04 4.80 6.33 7.06 13050699
3.99 3.14 0.00 0.00 4.70 4.24 3.16 3.92 3.96 5.13 6.94 0.00 4.30 5.11 5.92 6.33 2.89 3.58 6.56 8.85 4.39 0.00 10.88 0.00 6.56 4.68 5.48 3.55 3.97 4.90 6.45 6.36 13063790
3.98 3.12 0.00 3.38 4.64 4.10 3.16 3.95 4.11 5.09 6.88 7.44 4.42 5.21 5.65 6.34 0.00 3.73 6.58 8.90 4.44 0.00 0.00 5.84 6.52 4.61 5.43 3.60 3.96 4.85 6.32 0.00 13076879
3.90 3.12 0.00 0.00 4.72 4.31 3.16 3.97 4.35 5.10 6.81 7.41 4.42 5.25 5.73 6.50 0.00 3.77 6.62 8.95 4.46 5.51 0.00 5.03 6.57 4.75 5.40 3.85 4.50 4.79 6.29 6.29 13089969
3.96 3.61 5.01 0.00 5.46 4.16 3.30 3.98 4.02 5.13 6.93 8.31 4.64 5.32 5.75 6.38 0.00 3.57 6.53 0.00 4.48 5.78 10.30 5.23 6.70 5.03 5.40 3.46 3.94 4.81 6.29 6.36 13103060
4.09 2.99 0.00 3.14 4.73 4.25 3.17 3.97 4.02 5.04 6.55 0.00 4.73 5.37 5.78 6.34 0.00 3.53 6.80 0.00 4.56 5.45 10.06 4.45 6.52 4.70 5.38 3.76 4.03 4.78 6.41 7.02 13116150
4.09 3.07 0.00 3.17 4.65 4.26 3.17 4.05 4.08 5.28 6.71 7.61 4.52 5.23 6.30 6.48 0.00 3.51 6.59 8.78 4.52 0.00 10.27 4.59 6.58 4.76 5.52 3.58 4.05 4.85 6.46 6.86 13129240
4.08 2.99 4.88 2.61 4.71 3.70 3.27 4.18 4.33 5.24 6.78 7.59 4.45 5.44 6.04 6.43 2.29 3.46 6.48 8.86 4.64 5.52 3.04 4.36 6.28 4.66 5.68 3.57 3.99 5.08 5.88 6.29 13142329
4.11 2.96 5.07 2.73 4.71 4.28 3.17 4.08 4.12 5.44 7.22 7.63 4.62 5.64 5.85 6.61 2.79 3.34 6.70 8.78 4.63 5.60 9.77 4.44 6.48 4.80 5.62 3.59 4.08 5.31 6.34 6.54 13155419
4.06 2.90 4.48 2.80 4.89 4.16 3.28 4.07 4.17 5.37 6.69 8.11 4.12 5.33 4.32 6.72 2.02 3.40 6.68 8.82 4.65 5.67 9.76 5.20 6.51 4.74 5.56 3.60 4.14 4.83 6.84 6.37 13168509
4.03 3.12 0.00 3.64 4.77 4.35 3.15 4.03 4.15 5.07 6.97 7.89 4.68 5.33 5.88 6.68 0.00 3.22 6.83 9.04 4.59 5.48 9.96 0.00 6.50 0.00 5.63 3.62 4.24 4.87 6.46 6.37 13181599
3.99 3.13 5.56 2.46 5.15 4.34 3.18 4.04 4.26 5.27 6.87 7.57 4.65 4.21 5.89 6.30 2.05 3.21 6.96 8.90 4.89 5.57 10.04 0.00 6.46 4.85 5.60 3.82 4.18 4.81 6.28 6.28 13194690
4.13 2.93 5.30 3.00 4.78 4.38 3.17 4.03 4.38 5.42 6.80 7.57 4.98 4.37 6.00 6.73 2.11 3.35 2.70 8.96 4.79 0.00 10.09 4.14 6.65 4.95 5.64 3.78 4.19 4.83 6.52 6.33 13207780
4.30 3.00 0.00 2.69 4.76 4.28 3.24 4.02 4.39 5.24 7.00 7.66 4.89 5.62 6.00 6.63 2.39 3.31 6.49 8.93 3.20 0.00 5.53 4.22 6.26 5.00 5.71 3.89 4.17 4.87 6.20 6.65 13220869
4.07 2.94 0.00 2.45 4.67 4.26 3.17 3.64 4.37 5.55 6.73 7.68 4.77 2.62 5.98 6.77 2.03 3.31 6.42 0.00 4.77 5.55 10.28 5.43 6.46 4.73 5.76 3.78 4.23 4.80 4.08 6.43 13233960
4.03 2.81 0.00 2.92 4.76 4.39 3.12 4.11 4.26 3.78 6.78 7.62 4.97 5.80 6.28 6.72 0.00 3.24 5.98 0.00 4.60 5.61 9.74 4.42 6.68 4.82 5.53 3.99 4.25 5.02 6.76 6.39 13247049
4.45 3.01 5.22 2.67 4.90 3.55 3.11 3.62 4.35 4.25 6.88 0.00 5.31 5.29 6.17 6.67 2.82 3.37 6.60 8.98 5.27 6.03 10.46 4.59 6.45 4.82 5.62 3.94 4.33 4.92 6.44 6.52 13260140
3.87 3.04 3.83 2.36 4.90 4.37 3.32 4.05 4.47 3.18 6.83 7.68 0.00 4.04 6.00 6.75 2.73 3.35 6.22 8.89 4.58 5.80 10.30 4.31 6.37 5.41 5.78 3.95 4.32 4.77 6.53 6.46 13273230
3.85 2.93 5.25 2.28 4.85 4.44 3.10 4.06 2.90 3.83 6.88 7.83 5.31 5.14 6.27 6.92 0.00 3.42 6.47 9.03 5.13 5.80 9.61 5.09 6.39 5.18 5.81 3.90 4.38 4.82 6.63 6.21 13286319
3.90 2.96 5.09 2.53 4.43 2.98 3.28 4.11 4.41 4.20 6.96 0.00 5.41 5.72 6.10 7.50 2.76 3.47 6.63 9.60 4.00 5.73 10.53 5.08 6.35 4.80 6.27 3.89 4.43 4.91 6.51 6.38 13299410
4.01 2.77 5.17 2.83 4.73 4.57 3.17 3.98 4.19 5.04 6.87 0.00 4.97 4.94 6.16 6.86 2.84 3.49 5.02 0.00 5.15 0.00 3.12 4.27 6.28 0.00 5.90 3.87 4.42 4.79 6.37 6.32 13312499
3.81 2.63 5.49 3.46 4.86 4.69 3.24 4.58 4.37 3.55 6.74 7.51 5.35 5.65 6.27 6.76 2.08 3.61 4.51 8.84 4.30 0.00 3.46 4.30 6.32 4.83 5.70 3.89 4.40 5.15 3.38 6.40 13325589
3.88 2.78 4.96 2.58 4.75 4.55 2.90 3.28 4.62 2.61 6.17 0.00 5.21 3.14 6.19 6.78 2.05 3.32 2.74 9.10 5.04 0.00 10.14 3.77 6.55 4.68 5.83 4.07 4.47 5.11 6.43 6.95 13338680
3.81 2.85 4.14 2.40 4.82 4.54 3.16 3.98 4.65 5.12 6.03 7.63 5.09 5.89 6.65 6.91 2.73 3.42 6.07 9.12 5.16 6.40 9.66 4.51 6.44 0.00 5.76 4.45 4.46 4.87 6.70 6.23 13351769
4.38 2.95 3.86 2.32 4.47 3.95 3.15 4.06 4.76 2.56 6.56 7.69 5.31 4.31 0.00 6.76 0.00 3.31 6.83 9.54 4.42 5.86 10.44 3.85 6.01 4.71 5.69 4.00 4.43 4.95 4.83 2.51 13364860
3.83 2.81 5.19 2.43 4.88 3.58 2.86 4.10 3.21 3.38 7.56 7.64 0.00 4.33 6.44 6.79 2.84 3.52 5.03 8.92 5.04 6.61 8.99 4.75 5.93 5.00 4.63 4.12 4.48 4.91 6.11 3.56 13377949
3.93 2.92 4.59 2.70 4.80 4.34 2.82 4.16 4.16 2.71 6.78 7.69 5.30 4.46 6.66 4.88 2.12 3.50 6.31 8.93 4.83 6.64 2.86 4.95 6.56 5.05 6.05 4.27 4.58 4.46 6.38 6.37 13391039
3.86 2.50 2.97 2.37 4.85 3.83 3.10 4.15 3.09 2.79 6.93 7.99 5.41 2.29 6.40 7.24 2.02 3.45 6.39 0.00 5.21 0.00 6.20 4.27 5.90 4.91 5.53 4.20 3.87 5.00 4.11 0.00 13404129
2.47 2.65 3.26 2.78 5.04 3.93 2.68 4.08 2.78 3.06 2.23 3.79 5.62 3.41 4.58 6.97 2.32 3.10 5.00 8.94 5.30 0.00 7.76 3.75 6.00 4.74 5.81 4.30 4.64 5.16 6.27 6.23 13417219
3.88 2.64 5.11 2.25 4.95 3.91 2.59 3.22 3.29 2.84 6.84 6.79 5.58 4.59 3.58 6.76 2.08 2.97 3.35 9.05 5.24 0.00 7.96 4.13 5.81 4.63 4.60 4.91 4.75 4.98 4.81 0.00 13430309
3.97 2.54 4.89 2.79 5.16 4.76 2.96 4.12 2.79 2.51 4.31 5.04 6.26 3.55 6.25 6.16 0.00 3.48 6.55 2.15 4.69 0.00 3.28 4.57 5.42 0.00 3.21 4.39 3.61 5.34 4.07 6.18 13443399
3.33 2.72 4.81 3.27 4.42 3.88 2.87 4.25 2.49 3.10 6.23 0.00 5.78 2.76 5.06 6.51 0.00 3.81 3.76 0.00 5.22 0.00 5.08 0.00 5.56 4.20 3.69 4.72 4.82 5.04 2.18 6.24 13456489
4.11 2.73 4.71 2.68 5.03 3.44 3.04 3.37 3.33 2.48 4.59 0.00 4.42 4.68 2.48 6.68 2.98 3.24 3.81 8.97 4.34 6.25 2.29 4.14 5.42 4.50 3.73 4.77 4.45 4.86 2.40 6.13 13469579
4.18 2.97 4.58 2.36 3.60 3.99 2.81 2.87 2.41 2.49 4.32 7.99 5.86 4.20 3.34 5.89 2.86 3.54 4.44 8.98 4.34 6.49 3.46 3.87 5.23 4.73 3.41 4.65 3.24 4.46 5.53 4.88 13482669
4.08 2.43 3.76 2.49 5.14 4.42 3.16 3.82 2.20 3.01 4.16 7.66 2.27 2.44 5.35 5.64 2.94 3.54 3.60 6.27 5.38 0.00 4.19 4.81 5.90 4.35 4.87 4.76 3.23 4.97 2.26 2.45 13495759
4.13 2.83 4.50 2.68 4.59 2.43 2.60 4.03 2.79 2.24 3.46 8.14 4.37 2.27 2.81 5.03 2.72 3.42 2.64 9.12 2.27 0.00 2.87 3.85 5.91 4.53 3.60 4.86 3.12 3.67 2.98 2.67 13508849
2.81 2.14 2.89 2.73 4.29 2.39 2.89 3.15 3.37 2.44 4.05 7.27 5.16 3.36 5.48 4.82 2.91 3.42 2.48 9.03 2.66 6.61 2.88 4.05 5.93 4.61 3.45 5.03 3.29 5.03 3.03 3.21 13521939
3.57 2.40 3.29 2.19 5.43 5.16 2.42 3.03 2.49 2.74 3.29 2.06 4.38 2.52 5.20 4.61 2.03 3.34 3.03 9.25 3.81 0.00 2.22 3.92 2.57 4.39 5.01 4.98 2.80 3.92 4.69 2.96 13535029
4.08 2.71 2.67 2.44 2.42 3.24 2.93 2.43 2.55 2.66 4.65 2.87 6.01 2.20 2.47 4.43 2.27 3.51 3.56 7.05 4.14 0.00 2.64 3.64 6.22 3.49 2.69 4.87 2.46 4.80 2.35 3.10 13548119
3.77 2.55 3.93 2.13 2.74 2.41 2.83 2.78 3.04 2.99 2.45 2.32 2.89 2.82 3.75 4.54 2.12 3.47 3.84 3.60 2.31 0.00 3.13 4.67 5.59 4.34 2.91 5.00 3.88 4.08 2.76 3.86 13561209
4.07 2.58 4.09 2.97 4.57 2.86 3.33 2.92 2.79 2.71 3.17 4.26 2.59 3.04 5.12 3.48 2.09 2.66 2.91 2.95 3.47 0.00 2.52 3.25 2.19 3.18 3.30 4.22 2.84 2.55 2.27 4.04 13574299
3.96 2.56 3.21 2.44 3.63 2.43 2.32 2.47 2.31 2.18 2.47 3.40 3.67 2.47 2.74 5.03 2.11 3.51 4.20 2.28 3.24 0.00 2.73 4.02 2.60 3.98 3.52 5.20 2.55 2.67 2.70 3.08 13587389
4.50 3.03 3.35 2.45 2.33 2.94 2.37 3.31 2.20 2.69 2.75 3.19 3.74 2.69 3.78 4.62 2.52 3.79 3.18 2.57 2.55 5.26 2.41 2.78 3.00 2.59 2.94 5.33 2.63 4.59 2.54 2.87 13600479
3.06 3.05 2.81 2.45 3.16 2.96 2.77 2.12 2.69 2.31 2.41 5.27 3.21 2.20 2.54 2.87 2.15 2.76 2.80 2.55 3.66 3.30 2.96 4.62 4.20 2.55 3.12 3.44 3.15 3.38 2.45 3.05 13613569
2.74 2.82 3.09 2.39 3.35 3.00 2.16 2.17 2.16 2.33 2.61 2.54 3.34 2.43 3.57 2.50 2.09 2.68 2.65 2.56 2.78 0.00 2.45 2.49 2.92 2.99 2.85 2.91 3.18 2.99 2.55 3.49 13626659
2.97 2.52 2.73 2.23 2.80 2.48 2.24 2.59 2.44 2.22 2.74 2.59 3.40 2.73 2.68 3.26 2.33 2.50 2.69 2.49 2.67 0.00 2.33 2.68 3.55 3.33 2.48 3.73 3.26 2.47 3.00 2.71 13639749
2.79 2.59 2.53 2.88 2.33 2.59 2.65 3.71 2.30 2.26 2.52 2.64 2.32 2.43 2.65 2.60 2.05 3.09 2.36 2.51 2.77 2.46 2.91 2.92 2.89 3.47 2.75 2.13 2.42 2.40 2.67 2.89 13652839
2.44 2.49 2.86 2.18 2.17 2.84 2.45 2.22 2.39 2.31 2.48 3.98 2.94 2.53 2.21 2.10 2.06 2.24 2.40 2.66 2.31 2.16 2.36 2.24 2.32 3.62 2.33 3.42 2.85 2.58 2.43 3.09 13665929
2.51 3.01 3.07 2.34 2.50 2.71 2.37 2.71 3.16 2.27 2.37 3.83 2.19 2.95 2.30 2.34 2.10 2.48 2.52 2.78 2.14 2.19 2.45 2.50 2.53 2.31 2.78 0.00 2.32 3.88 2.66 2.96 13679019
2.18 2.17 2.28 2.32 2.50 2.60 2.70 2.51 2.53 2.28 2.70 2.83 2.39 2.16 2.96 2.39 2.40 2.02 2.18 2.57 2.52 2.25 2.31 2.55 2.48 2.78 2.66 2.23 2.39 2.21 2.65 2.62 13692109
2.96 2.56 2.43 2.34 2.49 2.26 2.92 2.42 3.18 2.24 2.88 2.45 2.20 2.64 2.77 2.40 2.07 2.39 2.36 2.34 2.65 2.87 2.33 2.45 2.05 3.10 3.01 2.53 2.26 3.79 2.37 3.22 13705199
2.23 2.18 2.44 2.37 2.29 2.39 2.85 2.39 2.47 2.48 2.23 2.61 2.18 2.50 2.35 2.42 2.64 2.05 2.39 2.53 2.24 0.00 2.19 2.19 3.02 2.48 2.42 0.00 2.33 2.19 2.29 2.78 13718289
2.23 2.26 3.57 2.39 2.63 2.67 2.73 2.42 2.82 2.63 2.31 2.43 2.16 2.12 2.77 2.82 2.10 2.56 2.42 2.62 2.63 0.00 2.30 2.22 2.45 2.64 2.68 2.53 2.16 2.74 2.55 2.29 13731379
2.07 3.08 2.23 2.33 3.06 2.12 2.79 2.46 2.35 2.22 2.25 2.40 2.43 2.38 2.54 2.63 2.32 2.04 2.73 3.20 2.25 3.58 2.18 2.15 2.46 2.17 3.35 2.40 2.47 2.27 2.48 3.02 13744469
2.81 2.80 2.58 2.34 2.58 2.10 2.29 2.23 2.50 2.24 2.26 3.06 2.35 2.42 2.39 2.22 2.20 2.60 2.39 2.26 2.52 0.00 2.27 0.00 2.16 2.37 2.18 3.12 2.56 2.25 2.25 2.40 13757559
2.14 2.69 3.18 2.90 2.31 2.31 2.34 2.23 2.25 2.35 2.84 2.37 2.27 3.36 2.42 2.30 2.28 2.92 2.44 2.66 2.52 2.19 2.14 2.23 2.73 2.58 2.54 2.48 2.75 2.34 2.75 2.65 13770649
2.04 2.69 2.14 2.42 2.76 3.46 2.32 2.58 2.17 2.52 2.07 2.10 2.47 2.94 2.39 2.07 2.28 2.62 2.60 2.21 0.00 2.67 2.32 2.07 2.85 2.16 3.07 2.11 2.65 2.14 2.56 2.72 13783739
2.87 2.59 2.71 2.67 2.43 2.61 2.53 2.28 2.62 2.49 2.17 2.70 2.21 2.28 2.14 2.22 2.24 2.35 2.50 3.04 2.24 2.78 2.34 2.82 2.62 2.55 3.30 2.80 2.99 2.84 2.24 3.65 13796829
2.24 2.46 3.45 2.37 2.27 2.99 2.30 2.21 2.47 2.27 2.47 2.40 2.20 2.55 2.22 2.64 2.22 2.05 2.77 2.77 3.01 2.62 2.45 2.48 2.32 2.83 2.29 2.18 2.95 2.87 2.23 2.42 13809919
2.40 2.58 3.00 2.60 2.58 2.43 3.05 2.28 2.47 3.19 2.60 2.54 2.26 2.17 2.27 2.62 2.33 2.24 3.31 2.57 2.28 2.19 2.72 2.39 2.63 2.81 2.57 2.42 2.47 2.80 2.32 2.62 13823009
2.67 2.35 2.20 2.28 2.45 2.17 2.32 2.22 2.36 2.55 2.19 2.39 2.78 2.50 2.49 2.14 2.32 2.11 2.63 2.47 2.39 0.00 2.95 2.52 2.70 2.28 2.47 2.74 2.52 2.82 2.14 2.03 13836099
2.07 2.18 2.63 2.69 2.66 2.69 3.11 2.49 2.66 2.47 2.35 2.18 2.33 2.73 2.32 2.51 2.18 2.27 2.12 2.32 2.55 0.00 2.17 2.24 3.16 2.80 2.62 2.20 2.73 2.30 3.09 2.29 13849189
2.06 2.38 2.19 2.46 2.68 2.47 2.65 2.13 2.28 2.47 2.13 2.30 2.52 3.05 2.06 2.35 2.29 2.55 2.37 2.38 2.63 2.30 2.27 2.45 2.27 2.76 2.28 0.00 2.82 2.30 2.25 2.49 13862279
0.00 2.40 3.37 2.81 2.52 2.49 2.41 2.46 2.64 2.29 2.44 2.21 2.35 2.88 2.42 2.30 2.52 2.56 2.50 2.11 2.17 2.25 2.43 2.20 2.53 2.63 2.27 2.17 2.18 2.15 2.17 2.99 13875369
2.95 2.06 2.52 2.54 2.55 2.86 2.44 2.44 2.32 2.39 2.45 2.45 2.67 2.81 2.43 2.73 2.22 2.26 2.55 2.41 2.38 0.00 2.30 2.22 2.31 2.61 2.47 2.50 3.10 3.13 2.40 2.26 13888459
0.00 2.37 3.34 2.62 3.26 2.27 2.54 2.11 2.49 2.31 2.27 2.06 2.66 2.80 2.52 2.24 2.15 2.55 2.63 2.24 2.66 2.51 2.45 2.24 2.39 2.75 2.35 2.44 2.20 2.58 2.56 2.42 13901549
2.12 2.40 2.06 2.50 2.36 2.39 2.37 2.60 2.25 2.35 2.24 2.12 2.65 2.64 2.98 2.18 2.23 3.19 2.35 2.37 2.15 2.28 2.44 2.87 2.39 2.56 2.43 2.48 2.32 2.40 2.23 2.16 13914639
2.07 0.00 2.86 2.81 2.87 2.27 2.37 2.26 3.02 2.17 2.19 2.15 2.51 2.71 2.73 2.87 2.14 2.03 2.30 2.44 2.23 2.57 2.41 2.54 2.21 2.62 2.50 2.45 2.42 2.73 2.35 2.75 13927729
2.45 2.06 2.47 2.41 3.87 2.22 2.32 2.45 2.45 2.33 2.47 2.36 2.41 2.29 2.47 2.35 2.09 2.40 3.09 2.25 2.36 3.07 2.31 2.42 2.27 2.91 2.81 2.56 2.58 2.85 2.39 2.72 13940819
2.43 2.54 2.06 2.65 3.46 3.11 2.42 2.27 2.59 2.23 2.36 2.17 2.23 2.34 2.71 2.36 2.47 2.24 2.47 2.51 2.23 2.76 2.66 2.45 2.65 2.73 2.35 2.39 2.48 2.87 2.53 2.13 13953909
2.58 2.83 2.04 2.23 2.27 2.24 2.73 2.65 2.32 2.79 2.35 2.32 2.38 2.35 2.24 2.68 2.19 2.56 2.33 2.15 2.94 2.71 2.61 2.26 3.00 2.26 2.68 2.29 2.12 3.13 2.47 2.41 13966999
0.00 2.70 2.51 3.19 2.29 2.39 2.20 2.71 2.30 2.27 3.18 2.45 2.48 2.20 2.83 2.18 2.25 0.00 2.81 2.31 2.44 2.70 2.96 2.23 2.49 2.43 2.66 3.26 2.64 2.33 2.91 2.34 13980089
2.13 2.18 2.14 2.19 2.64 2.15 2.50 2.64 2.40 2.13 2.55 3.19 2.58 2.31 2.71 2.57 2.14 2.56 2.49 2.89 2.22 2.02 2.74 2.11 2.57 2.67 2.33 0.00 2.55 2.66 2.62 2.73 13993179
4.06 2.48 2.33 2.22 3.19 2.47 2.98 2.45 2.54 2.31 2.52 2.62 2.57 2.46 2.56 2.36 2.04 2.08 3.38 3.98 2.66 2.75 2.29 2.89 2.40 2.76 2.58 2.34 2.21 2.31 3.19 3.67 14006269
2.31 2.21 2.41 2.19 2.38 2.66 2.41 2.23 2.28 2.65 2.27 2.67 2.42 2.42 3.67 2.32 2.40 2.42 3.45 2.49 2.53 0.00 2.63 0.00 2.14 2.36 2.54 2.99 2.74 2.67 2.07 2.53 14019359
2.42 2.53 3.45 2.31 2.25 2.79 3.13 2.16 2.83 2.14 2.26 2.93 2.76 2.62 2.51 2.41 2.19 2.36 2.20 2.44 2.81 0.00 2.39 2.28 2.61 2.92 2.95 2.33 2.34 2.33 2.32 2.37 14032449
2.31 2.55 2.34 2.41 2.58 2.34 2.57 2.68 2.28 2.60 2.57 2.24 2.52 2.37 2.76 2.36 2.04 3.03 2.06 2.89 2.45 2.37 2.38 2.23 2.34 2.85 2.44 0.00 2.36 3.13 2.63 2.75 14045539
2.34 2.30 2.95 2.41 3.55 2.44 2.31 2.62 2.33 2.12 2.54 2.72 2.58 2.26 2.25 2.62 2.12 2.40 2.43 2.23 2.60 2.05 2.55 0.00 2.52 2.55 2.38 2.31 2.82 2.47 2.62 2.37 14058629
2.42 2.41 2.40 2.65 2.54 2.58 2.23 2.68 2.55 2.34 2.73 2.30 3.01 2.64 2.15 2.31 2.24 2.03 2.85 3.25 2.47 3.38 2.44 2.02 2.65 2.70 2.35 3.39 2.41 2.19 2.50 3.40 14071719
4.31 2.60 2.04 2.43 3.60 2.12 2.32 2.42 2.54 2.55 2.34 0.00 3.00 2.48 3.67 2.62 2.11 2.31 2.82 2.40 2.21 3.70 2.02 2.38 2.16 3.30 2.58 2.64 2.11 3.01 2.73 2.59 14084809
2.44 2.62 2.89 3.18 2.79 2.55 2.68 3.85 2.81 2.45 2.65 2.75 2.71 2.09 2.29 2.45 2.02 2.48 2.60 2.63 2.75 2.64 2.55 0.00 2.63 3.15 2.15 0.00 2.90 2.66 2.27 2.49 14097899
3.74 2.44 2.53 2.34 3.03 2.52 2.16 3.66 2.75 2.24 2.56 2.94 3.02 2.73 4.35 4.05 2.72 3.41 2.78 3.70 3.39 4.24 2.21 2.48 3.61 2.83 2.90 2.28 3.46 2.86 2.18 2.61 14110989
2.44 2.27 4.60 2.36 3.01 2.96 2.26 2.84 2.87 2.56 2.93 2.12 3.12 2.87 3.67 2.48 2.03 3.10 3.44 2.48 2.81 4.41 2.84 2.18 3.08 2.82 2.58 3.86 2.99 2.36 2.47 2.77 14124079
3.26 2.66 3.49 2.50 2.53 3.21 2.62 3.26 2.28 2.88 2.55 2.40 3.24 2.16 2.63 3.33 2.21 2.21 3.20 2.96 2.48 4.60 2.41 2.23 2.73 3.03 2.54 3.11 2.35 2.88 2.16 3.09 14137169
2.55 2.58 2.50 2.73 3.62 2.50 2.58 3.28 2.45 2.34 2.83 6.42 3.15 2.61 3.65 2.64 2.44 3.72 3.18 3.78 2.61 3.03 2.27 2.15 2.18 2.63 2.47 3.14 2.24 2.67 2.24 2.21 14150259
4.59 2.64 4.52 2.52 3.45 3.77 2.64 3.33 2.45 2.30 2.43 3.78 3.27 2.41 3.86 2.57 2.35 3.31 4.62 2.76 2.75 4.45 2.35 2.28 3.03 3.26 2.39 0.00 4.60 2.83 3.30 3.19 14163349
4.16 2.80 3.79 2.29 4.71 2.91 2.58 4.09 2.71 2.31 2.77 2.93 3.29 2.21 2.96 2.70 2.02 3.40 2.59 2.73 2.75 2.67 2.08 0.00 4.37 3.09 2.95 2.69 2.59 2.89 2.44 3.42 14176439
4.40 2.81 4.22 2.41 5.16 2.10 3.27 2.27 2.46 2.66 2.85 4.07 2.71 3.42 3.27 3.26 2.05 3.04 4.60 4.59 2.84 4.79 2.46 2.23 2.81 3.07 3.43 3.10 3.40 4.82 2.73 2.58 14189529
4.61 2.44 4.34 2.31 2.72 3.45 2.81 2.55 2.53 2.50 2.71 3.40 3.27 2.44 4.20 3.02 2.04 2.38 4.02 5.62 3.06 3.33 2.41 3.08 2.51 3.06 3.59 3.36 2.84 3.32 2.41 4.10 14202619
4.66 2.52 3.46 2.50 4.09 2.90 2.82 3.62 2.72 2.95 4.33 3.84 3.48 3.54 3.03 6.22 2.13 3.50 2.22 2.99 2.66 4.70 2.36 3.26 2.18 3.51 3.11 3.78 2.63 2.19 2.70 3.69 14215709
4.70 2.88 4.58 2.57 4.81 3.01 2.57 2.80 2.46 2.22 4.12 4.90 3.02 2.48 4.51 4.52 2.13 3.51 3.28 6.54 2.63 4.58 2.79 2.88 4.14 2.17 2.53 3.33 3.16 3.71 2.91 4.28 14228799
4.55 2.41 4.75 2.65 4.66 2.55 2.64 4.19 3.35 2.43 6.70 4.90 3.26 2.76 4.60 5.61 2.06 3.13 2.43 6.25 2.29 4.82 2.31 2.32 3.04 3.24 3.20 3.48 3.36 2.38 3.12 0.00 14241889
4.71 3.00 4.54 2.53 3.81 2.84 2.77 4.46 3.30 2.63 3.41 4.33 2.82 2.35 3.35 3.60 2.35 3.06 6.21 4.84 2.98 4.94 2.36 2.04 4.37 0.00 3.35 0.00 2.60 2.57 2.98 3.25 14254979
3.85 2.66 4.92 2.35 4.63 2.89 2.81 3.72 2.99 2.24 4.42 5.32 2.80 2.68 3.97 3.45 2.13 3.37 5.00 6.96 2.38 0.00 2.36 2.39 2.75 3.36 3.02 3.66 3.52 4.53 2.71 4.38 14268069
4.67 3.02 4.94 2.54 4.34 3.70 2.06 3.32 2.84 2.88 5.50 6.43 2.76 3.05 3.69 2.84 0.00 3.20 4.04 5.76 2.92 0.00 2.86 3.10 2.84 3.22 3.50 3.41 3.02 3.86 3.29 4.39 14281159
4.70 2.65 4.60 2.70 4.47 2.46 2.74 5.15 3.96 2.44 2.55 6.44 2.75 3.25 3.92 3.10 2.09 3.54 2.64 9.03 2.50 4.81 3.02 0.00 4.15 3.17 3.86 4.24 2.48 5.35 4.05 4.81 14294249
4.81 2.92 4.57 2.56 3.67 3.20 2.62 3.44 2.91 2.68 3.74 7.07 2.67 2.45 4.04 4.70 2.39 2.95 6.09 5.16 2.96 0.00 2.38 3.28 4.15 3.16 2.93 3.41 3.13 4.17 4.22 5.08 14307339
4.83 2.97 5.08 2.67 4.43 3.83 2.51 2.44 2.87 2.51 4.58 6.39 2.79 2.84 3.19 5.71 2.13 2.37 4.32 7.93 3.05 4.51 2.50 0.00 4.01 3.21 3.30 3.34 2.60 4.13 3.59 4.86 14320429
4.75 2.97 4.81 2.89 4.58 4.42 2.46 4.16 3.35 2.65 6.05 6.26 2.98 3.15 3.70 5.60 2.20 3.31 3.69 9.03 3.04 4.93 3.14 2.58 3.52 3.25 2.79 3.78 2.92 5.05 3.27 4.46 14333519
4.55 2.77 3.39 2.54 4.53 4.38 3.30 2.98 2.94 2.43 3.49 0.00 2.94 3.11 4.09 5.84 2.34 4.00 4.63 8.99 3.13 5.24 3.30 4.03 2.96 2.76 2.93 3.63 4.76 6.57 3.05 4.55 14346609
4.87 2.76 4.92 2.92 4.59 3.99 2.63 3.29 0.00 3.11 2.37 7.26 3.19 2.52 4.26 5.08 2.13 3.17 2.18 5.65 3.43 4.83 2.82 2.53 4.34 3.01 2.99 4.09 4.66 5.70 2.26 3.22 14359699
4.77 2.89 5.02 2.66 4.66 3.09 2.36 3.08 4.13 2.22 5.50 6.88 3.15 2.42 3.99 5.43 2.08 3.46 4.00 8.94 3.38 5.13 3.32 3.00 4.01 3.13 2.98 4.12 3.01 3.32 3.87 4.15 14372789
4.81 2.99 4.85 2.20 4.71 3.66 2.40 3.77 2.93 3.89 2.45 6.57 3.17 3.02 4.15 5.67 2.04 3.34 3.90 8.83 3.15 4.95 2.79 2.29 3.69 3.10 3.06 4.22 4.19 4.90 4.05 3.75 14385879
4.95 3.04 0.00 2.22 4.65 3.13 3.33 5.55 3.58 2.63 5.05 7.19 3.14 2.92 4.31 5.48 2.11 3.26 3.42 8.98 2.86 5.29 2.59 3.42 4.63 2.67 3.19 4.07 3.34 5.71 2.34 3.42 14398969
4.97 3.12 4.51 2.49 4.76 3.25 3.29 5.62 2.65 2.90 6.41 6.81 2.93 3.04 4.46 4.50 2.12 3.69 4.99 8.89 3.70 0.00 3.05 2.97 3.90 2.82 3.26 4.65 2.42 4.37 3.26 3.68 14412059
5.02 2.98 4.79 2.83 4.85 4.60 2.64 5.59 3.08 3.19 5.93 6.74 3.44 3.22 4.42 5.09 2.01 3.44 2.55 9.00 2.62 0.00 4.64 4.47 4.59 2.53 2.89 4.18 5.92 5.07 2.89 3.33 14425149
4.96 2.95 4.97 2.42 4.79 3.48 2.77 5.56 2.31 2.68 3.52 6.79 2.96 2.44 4.17 5.15 2.13 3.91 5.05 9.20 3.31 4.87 2.63 2.71 3.51 2.56 3.12 4.88 2.79 4.10 3.87 3.81 14438239
5.02 2.88 0.00 3.03 5.02 4.73 2.23 2.29 3.51 2.71 5.93 6.72 3.31 3.35 4.52 5.77 0.00 3.63 4.99 8.81 3.32 0.00 3.55 4.93 4.31 2.57 3.17 5.03 4.86 5.09 2.61 3.45 14451329
5.00 3.10 4.36 3.24 4.90 4.74 3.23 5.78 2.32 3.17 5.77 6.59 3.29 2.92 4.81 5.62 2.09 3.52 3.28 9.15 3.34 5.05 2.14 4.60 4.36 3.13 3.04 5.36 5.15 3.70 3.36 3.27 14464419
5.34 2.99 0.00 2.22 5.11 4.84 3.34 5.72 3.28 2.52 6.32 6.65 3.31 3.18 4.81 5.74 2.82 3.76 2.64 9.02 3.75 0.00 2.99 2.62 4.24 2.50 3.12 5.49 5.35 6.36 2.85 3.20 14477509
5.10 3.01 4.55 2.66 4.99 4.66 3.22 4.58 4.33 3.30 5.29 6.48 3.03 3.70 4.76 5.07 2.73 3.55 5.28 0.00 2.19 5.21 5.17 4.26 4.51 2.35 2.62 5.21 3.08 6.74 3.67 3.23 14490599
4.98 2.88 4.70 2.54 5.10 4.86 3.30 5.60 2.98 3.14 6.38 0.00 3.30 3.14 4.24 5.17 2.85 3.77 6.20 5.02 2.57 5.16 7.16 4.21 4.42 2.40 2.90 5.61 4.07 5.20 3.49 3.15 14503689
5.45 3.11 0.00 3.70 5.01 4.98 2.22 5.73 3.26 2.85 5.19 0.00 3.27 4.22 4.56 4.37 2.36 3.89 6.05 9.07 3.68 5.23 2.69 2.75 4.29 2.32 2.97 5.81 4.12 2.50 3.36 3.32 14516779
5.11 2.93 4.87 2.37 5.12 3.46 3.36 5.49 4.84 2.47 5.52 6.38 3.30 3.99 4.77 4.45 2.31 2.95 4.75 8.99 3.68 5.48 10.67 2.68 4.34 2.30 2.93 0.00 3.96 6.67 3.15 3.13 14529870
5.01 3.05 0.00 2.93 5.05 4.91 2.30 5.79 2.47 4.10 6.25 6.37 3.39 3.39 4.53 4.44 2.14 3.90 3.75 8.94 3.75 4.87 9.66 0.00 4.34 2.32 2.79 0.00 4.56 6.59 3.36 3.25 14542959
5.38 3.04 5.24 2.97 5.13 4.97 3.36 5.51 4.32 2.63 6.23 6.30 3.42 3.67 4.57 4.24 2.56 4.20 3.72 0.00 3.70 5.19 4.94 2.94 4.42 2.36 2.85 0.00 6.34 6.47 3.03 3.22 14556049
5.18 3.13 5.33 2.96 5.12 4.93 3.35 5.56 5.21 2.61 6.40 6.55 3.51 3.97 4.62 4.03 2.03 3.78 6.45 0.00 3.77 4.99 3.44 4.58 4.57 2.34 2.66 5.83 6.39 6.51 3.15 3.28 14569139
5.13 2.99 5.37 2.32 5.17 5.01 3.18 5.98 5.30 5.00 6.32 6.41 3.51 4.42 4.51 4.01 2.33 4.04 5.25 8.97 3.64 4.96 0.00 5.07 4.53 2.23 2.76 0.00 4.04 6.18 3.10 3.18 14582229
5.80 3.08 0.00 3.45 5.24 4.93 3.44 5.45 3.29 3.75 6.38 6.42 3.63 4.56 4.56 3.83 0.00 3.65 6.06 8.96 3.80 0.00 3.02 0.00 4.72 2.18 2.75 0.00 6.61 6.66 3.05 3.61 14595319
5.10 3.14 0.00 3.18 5.32 4.93 3.74 5.35 3.61 4.06 6.16 6.47 3.54 4.47 4.59 3.86 2.06 3.89 6.75 8.99 4.17 5.46 10.43 5.20 4.46 2.08 2.64 0.00 6.49 6.58 3.07 3.20 14608410
5.15 3.07 0.00 2.92 5.59 5.05 0.00 5.20 2.75 3.85 6.53 6.52 3.74 4.38 4.66 3.78 2.11 3.78 6.44 8.79 3.82 5.62 4.27 5.05 4.53 2.20 2.72 0.00 6.01 6.61 2.97 3.32 14621499
5.30 3.14 0.00 0.00 5.32 5.00 3.46 5.02 0.00 5.01 6.04 6.40 3.71 4.00 4.52 3.80 2.05 3.70 5.96 8.95 3.87 4.97 10.46 4.14 4.29 2.07 2.64 5.63 5.15 6.15 2.93 3.36 14634590
5.08 3.16 5.13 3.04 5.28 5.33 3.38 4.95 5.44 4.06 6.14 6.34 3.63 4.46 4.64 3.69 2.10 4.10 3.75 8.76 3.90 0.00 10.49 0.00 4.39 2.19 2.73 0.00 6.51 6.52 2.99 3.14 14647680
5.25 3.15 0.00 3.00 5.25 5.08 0.00 4.89 0.00 6.70 6.08 6.34 3.83 4.51 4.71 3.71 3.08 3.84 6.79 9.40 3.95 4.78 10.50 3.88 4.33 2.06 2.70 0.00 4.16 6.58 3.00 3.28 14660770
5.22 3.06 0.00 3.26 5.51 5.14 2.32 4.93 3.09 4.65 6.04 6.34 3.66 4.49 4.59 3.79 2.17 3.49 6.07 9.08 3.90 4.84 10.61 4.45 4.78 2.15 2.66 0.00 6.47 6.50 3.01 3.18 14673860
5.38 3.06 0.00 3.07 5.99 5.20 3.66 4.62 0.00 3.84 6.02 6.53 3.74 4.57 4.63 3.79 2.04 3.96 6.26 8.98 3.85 4.87 10.38 5.32 4.65 2.24 2.71 0.00 6.33 6.57 2.92 3.40 14686950
5.35 3.15 0.00 2.88 5.50 5.13 0.00 4.71 5.12 3.95 6.06 6.32 3.64 4.65 4.70 3.88 2.73 3.90 6.57 0.00 3.62 0.00 10.44 0.00 4.40 2.22 2.65 0.00 6.56 6.73 2.94 3.14 14700040
5.31 3.11 5.04 2.99 0.00 5.06 3.55 4.36 0.00 3.82 5.91 6.30 3.74 4.53 4.74 3.78 2.03 3.86 4.88 8.77 4.07 5.36 10.99 4.89 4.66 2.14 2.69 0.00 6.52 6.72 2.93 3.15 14713130
5.13 3.12 4.87 3.78 5.36 5.16 3.16 4.60 4.01 2.82 6.00 6.30 3.66 4.81 4.83 3.99 2.63 3.80 6.01 8.83 4.04 0.00 10.43 5.01 4.45 2.28 2.59 0.00 6.48 6.67 2.88 3.21 14726220
5.23 3.04 0.00 3.34 5.33 5.13 3.85 4.52 5.20 4.63 5.80 6.23 3.85 4.79 4.99 4.03 2.15 3.74 4.14 8.95 3.88 4.79 6.11 0.00 4.76 2.29 2.66 0.00 6.66 6.71 2.99 3.15 14739309
5.36 2.99 4.86 2.92 5.31 5.26 3.33 4.25 3.71 3.97 5.88 6.22 3.63 4.49 4.91 4.07 2.05 3.86 6.81 8.94 4.17 0.00 5.92 0.00 4.52 2.16 2.75 0.00 6.60 6.55 2.95 3.45 14752399
5.24 3.10 5.11 2.91 5.45 4.88 3.82 4.17 5.02 4.28 5.64 6.26 3.99 4.24 5.02 4.17 2.05 3.83 6.51 9.01 3.81 4.74 0.00 5.21 4.82 2.22 2.67 0.00 6.79 6.66 2.92 3.22 14765489
5.25 3.05 5.14 3.76 5.65 5.20 3.48 3.72 4.00 3.75 5.89 6.16 3.62 4.84 5.01 4.21 2.02 4.01 5.65 8.86 4.13 4.63 10.54 4.70 4.70 2.13 2.77 0.00 6.63 6.67 2.79 3.17 14778580
5.22 3.29 0.00 2.97 5.43 5.31 3.26 3.48 3.84 3.62 5.85 6.25 3.84 4.82 5.09 4.77 2.28 3.29 5.15 9.29 4.07 4.77 10.44 4.44 4.58 2.25 2.79 0.00 6.68 6.92 2.90 3.22 14791670
5.28 3.04 4.60 2.99 5.39 5.30 3.47 3.80 3.05 5.00 5.84 6.41 3.87 4.87 5.34 4.33 2.13 3.95 6.21 8.88 4.20 0.00 10.34 4.62 4.56 2.20 2.79 0.00 6.76 6.59 2.92 3.12 14804760
5.37 3.01 5.04 3.06 5.50 5.40 0.00 3.82 0.00 4.93 5.71 0.00 3.71 4.82 5.19 4.40 2.25 3.83 6.08 8.84 4.18 4.65 10.72 4.34 4.39 2.14 2.70 0.00 6.72 6.83 2.83 3.14 14817850
5.63 3.10 5.19 3.12 5.99 5.44 0.00 3.41 5.27 2.31 5.32 6.20 3.84 4.90 5.18 4.49 2.13 3.37 6.44 8.96 4.21 4.79 6.67 4.38 4.48 2.59 2.72 0.00 6.74 6.98 2.91 3.16 14830939
5.52 3.08 5.06 0.00 5.55 5.41 3.68 3.40 5.27 4.07 4.98 6.69 3.80 4.89 5.31 4.61 2.74 3.58 6.20 9.57 4.24 4.92 5.79 5.55 4.52 2.36 2.72 0.00 6.74 6.56 2.84 3.14 14844029
5.66 3.03 4.97 3.60 5.54 5.45 0.00 3.44 5.32 3.32 5.74 6.50 4.06 5.14 5.45 4.78 2.72 3.78 6.64 0.00 4.17 4.64 5.09 4.37 4.71 2.35 2.74 0.00 6.73 6.64 2.88 3.17 14857119
5.37 2.97 4.76 2.85 5.82 5.45 3.29 3.43 4.11 2.94 5.68 0.00 3.98 4.94 5.41 4.79 2.77 3.65 6.42 9.06 4.28 0.00 9.26 4.90 4.45 2.16 2.80 0.00 6.77 6.73 2.88 3.27 14870209
5.45 3.07 4.77 3.22 5.68 5.55 3.67 3.37 3.67 4.54 5.57 6.31 3.89 5.03 5.52 4.73 3.04 3.91 6.41 8.99 4.28 4.52 8.52 4.47 4.51 2.44 2.81 0.00 6.51 6.64 2.92 3.17 14883299
5.55 2.90 4.64 2.91 5.92 5.47 3.78 3.36 5.03 2.81 5.76 5.99 4.10 5.00 5.51 5.04 3.02 3.55 6.31 8.94 4.25 4.54 8.04 0.00 4.55 2.31 2.75 0.00 6.86 7.00 2.83 3.71 14896389
5.30 3.06 5.26 2.91 5.79 5.67 3.65 4.04 5.25 3.33 5.16 6.06 3.82 5.03 5.73 5.16 0.00 3.86 7.08 8.98 4.11 4.46 3.18 4.20 4.35 2.28 2.79 0.00 6.98 6.81 2.94 3.23 14909479
5.45 3.04 4.57 3.09 5.71 5.58 3.53 3.23 5.15 3.02 5.75 6.17 2.60 4.96 5.52 5.08 2.10 3.68 6.44 9.03 4.09 4.46 10.56 0.00 4.47 2.20 2.76 0.00 6.88 6.78 2.98 3.24 14922570
5.49 3.03 4.82 3.04 5.65 5.64 3.59 3.25 0.00 4.36 5.62 6.11 3.92 5.15 5.66 5.09 2.70 4.16 5.98 8.94 4.31 4.52 9.32 4.73 4.40 2.32 2.91 0.00 6.99 6.59 3.01 3.25 14935659
5.42 3.76 4.49 2.75 5.73 5.66 3.52 3.31 3.66 3.52 5.64 6.05 4.08 5.14 5.85 5.20 2.91 3.69 6.45 8.91 3.91 0.00 10.53 5.42 4.48 2.81 2.76 0.00 6.94 6.50 2.99 3.43 14948750
5.28 3.06 4.37 0.00 5.81 5.65 3.83 3.36 3.82 2.71 5.40 6.04 3.99 4.65 5.65 5.31 2.05 3.65 6.20 9.69 3.86 4.41 6.62 5.03 4.46 2.42 2.76 0.00 5.70 6.12 2.96 3.17 14961839
5.44 3.06 4.78 2.98 5.79 5.67 3.53 3.31 4.60 2.57 5.61 5.76 3.92 5.16 5.75 5.35 2.86 3.74 4.50 9.30 4.35 4.58 10.27 4.89 4.49 2.35 2.79 0.00 6.92 6.74 3.03 3.26 14974930
5.74 3.12 4.40 0.00 5.85 5.69 3.34 3.21 5.38 2.66 5.46 6.54 3.80 5.23 5.75 5.19 2.14 3.56 5.04 8.89 4.40 4.74 10.56 5.20 4.51 2.33 2.80 0.00 6.96 5.96 2.96 3.24 14988020
5.54 3.00 4.19 3.18 5.89 5.74 3.47 3.29 5.41 4.63 5.43 6.08 3.99 5.28 5.83 5.34 2.39 4.01 6.64 8.92 2.36 4.63 10.96 5.13 4.48 2.40 2.79 0.00 7.05 6.67 3.13 3.20 15001110
5.45 3.01 4.37 2.93 6.01 5.85 3.63 3.22 5.18 3.47 5.52 5.93 4.09 3.69 6.07 5.47 2.11 3.58 6.28 8.95 4.37 4.54 2.83 5.21 4.50 2.36 2.79 0.00 6.97 6.70 3.04 3.26 15014199
5.98 2.92 3.93 3.25 5.99 5.81 3.41 3.37 5.06 3.94 5.44 5.82 3.97 5.39 5.90 5.47 2.18 3.41 5.07 8.93 4.44 5.04 10.58 4.71 4.47 2.26 2.78 0.00 6.74 6.65 3.03 3.30 15027290
5.44 2.99 3.77 0.00 5.87 5.94 3.72 3.26 3.08 3.60 5.05 5.75 3.89 5.37 5.90 5.41 2.13 3.48 6.16 0.00 4.52 4.60 10.48 5.20 4.44 2.40 2.77 0.00 7.14 4.58 3.28 0.00 15040380
0.00 3.10 3.59 5.06 5.98 5.90 3.33 3.17 4.28 3.12 5.47 5.74 3.85 5.44 6.06 5.50 2.04 3.64 6.18 8.88 4.48 4.29 0.00 0.00 4.30 2.64 2.74 0.00 7.02 6.65 3.06 3.26 15053469
5.85 2.98 3.55 0.00 5.99 6.05 3.40 3.20 4.65 3.13 5.15 5.78 4.00 5.36 5.98 5.77 2.05 3.64 6.46 9.04 4.44 4.38 5.22 4.43 4.48 2.56 2.82 5.56 6.51 6.89 3.06 3.31 15066559
6.12 3.20 3.65 2.98 6.19 5.90 3.43 3.14 4.98 4.04 5.30 5.76 4.03 5.51 6.13 5.62 2.06 3.70 6.16 9.15 4.39 0.00 10.39 4.46 4.45 2.34 2.89 0.00 7.02 6.66 3.03 3.31 15079650
6.29 3.09 3.63 3.41 6.11 6.11 3.86 3.18 5.21 3.54 5.28 5.43 4.10 5.58 6.09 5.63 2.06 3.59 5.87 8.95 4.44 4.26 10.57 0.00 4.44 2.32 2.83 0.00 7.07 6.65 3.18 3.37 15092740
5.80 2.98 3.59 4.88 6.06 6.03 3.45 3.18 5.07 2.78 5.23 5.14 3.94 5.46 6.14 5.56 2.26 3.72 5.99 8.77 4.54 4.26 10.58 4.87 4.32 2.59 2.79 0.00 6.95 6.82 3.16 3.39 15105830
5.81 3.11 3.86 2.93 6.16 6.17 3.52 3.29 5.10 4.21 5.05 5.43 3.91 4.82 6.22 6.23 2.70 4.23 6.03 8.86 4.44 4.16 10.47 0.00 4.33 2.76 3.17 0.00 6.95 6.54 3.07 3.43 15118920
5.52 3.16 3.56 4.96 6.24 6.09 3.43 3.23 4.73 4.08 5.06 5.22 3.90 5.51 6.26 5.71 0.00 3.65 6.31 8.90 4.39 4.28 0.00 4.06 4.51 2.39 2.86 0.00 6.06 6.65 3.21 3.39 15132009
0.00 3.63 3.56 5.08 6.15 6.11 3.42 3.14 4.55 3.68 4.97 5.13 3.85 5.56 6.16 5.59 0.00 3.85 6.22 8.88 4.52 4.74 10.53 5.16 4.65 2.58 2.85 0.00 6.95 6.57 3.21 3.54 15145100
5.73 3.14 3.55 0.00 0.00 6.18 3.45 3.14 4.60 4.14 4.74 5.14 3.84 3.03 6.18 5.67 2.88 3.76 6.22 8.88 4.46 3.94 9.41 5.25 4.83 2.32 2.78 0.00 6.87 6.62 3.15 3.44 15158189
5.71 3.01 3.72 3.08 6.41 6.11 3.32 3.32 4.58 3.43 4.68 5.10 3.95 5.59 6.18 5.97 0.00 3.66 6.39 8.88 4.48 4.13 10.21 4.73 4.46 2.46 2.78 0.00 6.92 6.95 3.13 3.45 15171280
0.00 3.06 3.58 2.89 6.03 6.12 3.43 3.17 5.02 4.17 4.54 5.35 4.71 5.54 6.45 6.17 0.00 3.67 6.61 8.90 4.48 3.76 10.80 4.40 4.52 2.62 2.81 0.00 6.91 6.54 3.16 3.52 15184370
0.00 2.99 3.62 4.83 6.11 6.10 3.37 3.25 4.60 3.93 4.56 5.14 4.24 5.64 6.30 5.70 2.20 3.64 6.69 8.75 4.44 3.95 9.99 4.92 4.25 2.42 2.81 0.00 6.89 6.69 3.14 3.47 15197459
0.00 2.95 3.59 4.89 6.21 6.17 3.40 3.19 4.68 4.06 4.85 4.91 3.77 5.58 6.29 5.73 0.00 3.58 6.52 8.97 4.44 4.13 10.32 4.40 4.53 3.00 2.74 0.00 6.94 6.52 3.15 3.98 15210550
0.00 3.04 3.62 2.79 6.14 6.24 3.33 3.19 4.62 3.93 4.65 5.16 3.75 5.88 6.35 5.64 2.93 3.76 6.31 8.96 4.51 4.32 10.54 0.00 4.78 2.34 2.74 0.00 6.98 6.66 3.13 4.18 15223640
0.00 3.06 3.65 4.97 6.34 6.20 3.42 3.19 4.42 3.93 4.70 5.04 4.05 5.68 6.26 5.66 2.76 3.59 6.12 8.98 4.48 4.04 10.34 4.36 4.43 2.34 2.81 0.00 6.92 6.56 3.13 3.53 15236730
0.00 0.00 3.60 4.99 6.33 6.14 3.49 3.09 4.43 3.90 4.63 5.27 4.11 5.55 6.24 5.84 2.09 3.88 6.24 8.93 4.44 0.00 0.00 4.09 4.65 2.33 2.75 0.00 7.22 6.53 3.47 3.43 15249819
0.00 0.00 3.35 2.96 6.12 6.13 0.00 3.15 4.62 4.03 5.00 4.66 4.04 5.61 6.29 5.65 0.00 4.12 6.65 8.97 4.47 3.60 10.46 0.00 4.79 2.27 2.72 0.00 7.00 6.44 3.24 3.57 15262910
5.76 3.05 3.48 4.97 6.15 6.16 4.00 3.13 4.47 4.04 4.66 4.75 3.77 5.61 6.28 5.76 2.24 3.71 6.36 9.00 4.39 3.77 10.34 0.00 4.69 2.27 2.76 0.00 6.89 6.53 3.14 3.44 15276000
5.94 3.10 3.43 4.89 6.15 6.20 3.63 3.15 4.38 3.94 4.59 4.80 3.98 5.68 6.31 5.68 0.00 3.72 6.98 9.02 4.49 3.69 0.00 4.29 4.97 2.27 2.72 0.00 6.92 6.50 3.13 3.65 15289089
0.00 3.14 3.72 0.00 6.27 6.18 4.20 3.27 4.44 3.84 4.70 4.59 3.72 5.62 6.35 5.79 2.75 3.75 6.47 8.90 4.48 3.64 10.85 0.00 4.42 2.28 2.70 0.00 6.89 6.74 3.19 3.41 15302180
0.00 3.07 3.33 4.92 6.27 6.33 3.43 3.15 4.51 4.23 4.91 4.69 3.89 5.86 6.30 5.78 2.78 3.79 6.57 9.04 4.52 3.45 0.00 5.49 4.49 2.30 2.76 0.00 7.11 6.44 3.25 4.18 15315269
5.73 3.15 3.38 3.47 6.20 6.36 3.42 3.35 4.38 3.73 4.88 4.87 4.01 5.71 6.37 5.77 2.42 3.81 6.17 9.03 4.40 3.74 10.57 4.40 4.97 2.38 2.78 0.00 6.89 6.42 3.22 3.45 15328360
0.00 3.08 3.45 4.90 6.26 6.18 3.41 3.28 4.41 3.76 4.48 4.42 3.78 5.71 6.27 5.74 2.64 3.97 6.42 9.37 4.40 3.66 0.00 5.20 4.57 2.39 2.91 0.00 6.94 6.40 3.29 4.15 15341449
5.78 3.61 3.25 0.00 6.17 6.18 3.47 3.19 4.50 3.77 4.31 4.46 4.12 5.60 6.38 5.78 2.07 3.90 6.07 9.03 4.43 3.56 10.05 4.56 4.76 2.32 2.85 0.00 6.90 6.46 3.25 3.43 15354540
0.00 3.05 3.32 0.00 6.30 6.24 3.42 3.30 4.57 3.75 4.30 4.57 3.81 5.66 6.35 5.68 2.05 3.80 6.80 9.42 4.42 0.00 10.13 4.46 4.78 2.32 2.76 0.00 6.91 6.47 3.36 3.42 15367630
0.00 3.13 3.42 0.00 6.11 6.19 3.45 3.29 4.59 3.83 4.30 4.46 4.07 5.69 6.32 5.64 0.00 3.68 6.39 9.03 4.63 3.97 9.70 4.23 4.58 2.27 2.81 0.00 6.89 6.56 3.19 3.43 15380719
0.00 3.09 3.33 3.64 6.16 6.16 3.54 3.13 4.39 3.81 4.33 4.51 3.76 5.69 0.00 5.74 2.53 3.91 6.65 9.02 4.53 3.49 0.00 4.51 4.54 2.26 2.78 0.00 6.87 6.39 3.26 3.58 15393809
0.00 3.65 3.27 5.08 0.00 6.17 3.92 3.10 4.41 3.99 4.44 4.48 3.66 5.75 6.29 5.71 0.00 3.82 6.89 9.04 4.54 0.00 9.68 0.00 4.66 2.33 2.81 0.00 7.74 6.38 3.18 3.34 15406899
5.73 2.93 3.23 0.00 6.22 6.18 3.95 3.13 4.22 3.94 4.33 4.36 3.85 5.95 6.30 5.67 0.00 3.73 6.74 9.04 4.44 4.14 10.38 4.55 4.65 2.32 2.76 0.00 7.18 6.44 3.19 3.35 15419990
5.79 3.04 3.22 4.86 6.27 6.19 3.62 3.18 4.30 3.96 4.28 4.41 3.71 5.72 6.30 5.66 2.67 3.66 7.11 9.01 4.37 3.44 0.00 5.04 4.82 2.28 2.75 0.00 6.91 6.48 3.59 3.34 15433079
0.00 3.06 3.33 0.00 6.17 6.18 3.43 3.19 4.30 4.01 4.64 4.11 3.87 5.70 6.30 6.14 2.11 0.00 6.86 9.05 4.77 3.46 9.73 4.52 4.65 2.30 2.76 0.00 6.91 6.38 3.19 3.41 15446169
0.00 3.13 3.24 4.89 6.24 6.11 3.50 3.25 4.27 3.84 4.26 4.43 3.94 5.73 6.39 5.77 2.11 3.87 6.83 9.41 4.42 3.39 10.22 4.23 4.79 2.34 2.76 0.00 6.88 6.42 3.20 3.30 15459260
0.00 3.07 3.36 4.90 6.37 6.24 3.44 3.25 4.26 3.92 4.47 4.14 3.82 5.93 6.44 5.78 2.21 3.72 6.77 8.92 4.42 0.00 9.69 5.01 4.83 2.29 2.89 0.00 6.90 6.41 3.20 3.35 15472349
0.00 3.72 3.30 0.00 6.39 6.26 3.47 3.10 4.19 3.88 4.54 4.34 3.74 5.73 6.44 5.77 2.50 3.77 7.33 9.03 4.46 3.44 9.73 0.00 4.83 2.28 2.77 0.00 6.86 6.40 3.41 3.30 15485439
0.00 3.12 3.36 0.00 6.14 6.24 3.45 3.13 4.15 3.91 4.45 4.19 3.87 5.78 6.31 5.76 2.02 3.76 6.67 9.03 4.44 0.00 0.00 4.85 4.82 2.28 3.08 0.00 6.93 6.79 3.24 3.34 15498529
0.00 3.09 3.24 0.00 6.27 6.23 3.45 3.20 4.16 4.05 4.34 4.23 3.85 5.77 6.34 5.80 2.13 3.66 6.85 9.06 4.38 3.63 9.67 4.78 4.82 2.28 2.77 0.00 6.94 6.59 3.29 3.28 15511619
0.00 3.12 3.27 0.00 6.34 6.27 3.45 3.30 4.14 3.97 4.37 4.32 3.96 5.69 6.36 5.77 2.15 3.67 6.86 9.06 4.43 3.57 0.00 0.00 4.71 2.28 2.76 0.00 6.87 6.57 3.32 3.41 15524709
0.00 3.15 3.45 0.00 6.31 6.26 3.46 3.33 4.13 3.81 4.26 4.09 3.73 5.80 6.67 5.77 2.35 3.96 6.38 9.05 4.50 3.48 0.00 4.80 4.75 2.30 2.75 0.00 6.89 6.58 0.00 3.38 15537799
0.00 3.11 3.25 0.00 6.32 6.35 3.52 3.14 4.13 3.81 4.38 4.15 3.83 5.75 6.29 5.77 2.30 3.98 6.86 8.84 4.51 0.00 9.72 0.00 4.69 2.29 2.74 0.00 6.97 6.53 3.33 3.36 15550889
0.00 3.15 3.28 0.00 6.21 6.28 3.48 3.26 4.13 3.80 4.20 4.15 3.98 5.88 6.57 5.77 2.24 3.95 6.89 9.05 4.50 0.00 0.00 0.00 4.72 2.29 2.75 0.00 6.93 6.47 3.28 3.38 15563979
0.00 3.01 3.45 0.00 6.32 6.22 3.48 3.34 4.14 4.03 4.18 4.01 3.81 5.88 6.92 5.78 2.20 3.95 6.29 9.00 4.53 3.48 0.00 4.85 4.72 2.30 2.77 0.00 6.95 0.00 3.37 4.06 15577069
0.00 3.01 3.31 0.00 6.28 6.26 3.47 3.17 4.14 3.84 4.64 4.26 3.88 5.85 6.52 5.77 2.06 3.92 6.46 8.95 4.52 0.00 0.00 0.00 4.73 2.30 2.75 0.00 7.01 6.65 3.23 3.29 15590159
0.00 3.06 3.25 0.00 6.26 6.25 3.45 3.19 4.15 3.82 4.18 4.29 3.70 5.89 6.64 5.77 2.05 3.90 6.72 9.14 4.51 0.00 0.00 0.00 4.84 2.29 2.73 0.00 6.90 6.57 3.31 3.28 15603249
0.00 3.05 3.97 0.00 0.00 6.22 3.44 3.31 4.14 3.78 4.20 4.22 4.22 5.87 6.63 5.77 2.04 3.88 6.64 8.91 4.50 4.04 0.00 0.00 4.86 2.30 2.72 0.00 6.92 0.00 3.44 3.40 15616339
0.00 3.05 3.20 0.00 6.21 6.18 3.46 3.42 4.13 3.75 4.58 3.99 3.85 5.87 6.64 5.77 2.05 3.88 6.83 8.79 4.60 3.41 0.00 5.04 4.81 2.30 2.74 0.00 6.90 6.65 3.49 3.41 15629429
0.00 3.03 3.32 0.00 6.22 6.21 3.44 3.15 4.14 3.92 4.14 4.13 3.78 5.83 6.65 5.77 2.03 3.91 6.95 8.92 4.53 3.38 0.00 5.18 4.85 2.29 2.75 0.00 6.89 0.00 3.26 3.29 15642519
0.00 3.04 3.22 0.00 6.26 6.21 3.44 3.12 4.14 3.91 4.29 4.00 3.90 5.91 6.51 5.78 2.02 3.95 6.70 8.86 4.61 3.57 10.32 0.00 4.84 2.28 2.75 0.00 6.95 6.44 3.30 3.26 15655610
0.00 3.08 3.22 0.00 6.14 6.17 3.44 3.26 4.13 3.66 4.40 4.05 3.69 5.84 6.62 5.77 2.02 3.76 6.64 8.61 4.60 3.98 0.00 0.00 4.81 2.29 2.74 0.00 6.88 6.43 3.30 3.56 15668699
5.74 3.04 3.32 0.00 6.15 6.18 3.45 3.23 4.12 3.64 4.36 4.01 3.80 5.78 6.87 5.78 2.02 3.75 6.65 8.91 0.00 4.08 0.00 0.00 4.82 2.31 2.75 0.00 6.90 6.45 3.28 0.00 15681789
0.00 3.03 3.28 0.00 6.21 6.17 3.46 3.51 4.13 3.79 4.20 4.06 3.87 5.74 6.92 5.79 2.02 3.94 6.74 8.91 4.50 3.60 0.00 5.51 4.76 2.28 2.81 0.00 6.90 6.40 3.29 3.34 15694879
0.00 3.02 3.98 0.00 6.12 6.17 0.00 3.10 4.12 3.69 4.29 4.02 3.75 5.70 6.34 5.78 2.57 3.80 6.72 8.82 4.50 3.87 0.00 5.23 4.73 2.29 2.76 0.00 6.93 6.52 3.40 3.30 15707969
0.00 3.03 3.27 0.00 6.28 6.18 3.42 3.11 4.42 3.44 4.17 4.22 3.87 5.76 6.61 5.78 2.64 3.86 6.42 8.90 4.52 4.00 0.00 0.00 4.73 2.36 2.86 0.00 6.89 6.49 3.45 3.45 15721059
0.00 3.00 3.29 0.00 6.48 6.36 3.43 3.19 4.18 3.61 4.00 4.03 3.74 5.78 6.79 5.79 2.01 3.88 6.42 8.88 4.52 3.49 0.00 5.08 4.79 2.38 2.82 0.00 6.91 6.42 3.27 3.32 15734149
0.00 3.00 3.22 0.00 6.23 6.30 4.13 3.20 4.20 3.59 4.01 4.02 4.19 5.69 6.55 5.76 2.01 3.89 6.47 8.90 4.55 3.51 0.00 0.00 4.76 2.40 3.01 0.00 6.92 6.54 3.31 3.32 15747239
0.00 3.00 3.40 0.00 6.25 6.25 3.38 3.22 4.25 3.54 4.06 4.07 3.98 5.70 6.38 5.78 2.05 3.85 6.28 8.73 4.51 0.00 10.86 0.00 4.85 2.26 2.74 0.00 6.90 6.45 3.31 3.39 15760330
0.00 3.02 3.21 0.00 6.36 6.24 3.40 0.00 4.23 3.53 4.23 4.10 4.01 5.79 6.34 5.71 2.08 3.85 6.50 8.91 4.48 4.01 0.00 4.00 4.81 2.24 2.69 0.00 6.94 6.38 3.28 3.41 15773419
0.00 3.03 3.54 0.00 6.25 6.24 3.41 3.34 4.17 3.75 4.03 4.04 3.90 5.85 0.00 5.78 3.00 3.85 6.94 8.91 4.47 3.41 10.85 0.00 4.81 2.27 2.92 0.00 7.01 6.46 3.27 3.33 15786510
0.00 3.06 3.26 0.00 6.29 6.25 3.43 3.44 4.21 3.58 4.07 4.10 4.00 5.77 6.32 5.78 2.89 3.85 7.41 8.89 4.43 3.44 11.00 0.00 4.84 2.26 2.78 0.00 7.03 6.48 3.30 3.37 15799600
0.00 3.02 3.33 0.00 6.14 6.32 3.44 3.31 4.18 3.56 4.19 4.20 3.88 5.83 6.32 5.77 2.90 3.84 6.60 8.95 4.43 3.49 10.84 0.00 4.82 2.28 2.76 0.00 6.89 6.41 3.25 3.31 15812690
0.00 3.10 3.27 0.00 6.32 6.26 3.44 3.18 4.24 3.59 4.16 3.96 3.99 5.85 6.31 5.77 2.92 3.77 6.81 8.99 4.43 3.41 0.00 4.43 4.83 2.28 2.76 0.00 6.91 6.38 3.34 3.42 15825779
0.00 3.01 3.30 0.00 0.00 6.34 3.64 3.29 4.15 3.66 4.23 3.83 3.77 5.95 6.32 5.77 2.91 3.65 6.47 8.98 4.43 3.78 10.60 0.00 4.84 2.26 2.83 0.00 6.92 6.39 3.34 3.31 15838870
0.00 3.00 3.31 0.00 6.28 6.36 3.63 3.16 4.25 3.79 4.09 3.97 3.74 5.77 6.41 5.78 0.00 3.66 6.49 9.02 4.40 3.56 10.59 0.00 4.84 2.25 2.78 0.00 6.93 0.00 3.28 3.33 15851960
0.00 3.08 3.23 0.00 6.35 6.26 4.02 3.15 4.13 3.70 4.08 3.95 3.82 5.71 6.33 5.67 2.92 3.66 6.65 9.01 4.40 3.47 10.57 4.31 4.85 2.28 2.75 0.00 6.90 6.45 3.30 3.32 15865050
6.19 3.00 3.23 0.00 6.30 6.25 3.45 3.30 4.14 3.67 4.12 4.18 4.00 0.00 6.44 5.69 2.94 3.65 6.64 8.73 4.39 3.60 10.78 0.00 4.80 2.30 2.78 0.00 6.99 6.42 3.30 3.31 15878140
0.00 2.97 3.75 0.00 6.20 6.19 3.47 3.27 4.15 3.63 3.89 3.72 3.73 5.71 6.49 5.77 0.00 3.65 6.66 9.06 4.41 0.00 0.00 4.79 4.85 2.29 2.75 0.00 6.97 6.48 3.36 3.32 15891229
0.00 3.10 3.31 0.00 6.46 6.23 3.60 3.33 4.22 3.61 3.85 3.81 3.88 5.98 6.35 5.77 0.00 3.66 6.66 8.99 4.42 0.00 10.22 0.00 4.83 2.23 2.79 0.00 6.93 6.39 3.39 3.36 15904320
0.00 3.06 3.20 0.00 6.19 6.25 3.53 3.34 4.19 3.69 3.91 3.74 3.83 6.02 6.37 5.79 0.00 3.62 6.34 9.07 4.42 4.09 10.56 4.74 4.82 2.49 2.76 0.00 6.91 6.63 3.34 4.05 15917410
0.00 3.05 3.23 0.00 6.17 6.30 3.43 3.26 4.24 3.48 3.91 3.91 3.91 5.86 6.42 5.78 0.00 3.66 6.68 8.73 4.42 3.84 10.58 0.00 4.82 2.23 2.71 0.00 6.94 6.40 3.29 3.36 15930500
0.00 3.08 3.26 4.87 6.44 6.34 3.43 3.18 4.10 3.55 3.71 3.71 3.90 5.75 7.06 5.95 0.00 3.60 6.76 8.80 4.52 3.73 0.00 5.32 4.68 2.73 2.84 0.00 6.91 6.62 3.27 3.37 15943589
0.00 3.07 3.47 4.88 6.18 6.34 3.44 3.48 4.09 3.63 3.77 3.74 3.88 5.92 6.32 5.76 0.00 3.66 6.45 8.72 4.52 3.37 0.00 5.26 4.63 2.23 2.73 0.00 7.70 6.35 3.29 3.38 15956679
6.20 3.07 3.24 4.89 6.16 6.32 3.38 3.35 4.49 3.90 3.96 3.82 3.85 5.90 6.33 5.63 0.00 3.67 6.77 8.79 4.51 3.47 10.34 4.51 4.77 2.29 2.77 0.00 6.94 6.60 3.26 3.31 15969770
0.00 3.01 3.28 4.96 6.27 6.32 3.40 3.15 4.34 3.85 3.80 3.80 4.08 5.95 0.00 5.72 0.00 3.64 0.00 8.89 4.40 3.40 0.00 4.40 4.73 2.23 2.75 0.00 6.90 6.69 3.28 3.32 15982859
0.00 3.06 0.00 5.11 6.24 6.29 3.40 3.15 4.00 3.79 3.81 3.78 3.98 5.79 0.00 5.73 0.00 3.65 7.10 8.76 4.38 3.50 10.46 4.35 4.66 2.77 2.77 0.00 6.97 6.39 3.35 3.32 15995950
0.00 3.05 3.22 4.98 6.20 6.26 3.49 3.17 4.02 3.67 3.81 4.47 3.87 5.80 6.29 5.75 0.00 3.68 0.00 8.83 4.40 3.63 10.28 4.43 4.65 0.00 2.75 0.00 6.93 6.40 3.36 3.34 16009040
0.00 3.06 3.22 5.08 6.26 6.35 3.44 3.30 4.00 3.69 3.80 0.00 3.73 5.73 6.31 5.75 0.00 3.65 6.65 8.72 4.45 3.61 10.27 4.40 4.76 2.25 2.73 0.00 6.92 6.36 4.03 3.36 16022130
0.00 3.01 3.24 0.00 6.25 6.27 3.43 3.23 3.98 3.70 3.76 3.86 3.83 5.72 6.30 5.75 0.00 3.67 6.61 8.76 4.50 3.69 10.05 4.42 4.58 2.26 2.74 0.00 6.93 0.00 3.77 4.07 16035220
0.00 3.01 3.28 0.00 6.24 6.39 3.63 3.22 4.00 3.86 3.76 3.72 3.92 5.90 6.31 5.73 0.00 3.68 6.57 8.75 4.50 3.62 10.28 4.46 4.58 2.25 2.73 0.00 6.93 6.43 3.41 3.54 16048310
0.00 3.01 3.27 0.00 6.23 6.48 3.45 3.12 4.21 3.83 3.72 3.78 3.81 5.98 6.37 5.74 0.00 3.64 6.60 8.76 4.41 3.72 10.22 0.00 4.59 2.25 2.73 0.00 6.94 6.37 3.35 3.38 16061400
0.00 3.04 3.29 0.00 6.28 6.50 3.42 3.15 4.21 3.83 3.83 3.76 3.73 5.78 6.36 5.72 0.00 3.71 6.62 8.78 4.45 3.55 10.29 4.43 4.59 2.25 2.73 0.00 6.90 6.33 3.28 3.35 16074490
0.00 3.03 3.30 0.00 6.32 6.41 3.42 3.18 4.02 3.82 3.71 3.81 3.86 5.86 6.40 5.73 0.00 3.71 6.41 8.78 4.47 3.58 10.26 4.42 4.58 2.24 2.75 0.00 6.91 6.32 0.00 3.48 16087580
0.00 3.04 3.26 0.00 6.24 6.39 3.42 3.11 4.01 3.75 3.72 3.61 3.96 5.98 6.42 5.72 0.00 3.71 6.58 8.76 4.48 3.36 9.67 4.37 4.59 2.95 2.74 0.00 6.91 6.31 3.45 3.37 16100669
0.00 3.04 3.24 0.00 6.25 6.32 3.41 3.11 4.00 3.75 3.86 3.52 3.72 5.84 0.00 5.72 0.00 3.72 6.60 8.77 4.44 3.61 10.29 4.44 4.60 2.88 2.75 0.00 6.92 6.32 3.47 3.39 16113760
0.00 3.03 3.24 0.00 6.32 6.28 3.41 3.15 4.00 3.75 3.75 3.55 3.95 5.89 6.67 5.73 0.00 3.71 6.58 8.75 4.44 3.36 10.31 0.00 4.59 2.25 2.74 0.00 6.92 6.43 3.42 3.45 16126850
0.00 3.01 3.25 0.00 6.22 6.29 3.45 3.13 3.99 3.76 3.79 3.76 3.77 5.87 6.33 5.72 0.00 3.71 6.59 8.73 4.42 3.37 10.27 0.00 4.58 2.25 2.74 0.00 6.92 6.36 4.02 3.36 16139940
0.00 3.01 3.26 0.00 6.25 6.29 3.41 3.12 3.99 3.76 3.86 3.82 3.78 5.87 6.27 5.73 0.00 3.71 6.57 8.98 4.42 4.02 10.30 4.38 4.58 2.26 2.73 0.00 6.94 6.33 3.37 3.34 16153030
0.00 3.01 3.26 0.00 6.27 6.28 3.40 3.11 3.98 3.75 3.87 4.13 3.77 5.84 6.38 5.73 0.00 3.71 6.60 8.89 4.42 3.52 10.27 5.59 4.57 2.26 2.73 0.00 6.96 6.43 3.69 3.35 16166120
0.00 3.02 3.28 0.00 6.22 6.28 3.40 3.13 3.97 3.76 3.89 3.78 3.72 5.81 6.30 5.74 0.00 3.72 6.58 8.90 4.49 3.60 10.41 5.43 4.58 2.26 2.73 0.00 6.94 6.35 3.34 3.37 16179210
0.00 3.02 3.27 0.00 6.22 6.30 3.39 3.15 3.98 3.77 3.86 3.57 3.73 5.96 6.37 5.72 0.00 3.72 6.61 8.87 4.48 0.00 10.41 4.01 4.58 2.23 2.74 0.00 6.94 6.54 3.32 3.37 16192300
0.00 3.04 3.28 0.00 6.23 6.30 3.38 3.37 3.96 3.76 3.83 3.62 3.74 5.76 6.34 5.73 0.00 3.73 6.53 9.03 4.48 4.11 10.29 4.21 4.58 2.24 2.74 0.00 6.94 6.35 3.39 3.36 16205390
0.00 3.02 3.30 0.00 6.32 6.38 3.39 3.41 3.97 3.77 4.12 3.75 3.73 5.81 6.37 5.73 0.00 3.72 6.50 8.78 4.46 3.74 10.39 4.09 4.58 2.24 2.74 0.00 7.68 6.35 3.40 3.36 16218480
0.00 3.01 3.29 0.00 6.21 6.36 3.39 3.33 3.98 3.78 3.87 4.27 0.00 5.85 6.38 5.73 0.00 3.74 6.59 9.04 4.49 3.68 10.27 4.21 4.57 2.23 2.74 0.00 7.74 6.38 3.35 3.44 16231570
0.00 3.03 3.29 0.00 6.21 6.36 3.38 3.33 3.93 3.78 3.87 3.87 4.09 5.88 6.37 5.73 0.00 3.73 6.57 8.93 4.46 3.77 10.42 3.98 4.58 2.24 2.74 0.00 7.17 6.37 3.37 3.45 16244660
0.00 3.04 3.28 0.00 6.22 6.36 3.38 3.34 3.93 3.79 3.87 3.52 4.07 5.86 6.38 5.73 0.00 3.74 6.47 8.97 4.47 3.78 10.45 4.00 4.58 2.24 2.73 0.00 7.14 6.38 3.36 3.46 16257750
0.00 3.03 3.28 0.00 6.23 6.35 3.38 3.33 3.93 3.79 3.89 3.50 4.11 5.85 6.38 5.73 0.00 3.74 6.48 8.65 4.46 3.57 10.30 3.98 4.57 2.46 2.73 0.00 7.09 6.36 3.35 3.45 16270840
0.00 3.00 3.28 0.00 6.23 6.34 3.40 3.33 3.95 3.80 3.89 3.50 4.11 5.85 6.39 5.72 0.00 3.73 6.47 8.66 4.40 3.57 0.00 3.99 4.60 2.26 2.73 0.00 7.07 6.36 3.37 3.44 16283929
0.00 3.00 3.28 0.00 6.23 6.34 3.40 3.34 3.94 3.81 3.85 3.49 3.94 5.86 6.38 5.72 0.00 3.73 6.46 0.00 4.41 3.56 0.00 3.97 4.60 2.26 2.74 0.00 7.08 6.35 3.38 3.44 16297019
0.00 3.00 3.27 0.00 6.22 6.34 3.41 3.32 3.93 3.81 3.86 3.52 3.95 5.85 6.38 5.72 0.00 3.72 6.46 8.77 4.41 3.55 0.00 3.97 4.60 2.25 2.74 0.00 7.06 6.34 3.37 3.44 16310109
0.00 3.00 3.27 0.00 6.22 6.34 3.41 3.33 3.94 3.83 3.86 3.59 4.11 5.85 6.37 5.74 0.00 3.73 6.43 9.34 4.41 3.54 0.00 3.97 4.61 2.25 2.75 0.00 7.05 6.36 3.37 3.43 16323199
0.00 3.01 3.26 0.00 6.22 6.33 3.40 3.33 3.94 3.82 3.86 3.56 4.12 5.85 6.38 5.73 0.00 3.71 6.44 9.40 4.41 3.56 0.00 3.97 4.61 2.25 2.74 0.00 7.07 6.36 3.38 3.43 16336289
0.00 3.01 3.25 0.00 6.22 6.33 3.41 3.34 3.94 3.84 3.85 3.55 4.12 5.84 6.38 5.75 0.00 3.71 6.46 9.44 4.41 3.55 9.70 3.97 4.59 2.25 2.74 0.00 7.07 6.35 3.37 3.44 16349379
0.00 3.01 3.24 4.95 6.23 6.33 3.41 3.34 3.95 3.83 3.86 3.56 4.11 5.86 6.38 5.75 0.00 3.71 6.56 9.44 4.41 3.56 9.68 3.97 4.60 2.24 2.75 0.00 7.08 6.34 3.38 3.44 16362469
0.00 3.01 3.28 0.00 6.22 6.33 3.42 3.34 3.94 3.82 3.85 3.57 4.43 5.85 6.38 5.75 0.00 3.71 6.59 9.46 4.41 3.55 9.69 3.97 4.60 2.25 2.75 0.00 7.08 6.36 3.37 3.44 16375559
0.00 3.01 3.26 0.00 6.22 6.33 3.40 3.34 3.94 3.83 3.85 3.55 4.42 5.86 6.38 5.74 0.00 3.71 6.71 0.00 4.41 3.56 9.70 3.96 4.59 2.25 2.75 0.00 7.09 6.35 3.37 3.43 16388649
0.00 3.01 3.26 0.00 6.21 6.34 3.41 3.33 3.94 3.84 3.86 3.58 4.45 5.85 6.38 5.74 0.00 3.70 6.71 8.93 4.40 3.57 9.69 3.97 4.60 2.25 2.74 0.00 7.06 6.35 3.35 3.45 16401739
0.00 3.02 3.26 0.00 6.23 6.34 3.41 3.34 3.94 3.84 3.88 3.58 0.00 5.86 6.37 5.73 0.00 3.71 6.98 8.73 4.41 3.56 9.72 3.99 4.60 2.25 2.75 0.00 7.06 6.35 3.36 3.45 16414829
0.00 3.01 3.25 0.00 6.22 6.34 3.42 3.33 3.93 3.85 3.87 3.57 0.00 5.85 6.37 5.71 0.00 3.71 6.47 8.69 4.41 3.56 9.71 3.98 4.59 2.24 2.75 0.00 7.07 6.35 3.35 3.44 16427919
0.00 3.02 3.26 0.00 6.23 6.35 3.40 3.33 3.94 3.85 3.87 3.57 0.00 5.86 6.37 5.74 0.00 3.72 6.46 8.52 4.41 3.56 9.71 3.98 4.59 2.25 2.74 0.00 7.07 6.36 3.35 3.45 16441009
0.00 3.02 3.26 0.00 6.22 6.33 3.40 3.35 3.94 3.87 3.86 3.57 0.00 5.86 6.38 5.73 0.00 3.70 6.46 8.50 4.42 3.56 9.69 3.98 4.60 2.25 2.74 0.00 7.04 6.36 3.35 3.45 16454099
0.00 3.02 3.25 0.00 6.22 6.35 3.40 3.35 3.94 3.86 3.86 3.57 0.00 5.85 6.38 5.73 0.00 3.70 6.89 8.50 4.42 3.56 9.69 3.97 4.60 2.25 2.75 0.00 7.05 6.35 3.33 3.45 16467189
0.00 3.01 3.26 0.00 6.22 6.34 3.40 3.33 3.94 3.86 3.86 3.58 0.00 5.85 6.37 5.74 0.00 3.71 6.89 8.50 4.41 3.56 9.70 3.97 4.61 2.24 2.75 0.00 7.04 6.34 3.34 3.45 16480279
0.00 3.01 3.25 0.00 6.22 6.33 3.41 3.33 3.93 3.87 3.86 3.58 0.00 5.86 6.37 5.73 0.00 3.70 6.94 8.51 4.41 3.55 9.70 3.98 4.61 2.24 2.75 0.00 7.04 6.36 3.34 3.44 16493369
0.00 3.02 3.25 0.00 6.22 6.34 3.40 3.34 3.94 3.85 3.87 3.58 0.00 5.86 6.37 5.73 0.00 3.70 6.95 8.50 4.42 3.56 9.68 3.99 4.60 2.24 2.75 0.00 7.04 6.36 3.34 3.44 16506459
0.00 3.01 3.26 0.00 6.23 6.34 3.40 3.33 3.95 3.87 3.86 3.57 0.00 5.86 6.38 5.72 0.00 3.70 6.95 8.49 4.43 3.56 9.68 3.98 4.59 2.26 2.75 0.00 7.05 6.35 3.34 3.44 16519549
0.00 3.01 3.25 0.00 6.23 6.35 3.41 3.33 3.94 3.86 3.85 3.59 0.00 5.86 6.37 5.72 0.00 3.70 6.27 8.50 4.42 3.56 9.68 3.98 4.61 2.25 2.75 0.00 7.05 6.36 3.33 3.45 16532639
0.00 3.01 3.25 0.00 6.22 6.35 3.40 3.32 3.93 3.87 3.85 3.58 0.00 5.85 6.36 5.73 0.00 3.69 6.93 8.48 4.42 3.56 9.69 3.98 4.60 2.25 2.75 0.00 7.03 6.35 3.33 3.45 16545729
0.00 3.02 3.26 0.00 6.21 6.35 3.39 3.34 3.94 3.86 3.86 3.60 0.00 5.84 6.37 5.73 0.00 3.69 6.95 8.48 4.42 3.56 9.68 3.98 4.61 2.25 2.75 0.00 7.04 6.35 3.34 3.45 16558819
0.00 3.02 3.26 0.00 6.22 6.34 3.40 3.34 3.94 3.86 3.87 3.60 0.00 5.86 6.37 5.73 0.00 3.69 6.64 8.49 4.43 3.56 9.67 3.98 4.61 2.24 2.76 0.00 7.04 6.34 3.33 3.44 16571909
0.00 3.03 3.26 0.00 6.22 6.34 3.41 3.34 3.94 3.86 3.86 3.59 0.00 5.86 6.36 5.73 0.00 3.69 6.80 8.49 4.43 3.56 9.68 3.98 4.60 2.25 2.76 0.00 7.03 6.35 3.33 3.44 16584999
0.00 3.02 3.25 0.00 6.22 6.34 3.41 3.33 3.92 3.86 3.87 3.60 0.00 5.85 6.37 5.70 0.00 3.69 6.80 8.48 4.43 3.56 9.68 3.99 4.61 2.24 2.75 0.00 7.04 6.35 3.31 3.44 16598089
0.00 3.02 3.27 0.00 6.22 6.35 3.41 3.33 3.93 3.87 3.88 3.60 0.00 5.85 6.37 5.71 0.00 3.70 6.63 8.48 4.44 3.56 9.68 3.99 4.60 2.25 2.74 0.00 7.05 6.36 3.31 3.45 16611179
0.00 3.01 3.27 3.13 6.23 6.34 3.41 3.33 3.94 3.86 3.88 3.60 4.71 5.86 6.38 5.70 0.00 3.68 6.61 8.47 4.44 3.56 9.68 4.00 4.61 2.25 2.74 0.00 7.03 6.36 3.31 3.44 16624269
0.00 3.02 3.26 3.15 6.22 6.35 3.41 3.34 3.93 3.86 3.87 3.62 4.73 5.85 6.38 5.70 0.00 3.69 6.62 8.47 4.47 3.57 9.69 3.98 4.61 2.25 2.76 0.00 7.05 6.35 3.32 3.45 16637359
0.00 3.01 3.26 3.12 6.21 6.34 3.41 3.33 3.93 3.86 3.87 3.62 4.67 5.86 6.37 5.70 0.00 3.68 6.60 8.46 4.45 3.56 9.71 3.98 4.62 2.24 2.75 0.00 7.03 6.34 3.32 3.44 16650449
0.00 3.01 3.26 3.13 6.22 6.34 3.42 3.33 3.92 3.87 3.88 3.62 4.68 5.86 6.36 5.69 0.00 3.68 6.60 8.46 4.47 3.56 9.71 3.99 4.62 2.24 2.75 0.00 7.03 6.37 3.33 3.44 16663539
0.00 3.01 3.27 3.13 6.23 6.35 3.42 3.33 3.92 3.87 3.87 3.61 0.00 5.86 6.37 5.70 0.00 3.68 6.60 8.47 4.48 3.56 9.71 3.98 4.63 2.25 2.75 0.00 7.03 6.36 3.33 3.43 16676629
0.00 3.02 3.27 0.00 6.21 6.34 3.42 3.33 3.93 3.86 3.87 3.58 0.00 5.87 6.37 5.70 0.00 3.68 6.59 8.47 4.47 3.57 9.67 3.98 4.61 2.25 2.75 0.00 7.04 6.35 3.33 3.44 16689719
0.00 3.01 3.26 3.17 6.22 6.34 3.42 3.33 3.94 3.86 3.88 3.56 0.00 5.87 6.37 5.74 0.00 3.68 6.59 8.46 4.48 3.56 9.66 3.98 4.61 2.24 2.76 0.00 7.03 6.35 3.32 3.43 16702809
0.00 3.00 3.25 3.16 6.23 6.35 3.41 3.33 3.93 3.86 3.88 3.59 0.00 5.87 6.37 5.74 0.00 3.69 6.60 8.46 4.49 3.56 9.65 3.98 4.62 2.25 2.74 0.00 7.04 6.36 3.34 3.44 16715899
0.00 3.01 3.27 0.00 6.22 6.35 3.41 3.32 3.92 3.86 3.88 3.58 0.00 5.87 6.37 5.73 0.00 3.68 6.61 8.48 4.48 3.56 9.65 3.98 4.62 2.25 2.76 0.00 7.04 6.37 3.34 3.45 16728989
0.00 3.01 3.26 3.14 6.21 6.35 3.39 3.34 3.93 3.87 3.88 3.60 0.00 5.89 6.37 5.74 0.00 3.68 6.60 8.48 4.49 3.56 9.65 3.99 4.61 2.24 2.76 0.00 7.03 6.37 3.34 3.44 16742079
0.00 3.01 3.26 3.12 6.22 6.34 3.40 3.33 3.91 3.86 3.87 3.59 0.00 5.88 6.37 5.74 0.00 3.68 6.59 8.48 4.48 3.56 9.65 3.98 4.61 2.24 2.75 0.00 7.03 6.35 3.34 3.43 16755169
0.00 3.00 3.25 3.10 6.22 6.35 3.41 3.32 3.93 3.85 3.88 3.59 0.00 5.87 6.36 5.74 0.00 3.68 6.60 8.48 4.47 3.57 9.64 3.98 4.62 2.24 2.75 0.00 7.04 6.35 3.33 3.45 16768259
0.00 3.00 3.26 3.12 6.21 6.33 3.41 3.32 3.92 3.86 3.88 3.57 0.00 5.89 6.36 5.74 0.00 3.68 6.60 8.48 4.47 3.56 9.66 3.99 4.61 2.25 2.75 0.00 7.04 6.36 3.32 3.44 16781349
0.00 3.01 3.26 3.12 6.22 6.33 3.40 3.33 3.92 3.86 3.87 3.59 0.00 5.88 6.38 5.74 0.00 3.67 6.59 8.47 4.48 3.56 9.67 3.99 4.62 2.23 2.75 0.00 7.03 6.36 3.33 3.44 16794439
0.00 3.01 3.26 3.10 6.21 6.34 3.40 3.33 3.92 3.86 3.87 3.59 0.00 5.90 6.38 5.73 0.00 3.67 6.60 8.48 4.49 3.56 9.66 3.97 4.63 2.24 2.76 0.00 7.04 6.36 3.32 3.45 16807529
0.00 3.01 3.25 3.08 6.22 6.34 3.39 3.32 3.92 3.85 3.87 3.59 0.00 5.90 6.37 5.74 0.00 3.67 6.59 8.47 4.47 3.56 9.66 3.99 4.63 2.24 2.75 0.00 7.03 6.35 3.33 3.44 16820619
0.00 3.01 3.25 3.09 6.23 6.33 3.40 3.32 3.92 3.86 3.87 3.60 0.00 5.89 6.36 5.74 0.00 3.67 6.59 8.49 4.47 3.56 9.66 3.98 4.64 2.23 2.75 0.00 7.03 6.36 3.34 3.43 16833709
0.00 3.01 3.24 3.07 6.22 6.33 3.40 3.33 3.93 3.85 3.88 3.58 0.00 5.88 6.37 5.74 0.00 3.68 6.59 8.49 4.48 3.57 9.66 3.99 4.63 2.23 2.76 0.00 7.04 6.36 3.33 3.43 16846799
0.00 3.01 3.25 3.08 6.22 6.34 3.39 3.33 3.92 3.85 3.87 3.59 0.00 5.88 6.36 5.74 0.00 3.68 6.59 8.49 4.49 3.56 9.67 3.98 4.63 2.24 2.76 0.00 7.03 6.35 3.33 3.44 16859889
0.00 3.00 3.24 3.08 6.22 6.35 3.39 3.33 3.91 3.86 3.87 3.59 0.00 5.88 6.37 5.73 0.00 3.67 6.60 8.48 4.48 3.56 9.68 3.98 4.64 2.24 2.76 0.00 7.03 6.36 3.33 3.45 16872979
0.00 3.01 3.25 3.08 6.21 6.33 3.40 3.33 3.93 3.87 3.87 3.59 0.00 5.91 6.37 5.74 0.00 3.67 6.59 8.48 4.48 3.56 9.67 3.98 4.63 2.24 2.76 0.00 7.04 6.36 3.33 3.44 16886069
0.00 3.00 3.24 3.07 6.21 6.33 3.40 3.32 3.91 3.85 3.87 3.59 0.00 5.88 6.37 5.74 0.00 3.68 6.59 8.48 4.48 3.56 9.65 3.99 4.62 2.24 2.75 0.00 7.04 6.35 3.32 3.43 16899159
0.00 3.00 3.23 3.08 6.23 6.34 3.39 3.32 3.91 3.85 3.87 3.60 0.00 5.91 6.38 5.73 0.00 3.68 6.59 8.49 4.47 3.57 9.66 3.99 4.64 2.24 2.75 0.00 7.04 6.36 3.34 3.43 16912249
0.00 3.00 3.25 3.08 6.21 6.34 3.39 3.32 3.92 3.87 3.86 3.60 4.01 5.92 6.37 5.75 0.00 3.67 6.59 8.49 4.48 3.56 9.67 3.98 4.64 2.24 2.75 0.00 7.04 6.36 3.33 3.44 16925339
0.00 3.01 3.26 3.08 6.22 6.33 3.39 3.33 3.92 3.85 3.87 3.59 3.98 5.91 6.37 5.75 0.00 3.67 6.58 8.49 4.48 3.57 9.67 3.99 4.63 2.23 2.76 0.00 7.03 6.36 3.34 3.45 16938429
0.00 2.99 3.25 3.07 6.23 6.34 3.40 3.34 3.92 3.86 3.86 3.61 0.00 5.93 6.37 5.74 0.00 3.66 6.58 8.49 4.48 3.56 9.66 3.99 4.64 2.24 2.76 0.00 7.03 6.35 3.34 3.44 16951519
0.00 3.00 3.25 3.08 6.22 6.34 3.39 3.32 3.92 3.85 3.87 3.59 4.01 5.93 6.37 5.73 0.00 3.67 6.59 8.49 4.49 3.56 9.66 3.99 4.63 2.23 2.75 0.00 7.04 6.36 3.34 3.44 16964609
0.00 3.00 3.25 3.07 6.22 6.34 3.39 3.32 3.92 3.86 3.87 3.59 4.00 5.90 6.37 5.73 0.00 3.67 6.58 8.48 4.48 3.56 9.66 3.99 4.63 2.24 2.75 0.00 7.04 6.35 3.34 3.44 16977699
0.00 3.00 3.24 3.08 6.21 6.34 3.40 3.33 3.91 3.86 4.57 3.54 4.47 6.01 6.38 5.73 0.00 3.66 6.58 8.50 4.48 3.56 9.67 3.98 4.63 2.24 2.76 0.00 7.02 6.36 3.32 3.43 16990789
0.00 3.00 3.25 3.08 6.22 6.33 3.40 3.33 3.92 3.86 4.20 3.51 4.46 5.93 6.37 5.73 0.00 3.67 6.58 8.49 4.48 3.57 9.66 3.99 4.64 2.23 2.76 0.00 7.03 6.36 3.33 3.44 17003879
0.00 3.00 3.26 3.08 6.23 6.33 3.39 3.32 3.92 3.86 4.25 3.51 4.46 5.99 6.36 5.75 0.00 3.67 6.58 8.48 4.47 3.56 9.67 3.99 4.64 2.24 2.76 0.00 7.03 6.36 3.34 3.42 17016969
0.00 3.00 3.26 3.08 6.22 6.33 3.40 3.33 3.94 3.86 4.38 3.52 4.46 5.98 6.36 5.74 0.00 3.67 6.58 8.49 4.48 3.58 9.66 3.99 4.63 2.24 2.76 0.00 7.05 6.36 3.33 3.43 17030059
0.00 3.00 3.25 3.08 6.21 6.34 3.39 3.32 3.93 3.86 4.25 3.52 4.46 5.98 6.36 5.73 0.00 3.68 6.59 8.48 4.47 3.58 9.66 3.98 4.64 2.24 2.76 0.00 7.04 6.36 3.32 3.44 17043149
0.00 3.00 3.25 3.08 6.22 6.34 3.39 3.32 3.93 3.87 4.25 3.52 4.45 5.99 6.35 5.73 0.00 3.67 6.58 8.49 4.48 3.57 9.67 3.99 4.64 2.24 2.76 0.00 7.03 6.36 3.33 3.45 17056239
0.00 3.01 3.25 3.07 6.22 6.35 3.39 3.33 3.94 3.86 4.18 3.53 4.44 5.90 6.36 5.73 0.00 3.67 6.57 8.48 4.48 3.58 9.67 3.98 4.65 2.24 2.75 0.00 7.04 6.36 3.33 3.44 17069329
0.00 3.01 3.26 3.07 6.21 6.34 3.39 3.34 3.95 3.86 4.11 3.56 4.44 5.94 6.36 5.74 0.00 3.67 6.66 8.48 4.48 3.58 9.67 3.99 4.64 2.22 2.77 0.00 7.04 6.35 3.34 3.44 17082419
0.00 3.01 3.25 3.07 6.22 6.33 3.39 3.33 3.94 3.85 3.84 3.60 4.44 5.93 6.36 5.73 0.00 3.67 6.66 8.48 4.49 3.58 9.66 3.99 4.64 2.23 2.76 0.00 7.03 6.35 3.34 3.43 17095509
0.00 3.00 3.26 3.07 6.22 6.33 3.39 3.33 3.94 3.84 3.94 3.78 4.43 5.88 6.36 5.73 0.00 3.67 6.93 8.47 4.48 3.57 9.66 4.00 4.64 2.23 2.76 0.00 7.04 6.36 3.34 3.43 17108599
0.00 3.00 3.26 3.07 6.22 6.33 3.39 3.33 3.94 3.85 3.98 3.84 4.44 5.91 6.36 5.73 0.00 3.67 6.93 8.51 4.48 3.58 9.66 3.99 4.64 2.24 2.76 0.00 7.04 6.36 3.34 3.45 17121689
0.00 3.00 3.26 3.08 6.20 6.34 3.39 3.33 3.93 3.84 3.78 3.87 4.43 5.90 6.37 5.73 0.00 3.67 6.93 8.49 4.48 3.59 9.66 4.00 4.63 2.23 2.75 0.00 7.04 6.36 3.34 3.44 17134779
0.00 3.01 3.25 3.07 6.21 6.34 3.39 3.33 3.93 3.83 3.77 3.86 4.43 5.89 6.37 5.73 0.00 3.67 6.94 8.50 4.48 3.59 9.65 3.99 4.65 2.23 2.76 0.00 7.05 6.36 3.33 3.44 17147869
0.00 3.00 3.26 3.07 6.21 6.34 3.39 3.33 3.91 3.84 3.78 3.90 4.36 5.87 6.37 5.73 0.00 3.67 6.93 8.50 4.47 3.55 9.66 3.98 4.64 2.23 2.76 0.00 7.03 6.35 3.34 3.44 17160959
0.00 3.00 3.26 3.07 6.21 6.35 3.40 3.33 3.94 3.84 3.76 4.28 4.09 5.89 6.35 5.73 0.00 3.67 6.64 8.51 4.49 3.56 9.66 3.99 4.65 2.23 2.76 0.00 7.03 6.36 3.34 3.43 17174049
0.00 3.01 3.26 3.08 6.22 6.33 3.39 3.33 3.95 3.83 3.76 3.87 4.08 5.89 6.36 5.74 0.00 3.67 6.82 8.50 4.48 3.56 9.65 3.99 4.63 2.23 2.76 0.00 7.04 6.36 3.35 3.43 17187139
0.00 3.01 3.25 3.08 6.21 6.35 3.39 3.34 4.17 3.84 3.76 3.86 4.08 5.93 6.36 5.73 0.00 3.67 6.65 8.51 4.48 3.57 9.65 3.99 4.63 2.24 2.76 0.00 7.03 6.36 3.34 3.43 17200229
0.00 3.00 3.25 3.08 6.22 6.35 3.40 3.33 4.16 3.84 3.75 3.86 4.08 5.93 6.36 5.72 0.00 3.67 6.90 8.51 4.48 3.56 9.66 3.98 4.65 2.24 2.77 0.00 7.04 6.37 3.34 3.44 17213319
0.00 3.00 3.27 3.07 6.21 6.33 3.39 3.32 4.17 3.84 3.73 3.76 4.06 5.88 6.36 5.73 0.00 3.67 6.90 8.50 4.48 3.56 9.66 3.98 4.64 2.23 2.77 0.00 7.03 6.36 3.34 3.43 17226409
0.00 3.01 3.27 3.07 6.22 6.34 3.38 3.34 3.98 3.85 3.73 3.89 4.07 5.87 6.37 5.73 0.00 3.67 6.88 8.50 4.48 3.56 9.65 3.98 4.65 2.22 2.76 0.00 7.04 6.36 3.34 3.44 17239499
0.00 3.00 3.26 3.08 6.21 6.34 3.39 3.33 4.03 3.86 3.70 3.84 4.08 5.99 6.37 5.74 0.00 3.67 6.88 8.51 4.49 3.56 9.65 3.99 4.64 2.23 2.77 0.00 7.04 6.35 3.34 3.43 17252589
0.00 3.01 3.26 3.07 6.22 6.34 3.40 3.32 4.21 3.85 3.69 3.81 4.08 6.00 6.36 5.73 0.00 3.68 6.65 8.52 4.49 3.55 9.64 4.00 4.64 2.24 2.77 0.00 7.03 6.35 3.35 3.44 17265679
0.00 3.00 3.26 3.08 6.22 6.33 3.38 3.34 4.21 3.86 3.69 3.72 4.06 5.99 6.36 5.73 0.00 3.68 6.59 8.50 4.49 3.54 9.64 3.99 4.64 2.23 2.76 0.00 7.04 6.36 3.34 3.43 17278769
0.00 3.01 3.26 3.08 6.21 6.35 3.38 3.34 4.26 3.86 3.68 3.69 4.06 5.99 6.37 5.74 0.00 3.68 6.60 8.51 4.48 3.55 9.65 3.99 4.65 2.22 2.76 0.00 7.03 6.37 3.33 3.44 17291859
0.00 3.01 3.26 3.09 6.21 6.34 3.39 3.34 4.26 3.87 3.69 3.65 4.07 6.00 6.36 5.74 0.00 3.67 6.60 8.52 4.49 3.55 9.65 3.99 4.64 2.23 2.76 0.00 7.03 6.35 3.34 3.43 17304949
0.00 3.01 3.26 3.08 6.21 6.35 3.39 3.34 4.31 3.86 3.68 3.69 4.06 6.00 6.36 5.73 0.00 3.67 6.61 8.51 4.49 3.55 9.65 3.98 4.66 2.23 2.77 0.00 7.03 6.36 3.33 3.45 17318039
0.00 3.01 3.27 3.07 6.22 6.34 3.39 3.34 4.27 3.85 3.68 3.69 4.06 6.00 6.36 5.74 0.00 3.67 6.61 8.51 4.48 3.55 9.63 4.00 4.65 2.24 2.76 0.00 7.03 6.35 3.34 3.44 17331129
0.00 3.00 3.26 3.09 6.22 6.33 3.40 3.34 4.26 3.86 3.68 3.68 4.05 6.00 6.36 5.73 0.00 3.67 6.60 8.51 4.49 3.54 9.65 4.00 4.65 2.23 2.77 0.00 7.02 6.36 3.35 3.43 17344219
0.00 3.01 3.27 3.08 6.22 6.33 3.39 3.34 4.30 3.86 3.68 3.68 4.06 6.00 6.37 5.74 0.00 3.67 6.62 8.51 4.48 3.54 9.63 4.00 4.65 2.24 2.76 0.00 7.03 6.36 3.35 3.43 17357309
0.00 3.00 3.27 3.08 6.21 6.34 3.40 3.34 4.30 3.87 3.68 3.69 4.05 6.00 6.36 5.73 2.78 3.67 6.61 8.51 4.49 3.55 9.64 3.99 4.65 2.24 2.76 0.00 7.04 6.35 3.34 3.43 17370399
0.00 3.00 3.27 3.07 6.21 6.34 3.39 3.34 4.30 3.85 3.68 3.65 4.05 6.00 6.36 5.74 0.00 3.68 6.61 8.50 4.49 3.56 9.64 3.99 4.65 2.23 2.76 0.00 7.03 6.35 3.33 3.43 17383489
0.00 3.01 3.25 3.07 6.22 6.34 3.39 3.36 4.30 3.85 3.68 3.66 4.05 6.00 6.37 5.73 0.00 3.68 6.62 8.50 4.48 3.54 9.64 3.99 4.66 2.24 2.76 0.00 7.03 6.36 3.34 3.44 17396579
0.00 3.00 3.26 3.08 6.21 6.34 3.40 3.36 4.29 3.85 3.68 3.65 4.06 6.01 6.36 5.73 2.75 3.67 6.62 8.52 4.49 3.54 9.64 4.00 4.66 2.24 2.77 0.00 7.04 6.36 3.33 3.43 17409669
0.00 3.01 3.27 3.08 6.21 6.33 3.39 3.35 4.59 3.86 3.67 3.66 4.05 6.00 6.34 5.74 0.00 3.68 6.61 8.50 4.48 3.54 9.64 3.99 4.66 2.22 2.76 0.00 7.04 6.36 3.34 3.43 17422759
0.00 3.00 3.27 3.09 6.21 6.34 3.38 3.35 4.60 3.86 3.67 3.67 4.04 6.00 6.36 5.74 0.00 3.66 6.61 8.50 4.48 3.55 9.64 3.98 4.67 2.23 2.75 0.00 7.04 6.37 3.33 3.43 17435849
0.00 3.00 3.27 3.08 6.21 6.34 3.39 3.35 4.20 3.86 3.67 3.67 4.03 6.01 6.35 5.74 0.00 3.67 6.61 8.52 4.48 3.55 9.65 3.99 4.67 2.23 2.76 0.00 7.03 6.36 3.34 3.43 17448939
0.00 2.99 3.27 3.07 6.22 6.34 3.40 3.35 4.48 3.87 3.67 3.67 4.02 6.01 6.36 5.74 0.00 3.67 6.51 8.51 4.49 3.54 9.64 3.98 4.67 2.23 2.77 0.00 7.03 6.35 3.34 3.43 17462029
0.00 3.00 3.27 3.08 6.22 6.34 3.39 3.34 4.08 3.86 3.68 3.66 4.01 6.01 6.35 5.73 0.00 3.67 6.50 8.51 4.48 3.55 9.63 4.00 4.66 2.23 2.76 0.00 7.04 6.36 3.34 3.44 17475119
0.00 3.00 3.26 3.07 6.22 6.34 3.38 3.35 4.38 3.86 3.68 3.64 3.99 6.00 6.35 5.73 0.00 3.66 6.52 8.51 4.48 3.54 9.64 4.00 4.67 2.23 2.76 0.00 7.04 6.36 3.34 3.43 17488209
0.00 3.00 3.26 3.08 6.21 6.33 3.39 3.36 4.41 3.87 3.67 3.64 4.00 6.01 6.36 5.73 0.00 3.66 6.37 8.52 4.49 3.54 9.64 3.99 4.68 2.24 2.77 0.00 7.03 6.37 3.33 3.43 17501299
0.00 3.00 3.26 3.08 6.21 6.34 3.40 3.35 4.58 3.86 3.68 3.63 3.99 6.01 6.35 5.73 0.00 3.67 6.41 8.52 4.49 3.53 9.65 3.99 4.75 2.22 2.77 0.00 7.03 6.36 3.34 3.43 17514389
0.00 3.00 3.27 3.09 6.21 6.33 3.39 3.35 4.25 3.87 3.68 3.70 4.00 6.00 6.35 5.73 0.00 3.68 6.54 8.53 4.48 3.52 9.65 3.99 4.67 2.23 2.76 0.00 7.02 6.35 3.34 3.44 17527479
0.00 3.00 3.27 3.09 6.21 6.32 3.39 3.34 4.25 3.87 3.67 3.66 3.99 5.99 6.34 5.73 2.78 3.67 6.35 8.52 4.47 3.52 9.63 3.99 4.74 2.23 2.78 0.00 7.03 6.36 3.33 3.44 17540569
0.00 3.01 3.28 3.08 6.22 6.32 3.39 3.36 4.25 3.87 3.69 3.61 3.98 6.00 6.36 5.74 2.77 3.66 6.33 8.52 4.49 3.54 9.64 4.00 4.75 2.22 2.77 0.00 7.03 6.35 3.34 3.43 17553659
0.00 3.01 3.27 3.09 6.21 6.33 3.39 3.36 4.26 3.87 3.70 3.58 3.99 6.00 6.36 5.73 0.00 3.66 6.33 8.51 4.49 3.53 9.64 3.99 4.73 2.23 2.76 0.00 7.04 6.36 3.33 3.43 17566749
0.00 3.00 3.27 3.10 6.22 6.33 3.40 3.36 4.27 3.87 3.71 3.57 4.00 6.01 6.36 5.72 2.78 3.65 6.34 8.52 4.48 3.55 9.64 4.01 4.71 2.24 2.77 0.00 7.03 6.37 3.33 3.44 17579839
0.00 3.01 3.27 3.10 6.21 6.33 3.39 3.36 4.27 3.88 3.72 3.56 3.98 6.01 6.35 5.73 2.77 3.66 6.33 8.51 4.49 3.55 9.64 4.00 4.76 2.23 2.77 0.00 7.04 6.36 3.34 3.43 17592929
0.00 3.01 3.27 3.10 6.21 6.33 3.39 3.36 5.19 3.88 3.72 3.57 3.97 6.01 6.35 5.72 2.78 3.65 6.32 8.51 4.49 3.54 9.63 3.99 4.74 2.23 2.77 0.00 7.02 6.36 3.34 3.42 17606019
0.00 3.00 3.28 3.09 6.21 6.33 3.39 3.36 4.28 3.88 3.69 3.59 3.98 6.01 6.35 5.74 2.77 3.65 6.34 8.51 4.48 3.55 9.64 3.99 4.74 2.23 2.77 0.00 7.02 6.36 3.33 3.43 17619109
0.00 3.01 3.28 3.09 6.21 6.33 3.39 3.37 4.25 3.81 3.70 3.61 3.98 6.01 6.36 5.72 2.77 3.65 6.33 8.51 4.48 3.55 9.64 3.99 4.71 2.23 2.77 0.00 7.03 6.36 3.34 3.43 17632199
0.00 3.01 3.27 3.09 6.21 6.32 3.39 3.36 4.24 3.87 3.70 3.65 3.98 6.00 6.36 5.72 2.78 3.66 6.33 8.51 4.47 3.55 9.63 3.99 4.77 2.23 2.77 0.00 7.03 6.36 3.34 3.43 17645289
0.00 3.00 3.27 3.09 6.22 6.32 3.39 3.35 4.23 3.88 3.70 3.64 3.99 6.01 6.35 5.72 2.79 3.66 6.33 8.52 4.48 3.54 9.64 4.00 4.74 2.23 2.78 0.00 7.02 6.36 3.34 3.43 17658379
0.00 3.01 3.28 3.09 6.21 6.33 3.39 3.36 4.25 3.88 3.70 3.89 3.98 6.00 6.35 5.72 2.78 3.65 6.34 8.51 4.48 3.56 9.64 4.00 4.76 2.23 2.76 0.00 7.04 6.36 3.34 3.43 17671469
0.00 3.01 3.27 3.09 6.20 6.33 3.39 3.36 3.99 3.89 3.70 3.91 3.98 6.00 6.36 5.72 2.77 3.64 6.34 8.51 4.48 3.56 9.65 3.99 4.76 2.24 2.77 0.00 7.04 6.35 3.34 3.43 17684559
0.00 3.00 3.27 3.09 6.20 6.32 3.40 3.36 3.99 3.88 3.70 3.87 3.98 6.01 6.35 5.71 2.78 3.64 6.37 8.51 4.48 3.56 9.64 4.00 4.69 2.23 2.77 0.00 7.03 6.36 3.32 3.43 17697649
0.00 3.01 3.27 3.09 6.21 6.33 3.39 3.36 3.98 3.88 3.70 3.88 3.97 6.01 6.35 5.72 2.77 3.65 6.36 8.51 4.49 3.52 9.64 3.99 4.71 2.24 2.77 0.00 7.03 6.36 3.34 3.43 17710739
0.00 3.01 3.27 3.10 6.21 6.32 3.40 3.36 3.97 3.89 3.70 3.88 3.97 6.00 6.36 5.72 2.79 3.65 6.37 8.51 4.48 3.54 9.63 4.00 4.69 2.22 2.77 0.00 7.03 6.36 3.34 3.44 17723829
0.00 3.01 3.28 3.09 6.21 6.32 3.39 3.35 3.98 3.89 3.70 3.92 3.98 6.01 6.35 5.72 2.78 3.65 6.37 8.51 4.48 3.54 9.64 4.00 4.74 2.23 2.77 0.00 7.03 6.36 3.33 3.43 17736919
0.00 3.01 3.28 3.09 6.22 6.31 3.39 3.36 3.98 3.88 3.69 3.89 3.98 6.01 6.36 5.72 2.77 3.66 6.35 8.51 4.48 3.54 9.65 3.99 4.71 2.23 2.77 0.00 7.03 6.35 3.34 3.42 17750009
0.00 3.00 3.28 3.09 6.21 6.32 3.40 3.35 4.00 3.88 3.69 3.91 3.98 6.00 6.36 5.72 2.77 3.65 6.37 8.51 4.48 3.54 9.64 3.99 4.75 2.24 2.76 0.00 7.03 6.35 3.33 3.43 17763099
0.00 3.01 3.28 3.09 6.21 6.33 3.40 3.36 4.00 3.88 3.69 3.91 3.98 6.00 6.36 5.73 2.77 3.66 6.38 8.52 4.48 3.53 9.63 4.00 4.69 2.24 2.76 0.00 7.03 6.35 3.34 3.43 17776189
0.00 3.00 3.27 3.10 6.21 6.32 3.40 3.36 3.99 3.88 3.69 3.60 3.98 6.00 6.36 5.72 2.78 3.65 6.37 8.52 4.49 3.52 9.64 4.00 4.73 2.23 2.77 0.00 7.04 6.36 3.33 3.43 17789279
0.00 3.02 3.28 3.10 6.20 6.32 3.39 3.36 4.00 3.87 3.70 3.60 3.98 6.00 6.37 5.72 2.79 3.65 6.39 8.52 4.49 3.53 9.63 4.00 4.70 2.24 2.76 0.00 7.03 6.37 3.33 3.44 17802369
0.00 3.01 3.28 3.10 6.20 6.32 3.39 3.37 4.29 3.88 3.68 3.58 3.98 6.01 6.35 5.72 2.78 3.65 6.37 8.66 4.49 3.53 9.64 4.00 4.66 2.24 2.77 0.00 7.02 6.36 3.32 3.43 17815459
0.00 3.02 3.28 3.09 6.21 6.33 3.40 3.36 4.32 3.88 3.68 3.59 3.98 6.01 6.36 5.71 2.78 3.65 6.39 8.75 4.40 3.54 9.64 4.00 4.66 2.24 2.77 0.00 7.03 6.35 3.33 3.44 17828549
0.00 3.01 3.28 3.09 6.21 6.33 3.39 3.36 4.31 3.87 3.69 3.60 3.98 6.01 6.35 5.71 2.78 3.66 6.39 8.76 4.39 3.54 9.65 3.99 4.67 2.24 2.76 0.00 7.03 6.36 3.33 3.44 17841639
0.00 3.01 3.27 3.09 6.20 6.32 3.38 3.36 4.32 3.87 3.68 3.60 3.98 6.00 6.36 5.70 2.78 3.65 6.39 8.75 4.39 3.54 9.63 3.99 4.67 2.23 2.75 0.00 7.03 6.36 3.33 3.43 17854729
0.00 3.00 3.27 3.10 6.21 6.32 3.39 3.36 4.33 3.87 3.70 3.60 3.98 6.01 6.36 5.70 2.78 3.65 6.39 8.75 4.41 3.54 9.63 4.00 4.66 2.23 2.77 0.00 7.03 6.36 3.33 3.42 17867819
0.00 3.01 3.27 3.09 6.21 6.33 3.39 3.36 4.42 3.86 3.68 3.60 3.97 6.01 6.35 5.70 2.77 3.66 6.40 8.74 4.40 3.52 9.64 4.00 4.67 2.23 2.77 0.00 7.03 6.35 3.34 3.43 17880909
0.00 3.01 3.27 3.09 6.21 6.34 3.39 3.37 4.59 3.88 3.68 3.57 3.98 6.00 6.35 5.71 2.78 3.66 6.39 8.75 4.40 3.52 9.64 4.00 4.67 2.24 2.76 0.00 7.04 6.36 3.33 3.43 17893999
0.00 3.01 3.28 3.09 6.21 6.31 3.39 3.36 4.81 3.87 3.68 3.58 3.96 6.01 6.36 5.72 2.78 3.65 6.39 8.76 4.40 3.52 9.64 3.99 4.66 2.23 2.77 0.00 7.04 6.36 3.33 3.42 17907089
0.00 3.00 3.27 3.09 6.20 6.32 3.39 3.36 4.80 3.87 3.70 3.58 3.97 6.00 6.35 5.70 2.77 3.65 6.39 8.75 4.39 3.51 9.63 4.00 4.65 2.23 2.76 0.00 7.03 6.36 3.33 3.43 17920179
0.00 3.01 3.26 3.09 6.21 6.32 3.39 3.36 4.80 3.86 3.71 3.55 3.98 6.00 6.36 5.71 2.77 3.65 6.40 8.75 4.40 3.52 9.64 4.00 4.67 2.24 2.76 0.00 7.03 6.35 3.33 3.44 17933269
0.00 3.00 3.28 3.09 6.21 6.33 3.39 3.36 4.78 3.88 3.71 3.53 3.98 6.00 6.35 5.72 2.78 3.64 6.41 8.74 4.40 3.52 9.64 3.99 4.67 2.24 2.75 0.00 7.04 6.36 3.32 3.44 17946359
0.00 3.01 3.28 3.09 6.22 6.32 3.39 3.36 4.80 3.87 3.69 3.52 3.97 6.00 6.35 5.72 2.78 3.65 6.41 8.75 4.40 3.51 9.64 4.00 4.66 2.23 2.76 0.00 7.03 6.36 3.33 3.44 17959449
0.00 2.99 3.27 3.08 6.22 6.33 3.39 3.37 4.79 3.87 3.70 3.55 3.97 6.01 6.36 5.71 2.77 3.66 6.40 8.78 4.41 3.51 9.64 3.99 4.67 2.23 2.77 0.00 7.03 6.36 3.34 3.43 17972539
0.00 3.00 3.27 3.10 6.21 6.33 3.39 3.36 4.79 3.86 3.71 3.54 3.96 6.00 6.35 5.70 2.77 3.65 6.41 8.78 4.40 3.51 9.64 4.00 4.66 2.23 2.76 0.00 7.04 6.36 3.33 3.44 17985629
0.00 3.00 3.26 3.09 6.21 6.32 3.38 3.36 4.78 3.85 3.72 4.50 3.97 5.99 6.36 5.72 2.78 3.65 6.40 8.78 4.40 3.50 9.64 3.99 4.65 2.24 2.75 0.00 7.04 6.36 3.33 3.43 17998719
0.00 2.99 3.26 3.07 6.20 6.31 3.39 3.37 4.22 3.87 3.70 4.11 3.97 6.01 6.36 5.71 2.78 3.64 6.50 8.78 4.41 3.49 9.63 4.00 4.66 2.23 2.77 0.00 7.03 6.36 3.33 3.43 18011809
0.00 2.96 3.44 0.00 6.46 6.26 3.37 3.33 3.98 3.95 3.73 3.64 4.06 6.02 6.26 5.68 2.75 3.66 6.52 0.00 4.40 3.51 9.65 4.00 4.66 2.23 2.77 0.00 7.03 6.36 3.33 3.44 18024899
0.00 3.08 3.53 0.00 6.19 6.29 3.37 3.57 3.94 3.93 3.93 3.86 3.92 6.00 6.33 5.94 2.74 3.65 6.52 8.51 4.41 3.55 9.70 3.99 4.65 2.24 2.76 0.00 7.03 6.35 3.35 3.43 18037989
0.00 3.02 3.54 0.00 6.18 6.28 3.37 3.54 3.99 3.80 3.73 3.71 3.92 6.00 6.32 5.93 2.74 3.64 6.54 8.52 4.42 3.55 9.62 3.97 4.64 2.23 2.74 0.00 7.03 6.36 3.34 3.42 18051079
0.00 3.04 3.52 0.00 6.19 6.26 3.37 3.56 4.01 3.80 3.75 3.70 3.91 6.01 6.38 5.94 0.00 3.64 6.53 8.53 4.43 3.57 9.63 3.98 4.64 2.24 2.76 0.00 7.01 6.36 3.35 3.41 18064169
0.00 3.05 3.51 0.00 6.19 6.27 3.36 3.56 4.12 3.80 3.75 3.75 3.92 6.01 6.48 5.92 0.00 3.65 6.54 8.52 4.46 3.56 9.63 3.98 4.65 2.24 2.75 0.00 7.03 6.35 3.34 3.42 18077259
0.00 3.05 3.50 0.00 6.18 6.27 3.37 3.55 4.12 3.80 3.76 3.78 3.91 6.01 6.50 5.92 0.00 3.65 6.54 8.51 4.43 3.56 9.64 3.98 4.65 2.24 2.76 0.00 7.02 6.36 3.34 3.42 18090349
0.00 3.04 3.53 0.00 6.19 6.27 3.37 3.55 4.03 3.80 3.77 3.75 3.90 6.01 6.52 5.91 0.00 3.64 6.53 8.52 4.45 3.56 9.63 3.98 4.64 2.22 2.76 0.00 7.02 6.37 3.35 3.42 18103439
0.00 2.99 3.52 0.00 6.19 6.25 3.37 3.54 4.02 3.79 3.75 3.77 3.90 6.02 6.55 5.90 0.00 3.64 6.53 8.52 4.43 3.57 9.62 3.97 4.64 2.24 2.76 0.00 7.01 6.35 3.34 3.41 18116529
0.00 3.02 3.66 0.00 6.18 6.26 3.38 3.53 4.03 3.79 3.72 3.80 3.90 6.02 6.57 5.91 0.00 3.64 6.54 8.53 4.43 3.57 9.64 3.97 4.65 2.23 2.76 0.00 7.02 6.35 3.34 3.42 18129619