3.56 3.04 0.00 0.00 4.60 4.09 3.36 5.83 5.87 5.15 5.38 5.86 5.13 6.55 7.40 7.13 0.00 3.65 6.23 7.69 3.69 5.33 0.00 4.76 0.00 3.67 3.69 4.56 5.54 6.50 5.51 5.94 4431337
3.57 3.05 0.00 0.00 4.61 4.09 3.36 5.83 5.88 5.09 5.39 5.86 5.14 6.55 7.39 7.13 0.00 3.66 6.19 7.67 3.69 5.34 0.00 4.77 0.00 3.67 3.71 4.56 5.54 6.50 5.51 0.00 4444427
3.55 3.05 0.00 0.00 4.60 4.10 3.35 5.84 5.88 5.09 5.39 5.87 0.00 6.55 7.39 7.13 0.00 3.64 6.19 7.68 3.70 5.34 0.00 4.77 0.00 3.67 3.74 0.00 5.54 6.49 5.51 0.00 4457517
3.55 3.05 0.00 0.00 4.59 4.09 3.36 5.84 5.89 5.08 5.39 5.87 0.00 6.56 7.41 7.15 0.00 3.65 6.19 7.69 3.69 5.36 0.00 4.76 0.00 3.66 3.76 0.00 5.54 6.51 5.51 0.00 4470607
3.57 3.04 0.00 0.00 4.61 4.08 3.35 5.84 5.89 5.08 5.39 5.87 0.00 6.55 7.39 7.14 0.00 3.65 6.17 7.67 3.68 5.38 0.00 4.77 0.00 3.65 3.73 0.00 5.54 6.52 5.50 0.00 4483697
3.55 3.05 0.00 0.00 4.60 4.08 3.35 5.82 5.92 5.15 5.39 5.87 0.00 6.57 7.40 7.13 0.00 3.65 6.18 7.69 3.69 5.38 0.00 4.89 0.00 3.66 3.73 0.00 5.54 6.51 5.50 0.00 4496787
3.58 3.04 0.00 0.00 4.59 4.08 3.35 5.82 5.87 5.16 5.38 5.88 0.00 6.56 7.40 7.13 0.00 3.64 6.20 7.68 3.68 5.39 0.00 4.89 0.00 3.54 3.58 4.43 5.54 6.51 5.51 5.68 4509877
3.69 3.05 0.00 0.00 4.60 4.08 3.35 5.82 5.81 5.16 5.40 6.17 4.81 6.53 7.40 7.14 0.00 3.61 6.25 7.70 3.67 5.40 0.00 4.80 0.00 3.54 3.57 0.00 5.55 6.69 5.50 5.49 4522967
3.69 3.05 0.00 0.00 4.60 4.07 3.35 5.64 5.89 5.17 5.37 6.19 4.84 6.52 7.40 7.14 0.00 3.60 6.24 7.69 3.70 5.43 0.00 4.82 0.00 3.53 3.58 0.00 5.66 6.63 5.65 5.57 4536057
3.64 3.05 0.00 0.00 4.60 4.11 3.34 5.73 5.58 5.16 5.40 6.29 4.83 6.52 7.41 7.13 0.00 3.68 6.19 7.69 3.69 5.44 0.00 4.82 0.00 3.54 3.57 0.00 5.68 6.65 5.51 6.28 4549147
3.56 3.05 0.00 0.00 4.59 4.08 3.37 5.83 5.70 5.16 5.48 5.86 4.82 6.53 7.40 7.14 0.00 3.61 6.27 7.74 3.71 5.45 0.00 4.83 0.00 3.54 3.58 4.33 0.00 6.77 5.52 5.53 4562237
3.85 3.09 0.00 0.00 4.60 4.07 3.38 5.85 5.50 5.16 5.46 5.74 4.84 6.41 7.40 7.14 0.00 3.60 6.21 7.78 3.82 5.44 0.00 4.86 0.00 3.52 3.57 4.58 5.61 6.42 5.67 6.11 4575327
3.61 3.22 0.00 0.00 4.59 4.14 3.34 5.38 5.45 5.17 5.47 5.64 4.80 6.52 7.39 7.12 0.00 3.66 6.43 8.01 3.87 5.19 0.00 4.79 0.00 3.54 3.56 0.00 5.63 6.30 5.66 5.61 4588417
3.66 3.05 0.00 0.00 4.59 4.12 3.44 5.36 5.33 5.19 5.44 5.60 4.76 6.53 7.40 7.13 0.00 3.62 6.22 8.08 3.85 5.47 0.00 4.82 0.00 3.52 3.67 0.00 5.69 6.54 5.84 5.48 4601507
3.56 3.04 0.00 2.70 4.57 4.13 3.36 5.33 5.62 5.20 5.44 5.61 4.86 6.53 7.39 7.12 0.00 3.63 6.11 7.62 3.76 0.00 0.00 4.85 0.00 3.53 3.64 4.88 5.58 7.07 5.55 5.47 4614597
3.53 3.06 0.00 3.57 4.65 4.08 3.34 5.36 5.71 5.16 5.51 5.62 4.78 6.56 7.40 7.12 0.00 3.81 6.50 7.61 3.80 5.33 0.00 5.16 0.00 3.54 3.70 4.59 0.00 6.34 5.56 0.00 4627687
3.61 3.01 0.00 3.12 4.64 4.08 3.34 5.38 0.00 5.13 5.51 5.61 4.83 6.55 7.40 7.14 0.00 3.94 6.19 8.11 3.84 5.36 0.00 5.16 0.00 3.54 3.68 4.60 5.63 6.34 5.57 5.58 4640777
3.60 3.01 0.00 2.99 4.74 4.07 3.35 5.69 5.99 5.14 5.33 5.62 5.17 6.48 7.41 7.13 0.00 3.92 6.36 0.00 3.79 5.26 0.00 5.65 0.00 3.55 3.67 4.30 5.85 6.60 5.59 5.49 4653867
3.78 2.99 0.00 0.00 4.66 4.17 3.35 5.42 5.94 5.16 5.29 5.62 4.82 6.51 7.41 7.12 0.00 3.93 6.19 7.91 3.84 5.22 0.00 4.84 0.00 3.53 3.69 4.74 5.90 6.36 5.58 0.00 4666957
4.06 2.98 0.00 3.12 4.63 4.08 3.32 5.25 0.00 5.14 5.33 5.65 5.17 6.51 7.41 7.14 0.00 3.73 6.36 8.03 3.99 5.30 0.00 5.17 0.00 3.54 3.59 4.35 5.81 6.30 5.54 5.61 4680047
3.72 2.99 0.00 3.12 4.64 4.16 3.33 5.36 0.00 5.15 5.35 5.70 4.77 6.53 7.41 7.12 0.00 3.89 6.21 8.51 3.92 0.00 0.00 5.15 0.00 3.53 3.70 4.30 5.84 7.13 5.55 5.56 4693137
3.65 2.97 0.00 3.14 4.60 4.07 3.33 5.25 5.90 5.15 5.31 5.73 5.06 6.57 7.41 7.13 0.00 3.58 6.17 7.94 3.83 0.00 0.00 5.16 0.00 3.54 3.73 4.26 6.00 6.61 5.54 5.59 4706227
3.63 2.96 0.00 0.00 4.90 4.05 3.34 5.27 5.81 5.13 5.32 5.74 5.16 6.55 7.40 7.14 0.00 3.85 6.50 0.00 3.77 0.00 0.00 5.18 0.00 3.53 3.68 4.45 5.62 7.15 5.55 5.59 4719317
3.66 3.00 0.00 0.00 4.57 4.12 3.32 5.34 5.94 5.14 5.30 5.67 0.00 6.55 7.39 7.14 0.00 3.58 6.25 8.66 0.00 5.36 0.00 4.96 0.00 3.54 3.67 4.30 5.63 6.77 5.52 5.61 4732407
3.78 2.96 0.00 0.00 4.74 4.29 3.36 5.23 5.91 5.15 5.34 6.19 4.86 6.56 7.40 7.14 0.00 3.58 6.15 7.83 3.79 5.95 0.00 5.15 0.00 3.53 3.67 4.15 5.62 7.12 5.73 6.24 4745497
4.26 2.96 0.00 0.00 4.67 4.17 3.33 5.39 0.00 5.17 5.32 5.58 4.85 6.54 7.40 7.14 0.00 3.58 6.24 7.94 3.77 0.00 0.00 5.18 0.00 3.55 3.72 4.25 5.96 6.49 5.55 5.75 4758587
4.30 2.96 0.00 0.00 0.00 4.15 3.33 5.38 0.00 5.14 5.32 5.58 4.85 6.54 7.40 7.14 0.00 3.60 6.25 8.13 3.77 0.00 0.00 5.48 0.00 3.55 3.66 4.82 5.73 6.42 5.74 5.52 4771677
0.00 2.96 0.00 3.12 4.61 4.16 3.36 5.42 0.00 5.17 5.38 6.10 5.08 6.58 7.39 7.15 0.00 3.93 6.46 7.69 3.76 5.35 0.00 5.15 0.00 3.57 3.68 4.09 5.66 6.49 5.57 5.85 4784767
3.67 3.03 0.00 0.00 4.65 4.10 3.35 5.94 0.00 5.17 5.37 6.09 4.86 6.56 7.39 7.13 0.00 3.61 6.29 7.60 3.72 0.00 0.00 5.17 0.00 3.72 3.64 4.52 5.67 6.36 5.57 5.85 4797857
3.64 3.04 0.00 0.00 0.00 4.18 3.80 5.39 0.00 5.17 5.33 6.29 5.58 6.52 7.39 7.14 0.00 3.62 6.20 7.76 3.74 5.32 0.00 0.00 0.00 0.00 3.65 4.75 5.63 6.40 5.55 5.81 4810947
3.60 3.01 0.00 0.00 4.59 4.07 3.84 5.80 0.00 5.19 5.47 6.26 5.16 6.53 7.40 7.13 0.00 3.59 6.25 7.68 3.76 5.37 0.00 0.00 0.00 0.00 3.67 4.25 5.60 6.48 5.56 5.58 4824037
3.98 2.99 0.00 3.12 4.60 4.08 0.00 5.78 0.00 5.17 5.92 5.84 5.22 6.52 7.42 7.14 0.00 3.60 6.28 7.59 3.76 5.33 0.00 5.03 0.00 0.00 3.64 4.48 5.58 6.41 5.59 5.62 4837127
3.67 3.00 0.00 0.00 0.00 4.08 3.68 5.30 0.00 5.17 5.33 5.83 4.88 6.54 7.40 7.15 0.00 3.60 6.26 8.30 3.94 5.34 0.00 4.89 0.00 0.00 3.63 4.48 5.62 6.36 5.56 5.47 4850217
3.65 2.99 0.00 3.13 4.66 4.08 3.64 5.57 0.00 5.12 5.37 6.27 4.88 6.52 7.41 7.14 0.00 3.61 6.27 8.49 3.95 5.35 0.00 4.91 0.00 0.00 3.65 4.57 5.69 6.38 5.53 5.69 4863307
3.70 3.67 0.00 0.00 4.75 4.26 3.65 5.36 0.00 5.15 5.40 6.09 4.98 6.52 7.39 7.15 0.00 3.76 6.30 0.00 3.90 5.31 0.00 4.94 0.00 0.00 3.65 4.52 5.55 6.38 5.55 5.53 4876397
3.63 3.01 0.00 0.00 5.35 4.10 3.59 5.21 0.00 5.14 5.43 6.29 4.93 6.53 7.40 7.14 0.00 3.92 6.30 8.38 3.99 5.33 0.00 4.91 0.00 0.00 3.64 4.45 5.69 6.35 5.54 5.49 4889487
3.69 3.00 0.00 0.00 4.64 4.07 3.65 5.41 0.00 5.14 5.37 5.70 5.65 6.53 7.39 7.15 0.00 3.94 6.50 8.32 3.97 0.00 0.00 4.92 0.00 0.00 3.66 4.28 0.00 6.50 5.56 0.00 4902577
3.62 3.04 0.00 3.12 4.69 4.07 0.00 5.55 0.00 5.15 5.38 5.71 5.04 6.53 7.38 7.14 0.00 3.93 6.41 8.24 3.91 0.00 0.00 5.18 0.00 0.00 3.66 4.37 5.75 6.45 5.55 5.51 4915667
3.67 2.96 0.00 3.11 4.72 4.10 3.34 5.43 0.00 5.17 5.39 5.83 4.83 6.51 7.39 7.15 0.00 3.94 6.43 0.00 3.81 0.00 0.00 4.93 0.00 0.00 3.65 4.57 5.69 6.37 5.59 5.63 4928757
3.63 3.05 0.00 0.00 4.70 4.10 3.36 5.29 0.00 5.15 5.34 6.30 4.98 6.53 7.41 7.15 0.00 3.95 6.41 7.88 3.78 0.00 0.00 4.98 0.00 0.00 3.56 4.68 5.70 6.74 5.62 5.55 4941847
3.61 2.97 0.00 0.00 4.64 4.12 3.47 5.25 0.00 5.13 5.43 6.31 4.99 6.54 7.39 7.14 0.00 3.83 6.48 7.86 3.82 0.00 0.00 4.94 0.00 0.00 3.66 4.74 5.67 6.37 5.55 5.64 4954937
3.70 2.95 0.00 0.00 4.91 4.12 3.36 5.27 0.00 5.14 5.59 5.70 5.49 6.52 7.40 7.15 0.00 3.93 6.58 7.71 3.80 5.30 0.00 5.13 0.00 0.00 3.67 0.00 5.69 6.34 5.60 6.15 4968027
3.65 2.95 0.00 0.00 4.59 4.13 3.36 5.38 0.00 5.14 5.32 5.68 5.47 6.53 7.40 7.14 0.00 3.93 6.32 8.13 3.81 0.00 0.00 4.98 0.00 0.00 3.68 4.47 5.69 6.83 5.55 5.65 4981117
3.66 3.02 0.00 0.00 4.61 4.10 3.43 5.40 0.00 5.13 5.42 6.26 5.59 6.52 7.40 7.15 0.00 3.83 6.26 7.95 3.78 0.00 10.71 4.91 0.00 3.58 3.68 0.00 5.75 6.26 5.88 5.64 4994208
3.94 3.05 0.00 0.00 4.62 4.15 3.32 5.22 0.00 5.14 5.44 6.06 4.77 6.56 7.39 7.16 0.00 3.85 6.31 7.88 3.77 0.00 0.00 4.73 0.00 3.57 3.64 4.68 5.70 6.40 5.54 5.62 5007297
3.65 3.04 0.00 0.00 4.60 4.11 3.87 5.13 0.00 5.15 5.32 5.69 0.00 6.53 7.37 7.16 0.00 3.83 6.19 7.96 3.91 5.25 0.00 4.74 0.00 3.57 3.61 0.00 5.66 6.39 5.53 5.56 5020387
3.63 3.04 0.00 0.00 4.58 4.10 3.82 5.26 0.00 5.15 5.36 5.70 4.90 6.51 7.39 7.15 0.00 3.57 6.68 7.83 3.79 0.00 0.00 4.77 0.00 3.57 3.60 4.52 5.65 6.40 5.56 5.79 5033477
3.64 3.05 0.00 0.00 4.65 4.09 4.24 5.22 0.00 5.15 5.36 5.70 5.16 6.53 7.39 7.15 0.00 3.58 6.36 7.71 3.81 5.35 0.00 4.89 0.00 3.56 3.61 4.48 5.65 6.39 5.56 5.71 5046567
3.60 2.95 0.00 0.00 4.64 4.08 0.00 5.30 0.00 5.14 5.32 5.67 0.00 6.54 7.38 7.12 0.00 3.56 6.19 7.94 3.94 5.26 0.00 4.91 0.00 3.56 3.61 4.45 5.65 6.40 5.58 5.81 5059657
3.65 3.04 0.00 0.00 4.54 4.14 0.00 5.20 0.00 5.15 5.37 5.66 4.91 6.48 7.39 7.12 0.00 3.83 6.19 7.90 3.94 0.00 0.00 4.91 0.00 3.73 3.60 0.00 5.94 6.34 5.52 5.73 5072747
3.76 3.04 0.00 0.00 4.56 4.07 3.56 5.42 0.00 5.17 5.42 5.68 0.00 6.55 7.37 7.12 0.00 3.58 6.21 7.84 3.82 5.24 0.00 4.89 0.00 4.03 3.58 4.52 5.60 6.32 5.55 5.79 5085837
3.83 3.04 0.00 0.00 4.58 4.14 3.79 5.32 0.00 5.15 5.58 5.69 5.12 6.56 7.38 7.12 0.00 3.58 6.18 8.30 3.78 5.25 0.00 4.92 0.00 3.86 3.64 4.73 5.78 6.43 5.53 5.68 5098927
3.76 3.04 0.00 0.00 0.00 4.09 3.62 5.22 0.00 5.16 5.48 5.70 4.88 6.53 7.39 7.12 0.00 3.57 6.20 7.69 3.77 5.31 0.00 5.11 0.00 4.04 3.64 4.37 5.78 6.26 5.52 5.63 5112017
3.60 3.03 4.99 3.12 4.66 4.15 3.86 5.24 0.00 5.16 5.54 5.84 5.44 6.54 7.38 7.11 0.00 3.80 6.28 8.40 3.78 5.26 0.00 4.92 0.00 3.68 3.62 5.10 5.65 6.57 5.54 5.63 5125107
3.66 3.06 0.00 3.12 4.66 4.22 3.33 5.35 5.41 5.17 5.54 6.33 4.80 6.54 7.39 7.11 2.92 3.80 6.30 7.83 3.75 0.00 0.00 4.89 0.00 3.58 3.67 4.27 5.68 6.25 5.53 5.64 5138197
3.63 2.98 0.00 3.09 4.57 4.10 3.73 5.26 5.73 5.17 5.42 6.02 5.02 6.53 7.38 7.12 2.93 3.85 6.29 7.92 4.06 5.24 0.00 4.92 0.00 3.57 3.59 4.42 5.58 6.60 6.24 5.59 5151287
3.71 3.15 0.00 3.08 4.60 4.08 3.60 5.24 0.00 5.18 5.36 5.73 4.84 0.00 7.37 7.12 2.88 3.66 6.17 7.65 3.88 5.45 0.00 4.87 0.00 3.70 3.63 4.51 5.95 6.38 5.56 5.69 5164377
3.69 2.93 0.00 3.09 4.59 4.08 4.09 5.40 5.35 5.17 5.58 5.70 4.92 7.19 7.39 7.11 0.00 3.57 6.34 7.80 3.75 0.00 10.75 5.16 0.00 3.58 3.57 4.54 5.78 0.00 5.58 5.54 5177468
3.76 3.02 5.21 3.28 4.67 4.14 3.29 5.22 5.31 5.13 5.38 5.71 4.95 6.85 7.38 7.09 0.00 3.87 6.35 7.97 3.85 5.20 0.00 5.09 0.00 3.55 3.57 4.24 5.64 6.30 5.71 0.00 5190557
3.78 2.90 0.00 0.00 4.75 4.19 3.35 5.28 5.28 5.10 5.33 5.67 5.52 6.66 7.39 7.11 0.00 3.73 6.43 7.81 3.80 5.23 0.00 5.15 0.00 3.56 3.65 4.13 5.60 6.31 5.59 5.55 5203647
3.68 2.99 0.00 0.00 4.69 4.07 3.31 5.50 5.25 5.19 5.35 5.65 4.99 6.53 7.38 7.11 0.00 3.62 6.29 7.72 3.82 0.00 10.70 4.89 0.00 3.58 3.56 4.33 5.61 6.30 5.68 5.67 5216738
3.61 2.93 0.00 0.00 4.56 4.11 3.46 5.18 5.67 5.15 5.31 5.67 4.84 6.49 7.39 7.10 2.01 3.92 6.21 7.90 3.96 5.58 0.00 5.19 0.00 3.67 3.74 4.24 5.70 0.00 5.65 6.39 5229827
3.70 2.95 5.21 0.00 4.83 4.19 3.29 5.13 5.71 5.10 5.46 5.67 4.81 6.49 7.37 7.14 2.95 3.92 6.19 8.42 3.99 5.46 10.73 4.75 0.00 3.99 3.58 4.46 5.73 6.30 5.56 5.71 5242918
3.71 3.07 5.29 0.00 4.60 4.12 3.31 5.10 5.88 5.14 5.38 5.67 5.26 6.79 7.43 7.17 2.73 3.79 6.22 7.94 3.89 0.00 0.00 4.39 0.00 3.85 3.57 4.83 5.64 6.38 5.54 5.72 5256007
3.65 2.91 5.00 0.00 4.57 4.13 3.36 5.45 5.31 5.14 5.33 5.68 4.77 6.74 7.45 7.22 2.13 3.74 6.33 7.99 4.00 5.29 0.00 5.02 0.00 3.30 3.55 4.23 5.63 6.34 5.55 5.64 5269097
3.73 2.95 5.07 0.00 4.60 4.08 3.27 5.10 0.00 5.21 5.35 5.59 4.82 6.50 7.45 7.18 2.94 3.72 6.44 7.59 4.09 5.55 0.00 5.70 0.00 3.54 3.65 4.41 5.61 6.33 5.58 5.59 5282187
3.70 2.89 5.00 3.12 4.65 4.24 3.86 5.21 5.80 4.64 5.24 5.52 4.84 6.48 7.72 7.30 2.14 3.60 6.31 7.99 3.93 5.44 10.69 4.71 0.00 3.83 3.50 4.79 5.60 6.32 5.62 5.67 5295278
3.71 2.87 5.19 3.37 4.53 4.20 3.31 5.14 5.44 3.36 5.12 5.71 4.85 6.45 7.38 0.00 2.07 3.58 6.26 7.92 4.09 0.00 0.00 4.14 0.00 3.38 3.58 4.28 5.66 6.44 5.62 5.74 5308367
3.69 2.93 4.95 3.34 4.55 4.17 3.33 4.98 4.97 5.04 5.20 5.12 5.13 6.40 7.36 7.14 2.02 4.18 6.17 8.08 4.08 5.25 0.00 5.33 0.00 3.26 3.52 4.75 5.73 6.27 5.58 5.71 5321457
3.75 2.93 5.31 3.23 4.65 4.07 3.31 5.06 5.41 4.10 5.13 5.35 4.93 6.43 8.06 7.11 2.27 3.70 6.23 7.83 4.18 5.36 0.00 0.00 0.00 3.36 3.48 4.41 6.08 6.25 5.71 5.64 5334547
3.63 2.71 4.95 3.12 4.62 4.16 3.31 5.03 3.49 5.14 4.81 4.60 4.97 6.51 7.45 7.10 2.63 3.78 6.23 8.11 2.99 5.75 0.00 0.00 0.00 3.24 3.55 4.31 5.74 6.24 5.63 6.08 5347637
4.11 2.98 5.01 3.89 4.63 4.08 3.38 5.15 4.64 2.40 4.61 4.65 4.87 6.52 7.29 0.00 2.33 3.70 6.50 7.79 4.32 5.41 10.74 0.00 0.00 3.15 3.60 4.61 5.78 6.29 5.96 6.02 5360728
3.82 2.95 5.18 2.31 4.63 4.19 3.47 5.15 4.24 2.37 4.46 4.57 4.93 6.50 7.93 7.19 2.13 3.63 6.36 7.74 3.97 0.00 5.55 4.94 0.00 3.57 3.59 4.31 6.04 6.30 5.81 6.08 5373817
3.69 2.82 4.91 2.56 4.67 3.72 3.40 5.11 3.68 2.96 4.68 4.95 5.13 6.63 7.40 7.19 2.45 3.73 5.14 8.10 4.50 5.53 8.13 0.00 0.00 3.07 3.52 4.53 5.84 6.38 2.97 6.47 5386907
3.77 3.23 2.98 2.37 4.76 4.23 3.19 4.77 4.57 3.95 4.65 4.75 4.92 6.62 7.34 7.22 2.12 3.43 6.38 7.90 3.68 5.52 3.06 3.68 0.00 2.94 3.71 4.61 5.72 6.97 5.88 5.87 5399997
3.85 2.89 4.01 2.89 4.88 3.94 3.35 2.36 3.52 2.31 4.57 4.63 4.95 3.10 7.42 7.12 0.00 3.17 5.06 7.94 4.65 5.62 3.87 2.77 0.00 3.10 3.84 5.08 3.93 6.47 5.19 0.00 5413087
3.94 2.71 3.82 2.66 4.91 3.20 2.54 4.81 4.08 3.47 4.54 4.74 4.85 4.31 7.53 7.27 2.34 3.47 6.15 8.46 3.20 5.35 6.06 4.77 0.00 3.30 3.94 4.68 6.03 6.29 3.99 6.10 5426177
3.75 2.98 3.09 2.55 4.39 3.54 2.90 3.44 2.24 2.62 4.98 4.83 4.89 5.55 7.38 4.50 2.79 3.36 5.92 7.98 4.43 5.70 2.69 2.51 0.00 3.38 3.76 4.84 5.92 5.60 4.93 6.10 5439267
4.00 2.45 3.50 2.66 4.91 4.65 3.36 4.13 2.62 3.41 3.99 5.01 3.60 4.02 7.73 7.20 2.73 3.79 6.59 8.02 2.74 0.00 3.77 3.65 0.00 3.57 4.05 5.09 4.52 5.83 5.93 6.13 5452357
4.20 2.87 3.53 2.54 4.91 4.69 3.10 4.40 3.34 3.32 5.08 5.06 4.66 2.89 7.45 7.70 2.81 3.72 4.76 8.35 4.12 0.00 2.87 2.13 0.00 3.85 3.05 5.17 5.63 4.16 3.56 6.32 5465447
4.42 2.17 3.13 2.94 5.21 5.16 3.21 5.59 2.94 2.25 4.87 5.36 4.62 2.27 7.67 3.87 2.11 2.81 5.81 8.31 3.81 0.00 5.58 4.20 0.00 4.02 4.47 0.00 3.75 4.05 3.05 4.48 5478537
4.18 2.85 3.49 2.55 3.81 4.08 3.24 3.58 2.85 2.18 4.11 3.46 0.00 3.11 7.77 2.80 2.83 3.31 3.55 8.81 3.10 5.42 4.10 4.36 0.00 3.68 3.36 5.20 3.00 3.30 3.34 5.21 5491627
3.81 2.75 3.61 2.71 4.28 3.78 2.37 3.58 2.40 2.62 5.32 5.32 4.75 3.53 7.94 2.30 2.34 3.42 5.43 0.00 2.59 0.00 4.18 3.40 0.00 3.46 2.88 5.83 2.76 2.16 2.85 2.91 5504717
4.71 2.56 3.62 2.33 4.72 3.11 2.88 2.30 2.13 2.24 5.17 5.14 2.53 2.74 4.64 4.50 2.24 2.81 3.84 2.34 2.86 4.98 2.40 2.64 0.00 2.94 2.45 5.85 4.73 3.06 3.07 3.69 5517807
4.61 2.57 3.22 2.66 4.18 3.94 2.52 3.45 2.62 2.24 4.95 2.81 2.26 2.40 5.87 2.97 2.45 3.15 2.28 2.85 2.61 0.00 2.45 2.62 0.00 3.20 2.57 5.19 4.37 2.67 2.60 3.29 5530897
4.72 2.66 3.52 2.49 3.42 3.39 2.36 4.11 2.82 2.71 2.59 4.84 2.78 3.08 3.37 4.87 2.12 2.34 3.42 6.77 2.67 3.60 3.08 3.68 0.00 3.55 3.27 0.00 2.82 5.37 2.75 3.62 5543987
3.34 2.95 3.55 2.95 2.76 2.47 3.17 5.22 2.26 2.65 3.74 4.57 2.63 2.92 5.80 2.80 2.62 3.29 5.77 4.28 2.09 4.71 2.49 2.21 0.00 3.44 4.17 5.65 2.69 2.58 4.34 7.00 5557077
4.81 2.88 3.67 2.49 2.88 3.43 2.72 4.49 2.69 2.41 3.68 4.76 4.29 2.88 3.51 7.34 2.48 2.97 2.90 3.69 2.47 0.00 2.37 2.47 0.00 3.38 2.95 5.67 2.40 3.33 3.29 5.11 5570167
4.48 2.65 3.68 2.93 3.23 3.02 3.08 2.66 2.70 2.50 4.16 5.33 2.80 2.35 2.91 7.31 2.05 3.01 4.15 3.37 2.86 4.91 3.08 3.06 0.00 3.66 2.20 0.00 3.37 5.03 3.12 7.25 5583257
4.75 2.84 3.65 2.34 3.92 3.66 2.44 5.30 2.96 2.47 3.45 4.00 2.95 2.46 3.71 3.98 2.49 2.67 4.98 6.40 2.79 4.10 2.51 3.23 0.00 2.95 3.02 5.93 4.73 3.27 2.77 2.52 5596347
4.45 2.76 3.79 3.51 6.70 4.53 2.51 4.96 2.65 2.49 3.44 5.36 5.44 3.34 4.73 7.54 2.74 3.37 5.18 2.18 2.41 4.17 2.32 2.81 0.00 3.63 2.72 5.76 2.33 3.57 3.65 3.08 5609437
4.87 2.93 3.73 2.35 4.32 7.28 3.33 3.61 2.36 2.95 3.79 3.35 0.00 2.77 4.72 7.31 2.17 3.42 5.93 0.00 3.81 4.44 2.11 3.19 0.00 3.12 3.15 5.52 2.60 2.46 2.62 2.67 5622527
4.88 2.85 3.54 2.61 6.86 2.19 3.19 4.75 2.91 2.89 4.29 4.08 4.83 2.71 7.65 6.99 2.11 3.66 5.04 8.98 3.23 4.38 5.75 2.29 0.00 3.25 3.20 0.00 3.13 3.04 4.21 3.31 5635617
4.49 2.77 3.70 2.72 3.11 4.55 3.21 4.41 2.31 2.47 4.20 4.19 4.89 2.26 7.76 5.12 2.06 3.08 4.42 6.94 3.49 4.39 3.83 2.45 0.00 2.95 2.87 5.46 2.18 2.42 2.86 3.38 5648707
4.79 3.07 3.56 2.80 6.38 4.77 3.19 4.27 2.55 3.20 4.08 4.39 4.30 2.96 7.65 6.56 2.61 3.10 2.35 8.88 2.80 5.05 3.41 2.50 0.00 2.62 2.95 0.00 4.82 5.82 2.50 2.51 5661797
4.48 2.77 3.53 2.33 6.30 5.96 3.11 3.44 2.38 2.86 3.97 4.07 3.62 2.79 5.22 7.15 2.82 3.22 3.38 8.91 2.81 4.27 2.39 3.35 0.00 2.60 3.26 5.91 5.42 3.04 3.78 2.80 5674887
5.06 2.81 3.70 2.60 6.32 4.91 2.76 5.41 2.72 2.63 3.91 3.42 4.57 3.06 7.84 5.23 2.13 3.57 6.23 8.73 3.18 4.27 2.68 4.15 0.00 2.74 3.37 0.00 3.76 6.33 4.38 7.25 5687977
4.89 3.02 3.76 2.80 7.17 6.66 3.01 3.18 3.35 3.22 3.84 3.73 4.60 2.68 7.68 7.30 0.00 3.57 6.26 8.76 3.67 4.45 3.94 2.88 0.00 2.57 3.07 5.91 5.81 6.86 6.26 0.00 5701067
4.89 2.96 3.71 2.17 6.59 5.60 2.59 5.80 3.79 3.55 3.66 3.98 4.60 2.87 5.91 6.12 2.95 3.18 2.60 8.82 2.73 4.53 3.54 2.06 0.00 2.62 3.25 2.07 5.88 2.97 4.63 0.00 5714157
4.96 2.91 3.85 2.60 7.72 4.81 2.59 4.77 2.75 2.80 3.85 3.61 4.52 3.84 7.13 3.57 2.06 3.30 4.67 8.88 3.41 4.24 2.43 3.63 0.00 2.64 3.38 6.35 3.17 2.54 4.63 7.29 5727247
4.98 2.88 3.71 2.52 2.23 3.09 3.19 5.41 2.49 2.17 3.75 3.42 4.56 5.77 6.59 7.48 2.50 3.29 5.03 9.05 3.43 4.48 3.90 3.13 0.00 2.70 2.31 0.00 6.22 3.78 4.66 7.57 5740337
4.98 2.94 3.48 2.12 3.55 4.03 3.12 5.18 2.98 2.47 3.73 3.44 4.46 3.84 7.66 7.49 2.18 3.29 3.50 8.85 2.96 2.63 3.32 3.55 0.00 2.75 3.41 5.92 3.56 6.45 3.17 7.78 5753427
4.99 3.08 3.61 2.68 6.64 5.37 3.21 5.65 4.11 2.88 3.75 3.38 4.39 6.04 7.86 5.23 0.00 3.30 2.45 8.73 3.29 4.49 4.75 3.54 0.00 2.79 3.30 0.00 5.91 5.26 3.87 7.79 5766517
5.11 2.91 3.72 2.47 7.37 5.06 3.16 4.51 4.04 3.18 3.58 3.37 3.77 5.15 7.60 7.71 2.07 3.33 3.46 8.62 3.50 4.56 2.62 3.02 0.00 2.94 2.25 0.00 5.82 6.46 4.28 7.65 5779607
4.96 3.08 3.63 3.14 7.35 6.06 3.26 5.11 2.64 2.58 3.69 3.57 4.36 3.55 7.79 7.47 2.14 2.95 6.90 8.56 2.63 4.38 2.61 2.30 0.00 2.82 3.57 6.22 2.25 3.26 6.07 0.00 5792697
5.08 2.98 3.70 2.56 7.09 4.80 3.29 6.20 3.29 3.17 3.45 3.53 4.35 2.05 7.67 7.54 2.10 3.34 6.57 8.88 3.57 4.75 2.25 4.23 0.00 2.90 3.50 0.00 2.18 5.06 2.55 3.67 5805787
4.96 3.00 3.62 2.36 7.28 2.82 3.16 6.12 4.14 3.37 3.57 3.40 4.66 5.52 7.78 7.67 2.17 3.27 6.73 8.64 2.45 4.92 3.72 4.18 0.00 2.95 3.67 0.00 5.76 3.76 4.20 7.50 5818877
5.20 2.60 3.62 3.09 7.58 8.26 3.15 5.97 4.69 2.83 3.00 3.39 4.54 3.84 7.75 7.86 0.00 3.14 3.40 8.68 3.19 4.76 3.29 3.06 0.00 2.93 2.27 0.00 6.46 3.20 5.74 7.54 5831967
5.14 3.03 3.58 2.93 7.38 7.25 3.14 5.76 4.30 2.90 3.68 3.33 4.20 6.10 7.81 7.71 2.17 2.99 6.72 8.54 3.38 4.79 2.84 5.07 0.00 2.97 3.27 0.00 4.18 3.13 5.48 7.53 5845057
4.92 2.72 3.57 2.60 7.56 8.25 3.68 5.74 4.35 3.19 3.62 3.38 4.46 4.71 7.92 7.60 2.94 3.62 4.52 8.30 3.58 4.34 2.60 3.90 0.00 3.14 3.48 0.00 5.05 6.12 4.05 3.41 5858147
4.91 3.03 3.53 2.76 7.33 3.89 3.22 5.85 4.33 3.45 3.65 3.42 4.35 6.59 7.86 8.26 2.79 3.36 4.60 8.56 3.20 4.49 4.58 4.69 0.00 3.21 3.34 0.00 6.42 6.51 2.38 0.00 5871237
5.16 3.08 3.51 3.43 0.00 8.14 3.20 6.03 3.77 2.74 3.78 3.39 4.50 5.88 7.80 7.56 2.71 3.30 4.93 8.57 3.48 4.42 5.88 4.55 0.00 3.17 3.79 0.00 3.13 6.49 6.45 0.00 5884327
4.92 2.99 3.87 2.59 7.50 8.26 3.37 6.65 4.12 3.12 3.58 3.32 4.32 5.21 7.69 7.77 2.80 3.30 5.17 9.11 3.71 4.48 4.68 4.14 0.00 3.32 3.77 0.00 6.28 6.49 5.68 0.00 5897417
4.97 2.97 3.80 2.78 7.46 7.83 3.29 6.04 4.12 3.15 3.71 3.46 4.19 6.64 7.85 0.00 2.18 3.37 6.61 8.55 3.69 4.41 8.28 4.47 0.00 3.23 3.83 0.00 6.92 6.49 6.38 0.00 5910507
4.96 3.01 3.59 3.05 7.57 8.21 3.37 5.87 3.93 3.16 3.60 3.54 4.65 6.48 8.15 7.58 2.79 3.47 5.70 8.87 3.57 4.66 4.52 4.22 0.00 3.49 3.71 0.00 4.94 6.52 4.87 7.47 5923597
4.93 3.02 3.56 2.94 7.19 8.25 0.00 5.86 3.22 2.78 3.60 3.82 4.21 6.31 0.00 7.56 2.94 4.20 6.62 8.48 3.63 4.39 5.53 4.05 0.00 3.28 2.86 0.00 4.89 5.57 6.42 0.00 5936687
5.17 3.07 3.63 0.00 7.45 8.20 3.66 0.00 3.66 2.99 3.67 3.40 4.36 6.49 0.00 8.17 0.00 3.16 6.36 8.77 3.54 4.37 10.55 4.77 0.00 3.19 3.34 0.00 5.37 5.05 6.24 0.00 5949778
5.07 3.10 3.51 3.25 7.38 8.24 3.33 6.30 3.53 3.16 3.56 3.42 4.42 6.35 0.00 7.52 0.00 3.43 6.18 8.32 3.64 4.48 10.70 0.00 0.00 3.33 3.78 0.00 6.91 4.18 6.28 7.54 5962868
5.01 2.85 3.54 4.31 6.97 8.26 0.00 5.73 3.88 3.16 3.61 3.46 4.19 3.29 7.83 7.64 2.79 3.34 6.50 8.85 3.81 4.41 10.87 4.26 0.00 3.31 3.26 0.00 6.13 6.46 6.20 7.32 5975958
5.07 2.96 3.46 3.61 6.87 8.26 3.56 5.81 3.80 3.14 3.53 3.41 4.24 6.14 7.77 7.64 2.39 3.40 6.21 8.57 3.74 4.54 3.15 4.93 0.00 3.35 3.30 0.00 6.61 6.46 6.61 7.55 5989047
4.95 3.15 3.51 2.99 7.18 8.27 0.00 0.00 3.73 3.15 3.46 3.92 4.93 6.27 7.86 8.44 2.37 3.49 5.98 8.44 3.62 4.43 3.54 3.10 0.00 3.46 2.85 0.00 6.16 6.54 5.28 7.40 6002137
4.84 3.04 3.53 2.88 7.67 8.27 3.35 6.07 3.87 3.08 3.56 3.53 4.26 6.45 7.86 7.74 2.44 3.14 6.46 8.48 3.80 0.00 6.24 5.41 0.00 3.45 4.03 0.00 7.08 6.70 6.37 7.32 6015227
4.97 2.99 3.56 2.83 6.93 8.26 0.00 0.00 3.61 3.10 3.48 3.54 4.53 6.16 7.94 7.71 2.43 3.31 6.66 8.19 3.83 0.00 8.04 4.87 0.00 3.44 3.54 0.00 6.95 5.72 3.51 0.00 6028317
4.76 3.03 3.60 3.13 6.95 8.26 3.60 6.64 3.54 3.09 3.63 3.57 4.38 6.43 7.86 7.85 2.69 3.32 6.29 7.96 3.63 4.59 0.00 5.16 0.00 3.40 4.22 0.00 6.10 6.65 6.24 7.56 6041407
5.00 3.06 3.63 2.85 7.07 8.27 3.57 6.47 3.41 3.02 3.58 3.55 4.24 6.39 7.98 7.84 2.05 3.41 6.50 8.43 3.70 4.62 10.23 5.45 0.00 3.45 3.72 0.00 7.36 6.57 6.47 7.33 6054498
4.79 3.10 3.58 3.16 0.00 8.25 3.32 5.77 3.55 2.95 3.56 3.63 4.32 6.57 7.90 0.00 3.02 3.31 6.05 8.37 3.81 4.42 0.00 3.25 0.00 3.87 3.65 0.00 6.99 6.53 6.90 7.03 6067587
4.81 2.49 3.57 2.93 7.24 8.26 3.50 0.00 3.44 2.74 3.64 3.59 4.24 6.41 7.77 7.58 2.78 3.35 6.71 8.73 3.98 4.53 4.42 4.84 0.00 3.92 2.87 0.00 7.13 6.60 6.24 7.40 6080677
4.98 3.06 3.41 3.81 6.83 8.26 3.29 6.41 3.45 3.01 3.61 3.69 4.53 6.39 7.82 7.90 2.07 3.39 6.59 8.40 3.78 4.47 0.00 5.84 0.00 3.82 2.82 0.00 7.06 6.56 6.13 0.00 6093767
5.03 3.16 3.29 4.66 7.24 8.26 3.69 5.91 3.48 3.00 3.53 3.65 4.29 4.40 7.85 7.91 2.08 3.50 6.33 8.52 3.73 4.69 9.22 4.47 0.00 3.36 4.29 0.00 6.92 6.57 6.12 7.35 6106857
4.94 3.08 3.37 4.04 6.91 8.20 3.35 5.99 3.48 2.86 3.56 3.66 4.59 4.95 7.87 7.77 2.01 3.59 6.38 8.57 3.80 0.00 0.00 5.08 0.00 3.66 4.33 0.00 6.98 6.54 6.08 7.11 6119947
5.01 3.12 3.28 3.53 7.00 8.23 0.00 0.00 3.42 2.91 3.60 3.62 4.46 6.04 7.85 7.86 0.00 3.42 6.22 8.12 3.75 0.00 0.00 0.00 0.00 4.03 2.58 0.00 6.11 6.76 6.54 7.14 6133037
4.86 3.04 3.33 3.28 6.75 8.23 0.00 6.05 3.51 2.86 3.51 3.60 4.74 5.98 8.61 7.85 2.06 3.49 6.11 8.32 3.91 4.53 6.72 5.24 0.00 3.69 4.45 0.00 7.01 6.97 6.16 7.14 6146127
5.09 3.02 3.34 4.01 6.96 8.25 0.00 6.32 3.43 2.79 3.53 3.72 4.48 5.93 7.87 7.98 2.93 3.31 6.26 8.50 3.82 4.73 6.11 4.77 0.00 3.75 4.42 0.00 7.07 6.57 6.18 6.74 6159217
4.87 3.02 3.35 3.14 7.29 8.26 0.00 6.46 3.49 2.73 3.57 3.69 5.06 6.47 7.83 7.62 2.35 3.31 6.41 8.07 3.85 4.68 0.00 5.50 0.00 3.69 3.74 0.00 7.01 7.19 6.22 6.43 6172307
4.80 3.03 3.33 4.36 6.86 8.31 3.38 5.86 3.53 2.79 3.57 3.83 4.41 6.32 7.95 7.94 0.00 3.37 6.49 8.39 3.75 5.18 10.75 4.06 0.00 3.62 4.77 0.00 7.06 6.66 6.13 6.74 6185398
4.72 3.01 3.27 3.61 6.79 8.15 3.31 0.00 3.35 2.77 3.59 3.75 4.41 6.02 7.87 8.02 2.01 3.47 6.37 8.27 3.98 4.54 10.68 5.05 0.00 3.66 4.16 0.00 6.91 7.27 6.00 6.31 6198488
4.97 3.05 3.28 3.03 6.71 8.20 3.98 0.00 3.32 2.78 3.57 3.81 4.73 6.49 7.90 7.89 2.91 3.49 6.28 7.93 3.99 5.14 0.00 4.42 0.00 3.78 4.95 0.00 6.02 6.50 6.00 6.27 6211577
4.90 3.05 3.23 2.99 7.19 8.04 0.00 0.00 3.18 2.81 3.55 3.79 4.80 6.51 7.92 7.74 2.86 3.27 5.99 8.09 3.93 4.61 4.13 0.00 0.00 3.65 4.91 0.00 6.94 6.53 5.97 6.40 6224667
4.95 3.07 3.29 4.76 6.87 8.12 0.00 5.77 3.35 2.77 3.56 3.85 4.91 6.61 8.18 7.72 2.80 3.48 6.50 8.17 3.80 0.00 0.00 4.91 0.00 3.78 5.06 0.00 7.02 6.61 6.11 6.47 6237757
4.86 3.05 3.35 4.23 6.86 8.25 0.00 5.77 3.38 2.79 3.89 3.77 4.57 6.35 8.23 7.74 2.18 3.45 6.32 8.04 4.03 4.47 10.73 4.62 0.00 3.63 5.31 0.00 6.89 6.66 6.02 6.76 6250848
4.88 3.00 3.28 4.70 6.92 8.08 3.35 0.00 3.22 2.84 3.59 3.89 4.57 6.50 7.95 7.76 0.00 3.46 6.41 7.93 3.98 4.46 0.00 4.50 0.00 3.62 5.12 0.00 6.98 6.57 6.04 6.95 6263937
4.93 2.99 3.52 4.13 6.65 8.06 0.00 0.00 3.34 2.70 3.71 3.88 4.73 6.65 8.08 7.77 2.08 3.59 6.53 8.26 4.09 5.02 10.64 4.62 0.00 3.66 5.17 0.00 6.96 6.62 6.02 6.52 6277028
4.93 3.04 3.35 4.13 6.64 8.15 3.32 0.00 3.22 2.69 3.62 3.83 4.40 6.76 8.00 7.70 2.03 3.57 6.54 8.36 3.87 4.49 10.32 5.13 0.00 3.59 5.24 0.00 6.91 6.52 6.02 6.35 6290118
5.13 3.07 3.35 4.28 6.93 8.10 0.00 0.00 3.46 2.70 3.61 3.94 4.57 6.81 8.53 7.75 2.22 3.60 6.53 8.05 3.93 4.54 10.58 4.57 0.00 3.82 5.19 0.00 6.97 6.52 5.98 6.29 6303208
4.79 3.24 3.34 4.22 6.82 8.05 0.00 0.00 3.30 2.67 3.69 3.80 4.74 6.60 7.93 7.66 2.57 3.83 6.40 8.06 4.14 0.00 9.86 4.56 0.00 3.70 5.28 0.00 6.90 6.55 6.03 6.18 6316297
4.95 3.07 3.38 3.81 6.91 8.04 0.00 0.00 3.30 2.77 3.76 3.89 4.54 6.63 7.94 7.75 2.52 3.95 6.26 8.09 4.09 4.52 10.58 5.25 0.00 3.74 5.49 0.00 6.91 6.46 5.93 0.00 6329388
4.94 3.07 3.63 3.81 6.67 8.27 0.00 0.00 3.44 2.78 3.66 4.04 4.96 6.54 7.90 7.77 2.04 3.99 6.37 7.95 3.90 0.00 10.48 5.32 0.00 3.67 5.91 0.00 6.90 6.55 6.02 6.68 6342478
4.90 2.95 3.38 4.25 6.69 8.06 0.00 0.00 3.27 2.84 3.70 3.96 4.53 6.77 7.96 7.73 2.02 4.20 6.21 8.16 4.11 0.00 0.00 4.89 0.00 0.00 5.36 0.00 6.87 6.53 6.02 6.42 6355567
4.80 3.02 3.43 4.43 6.58 8.05 3.37 0.00 3.30 2.89 3.71 4.23 4.58 6.51 8.01 8.21 2.02 3.84 6.20 8.33 4.22 5.05 10.64 5.32 0.00 3.66 5.23 0.00 6.84 6.55 6.02 6.25 6368658
4.75 3.08 3.89 4.11 0.00 8.08 0.00 0.00 3.38 2.71 3.71 3.98 4.61 6.75 7.96 8.06 0.00 3.80 6.57 8.17 4.01 4.60 0.00 0.00 0.00 3.68 5.47 0.00 6.93 6.51 6.00 6.14 6381747
5.17 2.97 3.37 4.10 6.89 8.04 0.00 0.00 3.43 2.72 3.69 3.98 4.62 6.74 8.06 7.87 0.00 3.86 6.54 7.99 3.83 0.00 10.68 4.68 0.00 3.74 5.46 0.00 6.85 6.47 5.98 6.04 6394838
4.82 3.03 3.45 4.07 6.64 8.06 0.00 0.00 3.51 2.70 3.78 4.08 4.43 6.69 8.70 7.93 0.00 4.05 6.36 0.00 4.03 4.62 10.55 5.24 0.00 0.00 5.31 0.00 6.94 6.43 5.95 6.23 6407928
5.22 3.09 3.66 4.03 6.68 8.07 0.00 0.00 3.32 2.71 3.85 4.07 4.64 6.79 7.98 7.85 0.00 4.00 6.59 8.17 3.98 4.58 10.61 4.74 0.00 3.83 5.74 0.00 6.91 6.49 6.02 5.98 6421018
4.92 3.08 3.72 4.14 6.83 8.13 0.00 0.00 3.13 2.81 3.78 4.00 4.50 6.71 8.03 7.87 0.00 4.51 6.21 8.27 3.90 4.75 10.74 4.52 0.00 3.95 5.45 0.00 6.99 6.50 5.97 6.29 6434108
4.81 3.04 3.39 4.06 6.55 8.11 0.00 0.00 3.20 2.82 3.69 4.00 4.86 6.81 7.97 7.97 2.02 4.02 6.30 8.21 3.98 0.00 0.00 4.55 0.00 3.68 5.61 0.00 6.84 6.45 5.94 0.00 6447197
4.92 3.12 3.40 2.94 6.72 8.08 0.00 0.00 3.13 2.78 3.81 4.11 5.17 6.71 8.68 8.08 0.00 4.12 6.70 8.49 3.97 4.64 6.07 5.20 0.00 3.71 5.55 0.00 6.80 6.49 5.94 6.09 6460287
4.97 3.13 3.45 4.02 6.61 8.10 0.00 0.00 3.10 2.79 3.79 4.06 4.95 6.61 7.97 7.82 0.00 4.03 6.59 8.27 4.08 4.72 10.07 5.07 0.00 0.00 5.50 0.00 6.84 6.50 6.65 5.93 6473378
4.78 3.07 3.54 0.00 6.71 8.06 0.00 0.00 3.14 2.77 3.91 4.07 4.40 6.61 7.98 7.84 2.70 3.80 6.39 8.16 4.39 4.53 10.66 5.03 0.00 3.81 5.85 0.00 6.80 6.53 5.95 0.00 6486468
5.01 3.02 3.51 3.79 6.90 8.04 4.06 0.00 3.27 2.86 3.96 4.00 4.78 6.59 7.95 7.75 2.07 3.79 6.75 8.55 3.95 4.59 10.74 4.68 0.00 3.90 5.56 0.00 7.60 6.47 5.96 6.38 6499558
4.84 0.00 4.02 4.07 6.63 8.08 0.00 0.00 3.13 2.81 4.06 4.02 4.58 6.59 8.13 7.96 0.00 3.97 6.45 8.54 3.96 0.00 10.51 4.86 0.00 4.38 5.55 0.00 6.81 6.50 5.94 5.63 6512648
4.80 3.11 3.50 4.00 6.93 8.09 3.87 0.00 3.18 2.73 3.79 4.09 4.53 6.60 7.95 7.76 0.00 3.77 6.57 8.36 3.96 4.72 9.83 4.99 0.00 3.73 5.68 0.00 6.82 7.21 6.02 5.81 6525737
4.85 3.01 3.53 4.03 6.73 8.03 0.00 0.00 3.33 2.78 3.84 4.10 4.71 6.73 7.92 8.49 2.85 4.04 6.55 8.32 4.09 0.00 0.00 4.82 0.00 3.93 5.53 0.00 6.79 6.55 5.94 5.76 6538827
4.86 3.01 3.61 4.08 6.95 8.10 0.00 6.58 3.20 2.78 4.02 4.12 4.52 6.84 7.91 7.94 0.00 3.78 6.65 8.38 3.96 4.89 10.76 4.82 0.00 3.89 5.85 0.00 6.89 6.58 5.92 5.79 6551918
5.08 2.96 3.48 3.72 6.57 8.17 0.00 0.00 3.26 2.83 3.89 4.20 4.55 7.00 8.23 7.80 2.37 3.66 6.29 8.59 4.08 0.00 0.00 4.11 0.00 4.07 5.94 0.00 6.87 7.14 5.88 5.95 6565007
4.93 2.95 3.57 3.96 6.64 8.03 0.00 0.00 3.17 2.82 3.83 4.11 4.82 6.65 8.10 7.90 2.30 3.66 6.64 8.61 4.01 0.00 5.70 4.43 0.00 3.98 5.83 0.00 6.77 6.64 5.98 5.60 6578097
4.95 3.16 3.68 4.17 6.53 8.04 0.00 0.00 3.06 2.69 3.93 4.10 4.59 7.12 7.92 8.63 2.07 3.80 6.22 8.10 3.94 0.00 0.00 0.00 0.00 3.95 5.91 0.00 6.82 6.43 5.74 5.45 6591187
5.12 3.00 3.44 4.14 6.95 8.04 0.00 0.00 2.99 2.93 3.93 4.14 4.31 6.75 7.98 7.84 0.00 3.77 6.42 8.42 3.88 4.60 10.64 5.14 0.00 3.99 5.95 0.00 6.70 6.51 5.75 5.52 6604278
5.63 3.36 3.39 4.04 7.14 6.34 3.32 0.00 3.10 2.92 3.96 4.54 4.89 7.10 8.08 8.32 2.87 3.85 6.36 8.95 4.16 4.61 0.00 4.74 0.00 4.02 4.67 0.00 6.72 6.41 5.72 5.60 6617367
5.41 3.05 3.44 3.01 6.76 8.03 3.43 0.00 2.98 2.28 3.94 0.00 4.95 6.23 7.94 7.95 2.63 4.02 6.28 8.22 4.05 4.68 10.65 4.31 0.00 4.25 6.01 0.00 6.80 6.47 5.91 5.22 6630458
5.25 3.11 3.41 4.78 6.53 8.02 3.62 5.99 2.87 2.97 4.01 4.28 4.89 7.09 7.89 8.21 2.81 3.67 6.42 8.49 3.92 5.12 10.90 5.13 0.00 4.03 5.96 0.00 7.39 6.35 5.47 5.34 6643548
5.26 3.07 4.16 4.57 6.68 7.93 0.00 6.32 3.10 3.02 4.00 4.27 4.76 7.03 7.62 8.16 2.70 3.89 6.30 8.09 4.03 4.77 9.74 0.00 0.00 0.00 6.19 0.00 6.73 6.41 5.31 5.39 6656637
5.41 3.13 3.21 2.61 6.49 7.96 0.00 0.00 3.18 3.07 4.00 4.48 4.75 6.93 7.92 8.26 0.00 3.78 6.04 8.08 4.07 5.16 10.46 4.04 0.00 4.12 6.24 0.00 6.65 6.38 4.77 5.26 6669728
5.41 3.03 3.18 3.80 6.68 7.99 0.00 0.00 2.98 2.93 4.15 4.32 4.83 7.07 8.47 7.80 2.17 3.89 6.19 8.51 3.99 0.00 10.53 5.48 0.00 4.82 6.55 0.00 6.68 6.46 5.19 4.94 6682818
5.47 3.06 3.20 4.64 6.63 0.00 3.07 6.32 2.85 3.06 4.04 4.35 4.82 7.03 7.96 8.00 0.00 3.90 6.25 7.93 4.00 4.84 0.00 5.11 0.00 4.67 6.41 0.00 6.26 6.39 5.12 4.98 6695907
5.41 3.05 3.13 3.98 6.92 8.00 3.58 0.00 2.86 3.10 4.11 4.28 5.07 6.92 8.19 8.07 0.00 4.11 6.03 8.48 4.03 4.80 0.00 5.55 0.00 4.23 6.44 0.00 6.68 6.48 5.08 4.89 6708997
5.51 3.10 3.18 4.68 6.75 7.94 0.00 5.99 2.87 3.07 4.05 4.32 5.02 6.92 7.90 7.95 2.74 3.74 6.34 0.00 4.08 0.00 0.00 5.15 0.00 0.00 6.49 0.00 6.87 6.35 5.33 4.64 6722087
0.00 3.05 3.15 4.13 6.57 8.00 3.73 5.89 2.86 3.05 4.09 4.36 5.46 7.10 8.03 7.92 2.13 4.05 6.25 8.40 4.27 5.01 3.00 4.67 0.00 4.31 6.42 0.00 6.67 6.36 4.91 5.25 6735177
5.57 3.09 3.11 4.41 6.83 5.99 0.00 6.13 2.83 3.11 4.18 4.71 4.95 7.02 7.94 7.75 2.35 3.81 6.17 8.12 4.05 0.00 10.28 4.14 0.00 0.00 6.52 0.00 6.61 6.96 4.54 4.73 6748268
0.00 3.03 3.16 4.64 7.30 6.79 0.00 6.63 2.79 3.10 4.14 4.47 5.15 7.10 7.89 7.92 2.10 3.76 6.20 8.55 4.16 4.82 9.07 4.25 0.00 4.71 6.51 0.00 6.60 4.02 4.62 4.43 6761357
0.00 3.05 3.24 4.25 7.22 7.71 3.73 6.52 2.62 3.12 4.13 4.54 4.99 7.07 7.86 7.67 0.00 3.74 6.26 8.12 4.32 4.72 9.84 3.83 0.00 4.65 6.55 0.00 6.57 6.44 4.46 4.60 6774447
0.00 3.23 3.22 4.14 6.96 8.00 3.56 0.00 2.88 3.13 4.41 4.61 5.30 7.06 8.13 7.58 2.32 3.67 6.21 8.51 4.23 4.84 10.01 5.55 0.00 4.55 6.51 0.00 6.54 6.29 4.43 4.55 6787538
5.36 3.22 3.03 4.50 7.02 7.62 3.93 0.00 2.85 3.16 4.32 4.48 5.44 7.14 7.71 8.15 0.00 3.65 6.20 8.81 4.13 5.36 10.50 5.29 0.00 4.60 6.76 0.00 6.47 6.26 4.36 4.59 6800628
5.30 3.04 3.13 4.18 6.94 7.75 0.00 0.00 2.93 3.15 4.23 4.51 4.85 6.29 7.48 7.55 0.00 3.85 6.16 8.17 4.35 4.95 0.00 4.90 0.00 5.01 6.65 0.00 6.52 6.24 4.36 4.62 6813717
5.90 3.08 3.14 2.84 7.24 7.72 3.39 5.81 2.88 3.22 4.23 4.66 5.17 6.94 7.44 7.49 2.71 3.88 6.22 8.00 4.16 4.76 0.00 5.09 0.00 4.69 6.74 0.00 4.80 6.30 4.57 4.57 6826807
0.00 3.08 3.24 4.31 7.04 7.74 3.53 0.00 2.78 3.08 4.24 4.52 5.67 6.89 0.00 7.58 2.11 3.71 6.29 8.57 4.25 0.00 2.97 4.64 0.00 5.11 6.79 0.00 6.43 6.19 4.39 4.58 6839897
6.01 3.07 3.15 4.27 7.07 7.78 3.40 0.00 2.79 3.24 4.24 4.61 5.17 7.06 7.40 7.89 0.00 3.69 6.17 8.67 4.40 5.07 10.86 5.29 0.00 5.12 6.99 6.55 6.55 7.06 4.31 4.46 6852988
0.00 3.08 3.12 3.46 6.93 7.80 0.00 6.77 2.91 3.06 4.38 4.71 5.40 6.84 7.39 7.44 2.02 3.83 6.13 8.14 4.60 4.85 10.64 5.47 0.00 4.97 6.94 6.00 6.46 2.98 4.36 4.41 6866078
5.78 2.87 3.14 4.06 6.80 7.81 3.60 6.36 2.85 3.13 4.25 4.88 5.88 6.76 7.40 8.04 2.27 3.55 6.26 8.22 4.96 4.79 7.51 4.86 0.00 4.55 6.93 0.00 6.42 6.49 4.27 4.58 6879167
0.00 3.07 3.69 4.25 7.02 7.79 0.00 0.00 2.87 3.18 4.27 4.64 5.23 6.70 7.43 7.97 0.00 3.66 6.20 8.55 4.37 4.79 10.56 5.21 0.00 5.09 6.97 0.00 6.51 6.24 4.39 4.57 6892258
0.00 3.06 3.19 3.69 6.89 7.86 3.77 6.74 2.68 3.18 4.73 4.72 5.29 6.78 7.40 7.41 2.78 3.63 5.60 8.30 4.37 5.11 10.64 4.67 0.00 4.80 7.12 0.00 6.40 6.36 4.42 4.45 6905348
0.00 3.00 3.16 3.32 6.79 7.86 0.00 5.73 2.81 3.22 4.45 4.81 0.00 6.45 7.53 7.49 2.05 3.82 6.19 8.43 4.26 4.80 6.22 0.00 0.00 4.98 7.51 0.00 6.38 6.25 4.38 4.94 6918437
5.88 3.06 3.22 4.61 6.98 7.77 3.44 6.43 2.73 3.17 4.28 4.72 5.17 6.86 7.39 7.86 0.00 3.70 6.55 8.20 4.21 0.00 10.55 5.14 0.00 4.90 7.05 0.00 6.37 6.18 4.58 4.41 6931528
0.00 3.11 3.15 4.54 7.32 7.80 0.00 0.00 2.76 3.11 4.36 4.88 5.85 6.75 7.51 7.51 2.80 3.99 6.22 8.19 4.26 0.00 0.00 4.37 0.00 5.25 7.11 6.23 6.38 6.50 4.44 4.50 6944617
0.00 2.98 3.21 3.25 6.86 7.79 0.00 6.56 2.69 3.16 4.37 4.79 5.23 6.76 7.45 7.66 2.51 3.73 6.13 8.82 4.25 4.96 9.80 0.00 0.00 4.96 6.94 0.00 6.37 6.17 4.61 4.42 6957707
5.71 3.07 3.18 4.27 0.00 7.88 0.00 6.16 2.75 3.23 4.34 4.90 5.10 6.74 7.82 7.45 2.72 3.79 6.22 7.88 4.22 4.77 9.94 5.32 0.00 4.81 6.91 0.00 6.40 6.16 4.47 4.44 6970797
0.00 2.98 3.25 4.42 6.86 7.79 0.00 6.08 2.66 3.12 4.30 4.72 5.14 6.72 7.45 7.39 0.00 4.05 6.35 8.91 4.19 5.14 10.61 3.00 0.00 5.08 7.34 0.00 6.39 6.21 4.48 4.50 6983888
5.29 3.00 3.20 4.05 6.76 7.79 0.00 6.25 2.66 3.10 4.36 4.76 5.12 6.73 7.42 7.40 0.00 3.74 6.27 8.66 4.20 4.87 10.93 4.64 0.00 5.09 7.21 0.00 6.38 6.22 4.47 4.45 6996978
0.00 2.99 3.18 4.30 7.02 7.82 0.00 6.54 2.67 3.14 4.42 4.91 5.14 6.71 7.39 7.47 0.00 3.87 5.74 0.00 4.29 0.00 0.00 5.22 0.00 5.00 7.39 5.78 6.38 6.20 4.43 4.43 7010067
0.00 2.96 3.14 4.16 6.79 7.81 0.00 0.00 2.71 3.17 4.40 4.71 5.00 6.64 7.46 7.38 0.00 3.72 6.10 8.60 4.29 4.83 0.00 0.00 0.00 4.99 7.20 0.00 6.42 6.18 4.45 4.54 7023157
0.00 3.02 3.19 3.04 6.72 7.78 0.00 6.39 2.67 3.14 4.45 4.84 5.73 6.63 0.00 7.57 0.00 3.79 6.38 8.27 4.29 0.00 0.00 4.89 0.00 4.94 7.12 5.96 6.46 6.16 4.45 4.40 7036247
0.00 3.14 3.14 4.32 7.07 7.75 0.00 6.26 2.79 3.16 4.42 4.88 5.03 6.62 7.49 7.50 2.82 4.20 6.44 8.00 4.28 0.00 10.66 4.70 0.00 5.11 7.63 5.80 6.64 6.16 4.54 4.46 7049338
0.00 3.09 3.15 4.54 6.98 7.79 0.00 6.02 2.70 3.25 4.46 4.78 5.15 6.61 7.53 7.46 0.00 4.48 6.45 8.23 4.22 4.90 10.66 4.87 0.00 5.59 7.33 6.34 6.60 6.27 4.55 4.55 7062428
0.00 2.97 3.61 0.00 6.74 7.78 0.00 6.31 2.86 3.22 4.37 4.77 4.96 6.57 7.49 7.51 2.11 3.63 6.02 8.75 4.21 0.00 10.66 5.01 0.00 5.02 7.27 5.47 6.44 6.23 4.51 4.40 7075518
0.00 2.96 3.20 0.00 6.87 7.77 3.40 6.17 2.81 3.11 4.56 4.78 5.04 6.64 7.98 7.50 0.00 3.68 6.26 8.37 4.49 4.82 10.62 4.76 0.00 5.45 7.51 5.62 6.60 6.20 4.51 4.46 7088608
0.00 3.07 3.12 3.81 6.91 7.77 0.00 6.47 2.85 3.14 4.55 4.89 5.47 6.60 0.00 7.48 2.09 3.71 6.58 8.52 4.44 0.00 9.69 4.73 0.00 5.09 7.35 5.69 6.42 6.30 4.56 4.45 7101697
5.96 3.07 3.15 3.60 7.06 7.83 0.00 6.12 2.64 3.21 4.37 4.84 5.21 6.59 7.49 7.49 2.46 3.69 6.49 8.41 4.26 4.79 10.13 4.74 0.00 5.10 7.35 6.13 6.43 6.37 4.46 4.38 7114788
5.51 3.01 3.14 4.82 7.26 7.87 0.00 6.54 2.67 3.11 4.52 4.77 5.19 6.58 7.44 7.47 0.00 3.71 6.17 8.52 4.33 0.00 10.73 5.06 0.00 5.75 7.31 0.00 6.41 6.33 4.47 4.53 7127878
0.00 2.92 3.10 3.64 0.00 7.92 0.00 0.00 2.83 3.14 4.37 4.88 5.13 6.51 7.47 7.50 2.66 3.72 6.45 8.22 4.84 0.00 10.64 4.72 0.00 5.23 7.33 0.00 6.39 6.34 4.57 4.44 7140968
0.00 2.94 3.14 0.00 7.07 7.92 0.00 6.50 2.79 3.12 4.37 0.00 5.03 6.63 7.57 7.44 2.07 3.72 6.60 8.28 4.42 5.32 10.48 4.65 0.00 5.23 7.38 0.00 6.43 6.30 4.66 4.38 7154058
0.00 3.07 3.15 3.58 6.70 7.87 0.00 6.15 2.66 3.12 4.37 5.24 5.32 6.58 7.52 7.48 0.00 3.73 6.31 8.09 4.38 4.88 10.64 4.82 0.00 5.33 7.47 6.15 6.66 6.34 4.60 4.37 7167148
0.00 2.94 3.22 0.00 6.74 7.90 3.92 6.15 2.66 3.14 4.53 4.90 0.00 6.60 7.48 7.48 0.00 3.73 6.13 8.05 4.39 0.00 10.48 4.62 0.00 5.01 7.39 5.46 6.59 6.26 4.46 4.49 7180238
0.00 3.66 3.16 0.00 6.75 7.87 0.00 6.29 2.71 3.17 4.58 4.97 5.02 6.56 7.47 7.50 0.00 3.71 5.97 8.65 4.30 4.84 10.66 4.76 0.00 0.00 7.47 0.00 6.52 6.27 4.56 4.45 7193328
0.00 2.93 3.24 0.00 6.93 7.82 0.00 6.35 2.70 3.09 4.60 5.12 5.35 6.98 7.46 7.43 0.00 3.72 6.01 8.10 4.30 4.82 0.00 4.39 0.00 5.22 7.42 6.20 6.38 6.32 4.50 4.37 7206417
0.00 2.94 3.21 0.00 6.97 7.85 0.00 6.37 2.67 3.16 5.05 4.92 5.02 6.62 7.48 7.47 2.64 3.71 6.28 8.09 4.28 4.84 10.51 4.41 0.00 5.02 7.32 6.28 6.49 6.32 4.55 4.35 7219508
0.00 2.96 3.18 3.42 6.80 7.79 0.00 6.61 2.65 3.20 4.66 4.89 5.26 6.58 7.52 8.19 0.00 3.72 6.27 8.37 4.26 0.00 0.00 4.37 0.00 5.18 7.50 6.07 6.63 6.28 4.49 4.41 7232597
0.00 3.16 3.17 3.57 6.67 7.78 0.00 6.33 2.63 3.20 4.40 4.90 5.12 6.56 7.44 7.45 0.00 3.73 6.15 8.19 4.25 0.00 10.50 4.40 0.00 5.02 7.34 0.00 6.61 6.28 4.53 4.38 7245688
6.07 3.04 0.00 3.57 6.74 7.78 0.00 6.77 2.62 3.16 4.34 4.87 5.22 6.56 7.44 7.49 0.00 3.72 6.33 8.23 4.26 0.00 0.00 4.41 0.00 5.06 7.53 0.00 6.74 6.27 4.52 4.53 7258777
0.00 0.00 3.22 3.41 6.92 7.78 0.00 5.99 2.73 3.16 4.36 4.87 5.11 6.56 7.49 7.45 0.00 3.74 6.17 8.15 4.26 4.86 0.00 4.92 0.00 5.34 7.72 6.10 6.72 6.29 4.53 4.47 7271867
0.00 0.00 3.29 3.61 6.92 7.79 0.00 5.95 2.70 3.21 4.35 4.86 5.75 6.55 7.47 7.44 0.00 3.72 6.40 8.06 4.26 4.82 0.00 4.40 0.00 5.42 7.23 6.11 6.60 6.31 4.59 5.08 7284957
0.00 0.00 3.16 3.61 6.79 7.79 0.00 6.23 2.68 3.16 4.54 4.85 5.23 6.53 7.50 7.42 0.00 3.71 6.27 8.28 4.29 4.81 10.70 4.42 0.00 5.29 7.55 5.72 6.60 6.31 4.62 4.52 7298048
0.00 3.15 3.19 3.60 6.93 7.78 0.00 6.25 2.72 3.31 4.37 4.88 5.13 6.78 7.48 7.46 0.00 3.71 6.93 8.13 4.30 4.96 0.00 4.41 0.00 5.27 7.53 6.02 6.61 6.29 4.46 4.40 7311137
0.00 0.00 3.15 3.49 7.37 7.77 0.00 6.23 2.84 3.18 4.36 5.22 5.48 6.47 7.49 7.44 0.00 3.72 6.10 8.51 4.30 4.95 0.00 4.40 0.00 5.20 7.51 6.13 6.61 6.28 4.57 4.43 7324227
0.00 3.07 3.17 3.44 6.95 7.78 0.00 0.00 2.79 3.19 4.36 5.08 5.39 6.49 7.49 7.47 0.00 3.88 6.12 8.15 4.33 0.00 0.00 4.35 0.00 0.00 7.58 0.00 6.56 6.27 4.50 4.47 7337317
6.16 3.10 3.17 3.46 6.94 7.78 0.00 5.96 2.79 3.13 4.36 5.23 5.23 6.50 7.45 7.47 0.00 3.91 6.20 8.10 4.31 4.96 0.00 4.38 0.00 5.32 7.45 6.15 6.56 6.28 4.51 4.42 7350407
5.31 3.04 3.17 3.46 6.66 7.78 0.00 5.98 2.84 3.33 4.39 5.20 5.13 6.52 8.13 7.46 2.01 3.91 6.17 8.74 4.30 4.95 10.56 4.42 0.00 5.21 7.53 0.00 6.55 6.20 4.57 4.44 7363498
0.00 3.11 3.22 3.43 6.65 7.78 0.00 5.96 2.98 3.25 4.40 5.43 5.46 6.53 7.52 7.44 0.00 3.93 6.22 8.55 4.30 4.93 0.00 4.42 0.00 5.55 7.52 0.00 6.56 6.20 4.55 4.41 7376587
0.00 3.26 3.38 3.41 6.65 7.78 0.00 5.95 2.84 3.18 4.39 5.24 5.31 6.55 7.63 7.43 2.01 3.91 6.20 8.75 4.31 4.93 10.65 5.06 0.00 5.61 7.57 0.00 6.59 6.20 4.51 4.47 7389678
0.00 3.20 3.18 3.63 6.69 7.78 0.00 5.96 2.67 3.15 4.46 4.89 5.08 6.56 7.67 7.46 0.00 3.92 6.23 8.31 4.28 4.93 0.00 4.91 0.00 5.28 7.55 0.00 6.58 6.20 4.69 4.36 7402767
0.00 3.68 3.18 3.64 6.65 7.78 0.00 5.93 2.69 3.23 4.39 0.00 5.34 6.50 7.66 7.45 0.00 4.20 6.53 8.18 4.31 4.95 10.55 5.07 0.00 5.32 7.62 0.00 6.62 6.20 4.54 4.42 7415858
0.00 3.05 3.30 3.62 6.65 7.78 0.00 5.94 2.67 3.11 4.38 4.95 5.79 6.53 7.64 7.46 0.00 3.76 6.26 8.24 4.29 4.90 10.74 5.02 0.00 5.62 7.58 0.00 6.56 6.28 4.53 4.51 7428948
0.00 3.07 3.31 3.59 6.64 7.81 0.00 5.96 2.69 3.13 4.40 5.05 0.00 6.69 7.64 7.46 0.00 3.72 6.39 8.47 4.30 4.85 10.72 5.08 0.00 5.44 7.60 0.00 6.58 6.20 4.58 4.38 7442038
0.00 3.06 3.30 3.58 6.66 7.78 0.00 5.94 2.68 3.16 4.40 5.06 0.00 6.55 7.62 7.47 0.00 3.73 6.35 8.05 4.30 4.90 10.69 5.04 0.00 5.50 7.48 0.00 6.59 6.20 4.61 4.38 7455128
0.00 3.07 3.31 3.38 6.66 7.79 0.00 5.95 2.69 3.15 4.40 0.00 5.92 6.54 7.71 7.47 0.00 3.73 6.40 8.04 4.28 4.91 10.69 5.07 0.00 0.00 7.57 0.00 6.62 6.27 4.61 4.39 7468218
0.00 3.06 3.30 3.38 6.65 7.78 0.00 5.95 2.68 3.16 4.40 5.06 5.92 6.56 7.66 7.47 0.00 3.74 6.40 8.16 4.29 4.90 10.64 5.05 0.00 0.00 7.40 6.22 6.62 6.28 4.60 4.39 7481308
0.00 3.09 3.29 3.39 6.64 7.79 0.00 5.94 2.68 3.17 4.41 5.06 5.93 6.60 7.68 7.47 0.00 3.95 6.33 8.23 4.29 4.91 10.75 5.05 0.00 0.00 7.40 6.20 6.62 6.29 4.58 4.39 7494398
0.00 3.13 3.29 3.38 6.65 7.79 0.00 5.95 2.68 3.18 4.39 5.06 0.00 6.64 7.68 7.47 0.00 3.73 6.54 8.08 4.29 4.92 10.75 5.05 0.00 0.00 7.42 6.21 6.61 6.26 4.59 4.40 7507488
0.00 3.14 3.31 0.00 6.65 7.80 0.00 5.95 2.68 3.18 4.41 4.92 0.00 6.64 7.67 7.47 0.00 3.74 6.36 8.28 4.29 4.91 10.75 5.06 0.00 0.00 7.45 6.20 6.65 6.22 4.59 4.38 7520578
0.00 3.13 3.30 0.00 6.66 7.78 0.00 5.94 2.68 3.18 4.40 4.93 0.00 6.64 7.68 7.47 0.00 3.75 6.35 8.22 4.28 4.91 10.84 5.05 0.00 0.00 7.50 6.20 6.65 6.23 4.59 4.40 7533668
0.00 3.12 3.31 0.00 6.65 7.78 0.00 5.95 2.70 3.16 4.41 4.93 0.00 6.72 7.68 7.47 0.00 3.76 6.35 8.21 4.28 4.91 10.78 5.06 0.00 5.34 7.52 0.00 6.64 6.22 4.60 4.38 7546758
0.00 3.13 3.30 0.00 6.65 7.79 0.00 5.95 2.69 3.17 4.41 4.93 0.00 6.73 7.68 7.47 0.00 3.75 6.35 8.47 4.29 4.90 10.75 5.05 0.00 5.46 7.51 0.00 6.65 6.22 4.60 4.39 7559848
0.00 3.13 3.30 0.00 6.66 7.79 0.00 5.94 2.68 3.18 4.41 4.93 0.00 6.73 7.67 7.48 0.00 3.76 6.35 8.55 4.29 4.89 10.82 5.05 0.00 5.29 7.43 0.00 6.63 6.20 4.59 4.39 7572938
0.00 3.14 3.30 0.00 6.65 7.79 0.00 5.95 2.69 3.18 4.41 4.93 0.00 6.72 7.69 7.48 2.74 3.75 6.83 8.19 4.30 4.90 10.83 5.05 0.00 5.29 7.42 0.00 6.62 6.18 4.59 4.38 7586028
0.00 3.14 3.31 0.00 6.65 7.78 0.00 5.95 2.69 3.17 4.41 4.92 0.00 6.73 7.67 7.47 2.75 3.75 7.10 8.21 4.29 4.90 10.85 5.06 0.00 5.27 7.42 0.00 6.64 6.19 4.59 4.38 7599118
0.00 3.13 3.29 0.00 6.66 7.79 0.00 5.94 2.69 3.18 4.41 4.92 0.00 6.74 7.68 7.48 2.77 3.95 6.96 8.26 4.28 4.90 10.83 5.06 0.00 5.27 7.35 0.00 6.63 6.19 4.60 4.39 7612208
0.00 3.13 3.29 4.96 6.65 7.78 0.00 5.95 2.70 3.18 4.40 4.93 0.00 6.75 7.69 7.48 0.00 4.28 6.86 8.28 4.28 4.90 10.85 5.05 0.00 5.28 7.54 0.00 6.65 6.19 4.59 4.38 7625298
0.00 3.12 3.27 4.96 6.64 7.79 0.00 5.95 2.69 3.19 4.40 4.93 0.00 6.76 7.69 7.48 2.75 4.26 6.80 8.23 4.29 4.89 10.84 5.06 0.00 5.28 7.56 0.00 6.65 6.19 4.59 4.39 7638388
0.00 3.13 3.29 4.96 6.66 7.78 0.00 5.95 2.69 3.18 4.42 4.95 0.00 6.79 7.68 7.48 2.76 4.27 6.57 8.19 4.29 4.89 10.84 5.07 0.00 5.29 7.34 0.00 6.66 6.17 4.60 4.39 7651478
0.00 3.12 3.30 4.94 6.66 7.78 0.00 5.94 2.69 3.17 4.40 4.97 0.00 6.79 7.69 7.48 0.00 4.26 6.80 8.20 4.28 4.90 10.85 5.06 0.00 5.28 7.37 0.00 6.66 6.18 4.57 4.38 7664568
0.00 3.12 3.28 4.96 6.65 7.80 0.00 5.95 2.69 3.18 4.40 5.05 0.00 6.80 7.70 7.48 0.00 4.24 6.57 8.12 4.29 4.89 10.86 5.06 0.00 5.30 7.29 0.00 6.65 6.17 4.58 4.38 7677658
0.00 3.11 3.29 4.94 6.66 7.79 0.00 5.95 2.69 3.18 4.41 5.04 0.00 6.80 7.69 7.48 0.00 4.24 6.60 8.10 4.29 4.88 10.86 5.07 0.00 5.29 7.29 6.24 6.65 6.17 4.59 4.38 7690748
0.00 3.12 3.29 4.91 6.67 7.78 0.00 5.95 2.69 3.18 4.41 5.04 0.00 6.81 7.70 7.48 0.00 4.26 6.59 8.12 4.29 4.89 10.86 5.06 0.00 5.30 7.29 6.23 6.68 6.17 4.58 4.39 7703838
0.00 3.12 3.28 4.92 6.64 7.78 0.00 5.95 2.68 3.18 4.40 5.04 0.00 6.82 7.71 7.48 0.00 4.25 6.77 8.11 4.29 4.88 10.85 5.05 0.00 5.31 7.28 6.23 6.68 6.17 4.57 4.40 7716928
0.00 3.11 3.29 4.87 6.66 7.78 0.00 5.94 2.69 3.18 4.41 5.01 0.00 6.80 7.70 7.48 0.00 4.25 6.86 8.13 4.29 4.89 10.87 5.05 0.00 5.30 7.29 6.23 6.67 6.18 4.58 4.39 7730018
0.00 3.11 3.29 4.79 6.65 7.79 0.00 5.95 2.69 3.18 4.41 5.05 0.00 6.81 7.70 7.49 0.00 4.25 6.87 8.14 4.28 4.89 10.88 5.05 0.00 5.30 7.30 6.21 6.68 6.18 4.57 4.39 7743108
0.00 3.11 3.29 4.78 6.66 7.79 0.00 5.95 2.70 3.19 4.42 5.03 0.00 6.80 7.68 7.49 0.00 4.25 6.85 8.16 4.28 4.90 10.87 5.04 0.00 5.30 7.31 6.24 6.69 6.18 4.58 4.40 7756198
0.00 3.11 3.29 4.78 6.65 7.78 0.00 5.94 2.69 3.20 4.40 5.03 0.00 6.80 7.70 7.47 0.00 4.26 6.86 8.17 4.28 4.89 10.88 5.05 0.00 5.31 7.31 6.21 6.68 6.18 4.58 4.40 7769288
0.00 3.13 3.29 4.77 6.64 7.79 0.00 5.95 2.70 3.19 4.41 5.04 0.00 6.74 7.69 7.48 0.00 4.25 6.84 8.16 4.29 4.89 10.88 5.06 0.00 5.30 7.69 6.21 6.68 6.18 4.57 4.40 7782378