0.00 3.07 3.82 0.00 5.79 5.58 2.56 3.78 4.31 5.44 6.11 7.34 4.33 5.13 5.21 5.37 2.65 3.67 6.29 8.95 3.97 4.87 10.70 4.29 0.00 3.29 4.06 4.34 5.92 0.00 3.49 0.00 3135651
0.00 3.07 3.83 0.00 5.80 5.57 2.56 3.79 4.31 5.44 6.11 7.35 4.34 5.14 5.21 5.39 0.00 3.67 6.28 8.95 3.97 4.86 10.70 4.29 0.00 3.29 4.06 4.32 5.91 6.61 3.49 0.00 3148741
0.00 3.07 3.83 0.00 5.80 5.58 2.56 3.79 4.32 5.44 6.12 7.35 4.34 5.14 5.22 5.41 2.64 3.67 6.28 8.95 3.98 4.86 10.70 4.30 0.00 3.29 4.06 4.32 5.92 0.00 3.48 0.00 3161831
0.00 3.07 3.83 0.00 5.79 5.57 2.57 3.79 4.30 5.44 6.11 7.35 4.33 5.19 5.22 5.41 0.00 3.67 6.27 8.93 3.98 4.84 10.72 4.29 0.00 3.28 4.07 4.32 5.91 0.00 3.48 0.00 3174921
0.00 3.07 3.82 0.00 5.79 5.57 2.58 3.78 4.31 5.45 6.12 7.35 4.34 5.19 5.21 5.38 0.00 3.68 6.26 8.94 3.99 4.85 10.69 4.29 0.00 3.30 4.06 4.32 5.91 0.00 3.49 0.00 3188011
0.00 3.08 3.80 0.00 5.79 5.59 2.57 3.71 4.32 5.47 6.11 7.35 4.33 5.17 5.21 5.38 0.00 3.86 6.27 8.94 3.97 4.86 10.71 4.30 0.00 3.29 4.05 4.34 5.78 0.00 3.48 0.00 3201101
0.00 3.08 3.80 5.63 5.70 5.55 2.57 3.85 4.29 5.48 6.10 7.36 4.34 5.14 5.22 5.37 0.00 3.69 6.28 8.93 3.92 4.88 10.72 4.30 0.00 3.30 4.05 4.33 5.75 6.73 3.49 0.00 3214191
0.00 3.08 3.81 0.00 5.77 5.51 2.57 3.70 4.31 5.55 6.12 7.33 4.34 5.10 5.22 5.33 0.00 3.70 6.28 8.94 3.93 4.86 10.72 4.30 0.00 3.29 4.04 0.00 5.74 6.60 3.47 3.82 3227281
0.00 3.08 3.80 0.00 5.68 5.59 2.58 3.60 4.30 5.48 6.15 7.45 4.34 5.09 0.00 5.38 0.00 3.69 6.24 8.93 4.02 4.96 10.41 4.28 0.00 3.30 4.04 4.38 5.92 6.55 3.48 3.73 3240371
0.00 3.07 3.78 5.62 5.72 5.52 2.58 3.84 4.29 5.54 6.22 7.35 4.38 5.06 5.19 5.34 0.00 3.71 6.21 8.95 3.94 4.76 10.72 4.27 0.00 3.29 4.05 4.33 5.98 6.52 3.49 3.75 3253461
0.00 3.07 3.80 0.00 5.69 5.52 2.58 3.68 4.37 5.45 6.20 0.00 4.37 5.07 5.20 5.29 2.48 3.74 6.19 8.98 3.89 0.00 10.71 4.27 0.00 3.29 4.05 4.40 5.81 6.50 3.46 3.73 3266551
0.00 3.07 3.84 5.37 5.68 5.52 2.64 3.82 4.40 5.47 6.13 8.04 4.35 5.07 5.12 5.29 2.51 3.75 6.30 8.97 3.92 4.94 10.64 4.24 0.00 3.28 4.03 5.04 5.75 6.54 3.48 0.00 3279641
0.00 3.08 3.97 0.00 6.41 5.64 2.56 3.91 4.36 5.41 6.14 7.35 4.31 5.09 5.12 5.22 0.00 3.77 6.14 8.96 4.11 0.00 10.44 4.15 0.00 3.29 4.04 0.00 5.79 6.53 3.49 3.71 3292731
0.00 3.06 3.84 0.00 5.67 5.56 2.68 3.80 4.43 5.45 6.24 7.32 4.25 5.10 5.13 5.27 2.61 3.66 6.17 8.97 3.90 4.81 10.49 4.22 0.00 3.29 4.11 5.07 5.79 6.50 3.49 3.71 3305821
0.00 3.06 3.85 0.00 5.66 5.54 2.63 3.56 4.50 5.43 6.12 7.41 4.34 5.17 5.09 5.38 2.67 3.69 6.21 8.96 4.60 4.92 10.45 4.24 0.00 3.28 4.04 4.62 6.01 6.51 3.60 3.73 3318911
0.00 3.06 3.98 5.58 5.67 5.62 2.59 3.59 4.38 5.48 6.35 7.34 4.32 5.21 5.08 5.39 0.00 3.81 6.47 8.95 3.90 0.00 10.54 4.01 0.00 3.29 4.03 4.52 5.81 6.56 3.47 3.73 3332001
0.00 3.07 3.84 5.12 5.63 5.61 2.68 3.58 4.66 5.41 6.12 0.00 4.43 5.20 5.07 5.23 0.00 3.73 6.51 8.94 3.89 4.79 10.59 4.03 0.00 3.28 4.04 4.57 5.80 6.51 3.50 3.71 3345091
0.00 3.05 3.90 0.00 5.69 5.53 2.71 3.67 4.72 5.49 6.15 7.42 4.32 5.10 5.10 5.33 2.56 3.82 6.54 8.97 3.93 4.87 10.41 4.54 0.00 3.29 4.03 4.57 5.88 6.59 3.47 3.77 3358181
0.00 3.06 3.84 5.12 5.72 5.58 2.57 3.69 4.43 5.52 6.21 7.38 4.33 5.16 5.12 5.24 2.79 3.96 6.19 8.96 3.99 4.76 10.61 4.79 0.00 3.28 4.04 4.68 5.79 6.53 3.47 3.74 3371271
0.00 3.06 3.89 0.00 5.78 5.59 2.57 3.73 4.49 5.42 6.45 7.38 4.42 5.06 5.21 5.25 2.04 3.71 6.18 8.96 3.90 0.00 10.43 5.18 0.00 3.29 4.04 4.64 5.77 0.00 3.50 3.75 3384361
0.00 3.05 3.95 5.24 5.68 5.60 2.62 3.66 4.44 5.48 6.29 7.34 0.00 5.21 5.12 5.28 0.00 3.67 6.20 8.94 3.88 4.93 10.70 4.00 0.00 3.28 4.05 0.00 6.43 6.57 3.55 3.72 3397451
0.00 3.07 3.90 0.00 5.77 5.60 2.65 3.72 4.52 5.49 6.20 7.31 4.47 5.07 5.12 5.31 2.20 3.70 6.14 8.94 3.98 4.93 10.47 4.28 0.00 3.29 4.05 4.95 5.87 6.57 3.46 0.00 3410541
0.00 3.05 3.88 5.12 6.26 5.58 2.63 3.70 4.49 5.48 6.23 7.29 4.41 5.27 0.00 5.28 0.00 3.75 6.17 8.92 4.04 0.00 10.56 4.78 0.00 3.28 4.15 4.71 5.81 0.00 3.51 3.77 3423631
0.00 3.09 3.95 0.00 6.09 5.67 2.58 3.60 4.34 5.48 6.56 0.00 4.30 5.07 5.19 5.54 0.00 3.72 6.14 8.91 3.88 5.42 10.40 3.94 0.00 3.28 4.05 4.50 5.70 0.00 3.48 3.71 3436721
0.00 3.06 3.86 0.00 5.69 5.76 2.66 3.82 4.39 5.47 6.45 7.32 4.40 5.24 5.12 5.37 0.00 3.72 6.19 8.94 3.94 4.91 10.44 4.56 0.00 3.29 4.06 4.43 5.75 6.50 3.50 3.76 3449811
0.00 3.06 3.90 5.21 6.10 5.80 2.81 3.39 4.47 5.47 6.38 7.32 4.27 5.16 5.20 5.31 2.49 3.76 6.49 8.93 3.88 0.00 10.39 4.97 0.00 3.30 4.17 5.01 5.68 6.54 3.53 4.34 3462901
0.00 3.03 3.97 0.00 5.77 5.95 2.58 3.42 4.45 5.59 6.37 7.33 4.42 5.22 5.13 5.34 0.00 3.56 6.10 8.94 3.88 0.00 10.51 4.12 0.00 3.28 4.17 4.30 5.76 6.84 3.57 3.77 3475991
0.00 3.03 4.07 3.01 5.93 6.12 2.80 3.40 4.78 4.78 6.76 0.00 4.35 5.24 5.78 5.43 0.00 3.55 6.15 8.93 4.03 4.97 10.82 5.42 0.00 3.29 4.07 4.89 5.87 6.68 3.54 3.93 3489081
0.00 2.99 4.15 5.69 6.19 6.18 2.95 3.39 4.59 4.92 6.63 7.68 4.45 5.25 5.15 5.31 2.54 3.27 6.07 8.94 3.85 4.99 6.40 5.25 0.00 3.26 4.03 4.75 5.90 6.56 3.53 3.71 3502170
5.33 2.91 4.15 2.08 5.99 6.38 2.88 3.50 4.69 4.02 6.43 7.32 4.64 5.26 5.10 5.34 2.05 3.71 6.32 8.94 4.05 0.00 10.73 4.20 0.00 3.32 4.05 4.64 5.70 6.55 3.66 3.81 3515261
4.88 2.95 4.34 2.93 6.20 5.76 2.86 3.19 4.35 3.19 6.52 7.32 4.48 5.29 5.18 5.54 2.63 3.42 6.10 8.97 3.87 4.90 5.12 4.81 0.00 3.34 3.95 4.92 5.89 6.65 3.56 3.73 3528350
0.00 2.98 4.17 0.00 6.68 6.12 3.14 3.09 4.21 3.23 6.57 7.48 4.67 5.22 5.32 0.00 0.00 3.42 5.54 8.93 4.03 5.12 4.92 0.00 0.00 3.28 4.14 4.29 4.69 6.70 3.54 3.71 3541440
4.58 2.96 4.37 2.65 5.59 6.74 2.93 3.24 4.50 2.78 6.44 7.27 4.71 5.48 5.18 5.42 2.58 3.43 5.84 0.00 3.99 5.02 8.64 3.74 0.00 0.00 4.14 4.25 5.83 6.68 3.56 3.73 3554530
0.00 2.57 4.18 2.38 5.33 5.43 2.74 3.13 2.33 2.26 6.38 7.77 4.65 5.34 5.32 5.43 2.32 3.28 6.54 0.00 4.03 5.11 10.72 0.00 0.00 3.32 3.98 4.70 5.57 6.76 3.54 4.33 3567621
3.62 2.42 4.59 2.12 5.66 5.88 2.26 3.25 2.72 2.39 4.95 3.22 4.83 4.71 4.76 4.70 0.00 3.52 6.16 9.04 2.57 5.23 8.58 0.00 0.00 3.37 3.94 4.15 5.12 6.85 3.60 3.87 3580710
4.44 2.50 4.55 2.34 2.13 5.68 2.29 3.05 2.94 2.66 5.50 3.46 4.56 3.16 5.55 5.60 2.57 3.44 5.91 9.02 2.63 4.55 3.83 2.26 0.00 3.51 3.75 4.31 5.33 6.83 3.30 3.74 3593800
4.68 2.90 3.85 2.74 3.62 3.07 2.50 3.04 3.74 2.32 2.69 7.53 4.89 4.63 3.37 5.54 2.02 3.68 5.73 8.90 3.95 5.11 5.78 2.50 0.00 3.36 3.87 4.15 5.89 5.87 3.69 3.74 3606890
3.43 2.48 4.67 2.76 0.00 4.78 2.60 2.91 3.94 2.39 3.16 4.21 2.70 4.13 5.69 5.79 2.29 3.62 3.38 8.94 2.17 0.00 3.28 3.54 0.00 3.57 3.76 4.36 3.82 6.29 3.59 3.75 3619980
5.01 2.91 4.54 2.66 3.31 3.25 2.73 2.83 2.75 2.97 3.72 7.30 4.90 3.34 6.42 6.00 2.22 3.58 4.16 8.92 2.77 5.45 4.45 2.15 0.00 3.31 3.65 4.03 5.96 6.88 3.35 3.49 3633070
3.65 2.81 4.61 2.42 5.45 3.96 2.45 2.72 4.36 2.49 3.81 7.38 4.29 3.78 6.53 3.76 2.81 3.72 5.27 6.87 2.85 0.00 2.29 5.04 0.00 3.59 3.21 3.50 6.05 6.86 2.81 3.80 3646160
3.57 2.97 3.05 2.57 4.77 4.87 2.26 2.53 3.54 2.97 3.99 0.00 3.45 2.41 5.71 2.70 0.00 3.57 3.93 9.00 2.66 5.45 2.40 3.16 0.00 3.42 3.63 4.44 5.95 3.64 3.27 3.74 3659250
5.31 2.83 4.04 2.51 6.77 3.70 2.36 3.23 4.84 2.60 3.21 5.93 3.35 2.58 6.06 6.01 2.20 3.48 6.34 0.00 3.22 0.00 2.92 0.00 0.00 3.41 3.29 4.56 2.95 6.82 3.59 4.01 3672340
3.49 2.55 4.48 2.73 2.90 3.10 2.29 3.01 2.54 2.39 3.05 3.69 4.75 2.46 2.96 5.44 2.88 3.12 2.26 9.06 4.95 5.79 2.42 2.42 0.00 3.35 3.64 4.51 3.79 6.88 3.57 3.19 3685430
4.22 2.82 4.45 2.84 4.58 5.69 2.27 2.95 3.56 2.92 2.78 0.00 4.50 2.57 3.54 5.54 2.27 3.82 6.35 8.95 2.33 0.00 2.50 2.90 0.00 3.01 3.72 4.34 3.68 5.26 3.45 3.71 3698520
2.43 3.04 4.59 3.62 7.44 4.61 2.23 3.12 4.03 3.06 4.84 7.16 4.14 4.63 5.88 4.36 2.35 3.57 4.51 4.80 4.97 0.00 2.68 2.59 0.00 3.27 3.10 4.34 4.40 6.41 3.59 3.79 3711610
0.00 2.98 4.16 2.32 7.78 2.72 2.12 2.92 2.60 2.47 2.94 7.10 4.65 3.81 5.86 5.95 2.15 3.46 2.40 5.34 5.47 0.00 2.32 4.35 0.00 3.48 3.29 4.27 2.60 6.03 2.65 3.81 3724700
0.00 2.97 4.39 2.69 7.24 5.24 2.15 3.45 2.17 2.85 5.36 6.76 4.44 3.45 5.76 5.85 2.83 3.16 3.78 8.77 4.92 5.94 3.47 3.95 0.00 2.96 3.88 4.95 3.72 6.30 3.30 3.99 3737790
0.00 2.87 4.59 2.42 8.00 4.01 2.24 3.55 2.11 2.25 6.25 6.34 4.25 4.07 5.79 5.61 2.02 3.44 3.03 9.08 5.18 0.00 2.54 4.58 0.00 2.93 4.19 4.39 5.65 7.05 3.66 4.01 3750880
2.94 2.95 4.15 2.26 8.45 8.25 2.30 3.51 3.16 3.07 6.95 7.33 4.17 4.91 5.56 5.75 2.05 3.46 5.56 8.79 4.09 6.16 3.46 3.42 0.00 2.79 3.70 4.43 6.20 6.97 3.76 3.76 3763970
0.00 3.07 4.44 2.82 0.00 7.64 2.19 3.53 5.08 3.12 6.20 7.38 4.37 3.51 5.41 4.70 2.73 3.55 5.45 0.00 5.00 6.58 3.69 4.26 0.00 2.81 3.86 4.26 6.21 3.42 3.68 3.86 3777060
5.49 2.85 4.53 2.39 5.73 6.16 2.13 3.76 3.85 5.36 6.86 0.00 4.11 2.90 5.30 5.71 2.04 3.57 6.15 0.00 5.07 6.20 4.24 4.70 0.00 2.74 3.93 4.37 6.12 6.93 3.61 3.78 3790150
0.00 2.94 4.52 2.95 7.99 6.99 2.22 3.56 5.06 4.27 6.81 7.53 3.81 4.62 4.90 5.77 2.85 3.77 5.89 9.20 5.21 0.00 9.22 4.59 0.00 2.95 3.80 5.09 5.75 7.02 3.63 0.00 3803240
0.00 3.10 4.42 2.96 8.39 8.26 2.24 3.77 5.16 3.85 6.74 0.00 3.84 4.37 4.97 5.53 0.00 3.60 3.84 9.06 5.27 0.00 10.65 4.66 0.00 2.74 3.86 4.57 6.20 6.97 3.62 3.84 3816331
5.43 3.09 4.49 2.28 8.08 5.94 2.24 3.76 2.15 3.71 6.90 7.39 3.59 3.58 4.80 5.87 0.00 3.54 6.20 8.75 5.42 6.04 10.57 4.64 0.00 2.73 3.87 4.50 6.15 7.00 3.67 3.96 3829421
0.00 3.07 4.32 2.99 7.86 8.24 2.31 3.61 0.00 6.89 7.11 7.29 3.43 4.23 4.76 5.55 2.06 3.48 6.20 0.00 5.30 5.92 10.24 0.00 0.00 2.87 3.95 4.57 6.50 7.02 3.62 3.84 3842511
5.51 3.08 4.32 3.30 8.57 8.27 2.22 3.94 5.20 4.55 6.79 7.37 3.41 4.03 4.70 5.96 2.20 3.58 6.68 0.00 5.09 6.07 10.98 4.71 0.00 2.83 3.76 4.79 6.09 6.97 3.66 4.04 3855601
0.00 2.96 4.40 2.86 8.24 8.24 2.26 3.76 0.00 6.73 6.74 7.29 3.43 3.98 4.55 5.68 2.79 3.45 7.01 8.83 5.10 5.90 10.94 4.03 0.00 2.75 3.64 4.89 6.10 6.99 3.60 3.84 3868691
0.00 3.07 4.36 3.35 8.18 8.24 2.38 3.82 2.50 6.57 6.97 7.50 3.38 3.97 4.21 5.62 2.05 3.81 5.92 8.76 5.18 5.99 10.00 5.07 0.00 2.95 3.63 4.45 5.41 7.26 3.68 3.86 3881781
0.00 3.07 4.49 3.14 8.61 8.25 2.27 3.76 0.00 6.41 6.88 7.60 3.47 3.93 4.24 5.60 2.64 3.74 6.46 8.98 5.23 5.98 10.57 4.25 0.00 2.84 4.06 4.58 6.16 7.06 3.65 3.91 3894871
0.00 3.11 4.34 3.56 8.33 8.24 2.34 3.83 4.82 5.12 7.13 7.31 3.37 3.88 4.30 6.23 2.23 3.49 6.32 8.90 5.41 5.93 10.32 0.00 0.00 2.82 3.55 4.47 6.21 6.93 4.11 3.85 3907961
0.00 3.14 4.32 2.72 8.12 8.25 2.49 3.97 0.00 5.36 6.98 7.24 3.36 3.84 4.16 5.77 2.40 3.54 6.19 8.72 5.38 6.55 10.00 5.33 0.00 2.80 3.55 4.76 6.07 6.97 3.65 4.04 3921051
0.00 3.07 4.30 2.75 8.19 8.24 2.11 4.03 0.00 6.87 7.05 7.40 3.57 3.79 4.32 6.26 0.00 3.45 6.36 8.85 5.18 5.96 5.34 0.00 0.00 2.78 3.45 0.00 6.06 6.99 3.68 3.86 3934140
0.00 3.10 4.34 2.69 8.06 8.25 2.17 4.28 5.70 6.88 7.06 7.31 3.50 3.06 4.13 5.81 2.27 3.51 6.22 8.79 5.29 6.34 10.83 3.88 0.00 2.89 3.48 4.79 6.09 6.92 3.67 3.87 3947231
0.00 3.03 4.46 3.51 7.89 8.24 2.25 3.87 3.73 3.74 6.99 7.32 3.73 3.95 4.40 5.74 0.00 3.51 6.70 8.96 5.20 6.02 10.36 4.00 0.00 2.80 3.53 5.12 6.22 6.98 3.67 3.87 3960321
0.00 3.09 4.50 3.51 8.18 8.25 2.26 3.73 0.00 6.83 7.37 7.87 3.60 3.84 4.20 6.23 2.71 3.65 6.46 9.31 5.28 0.00 10.73 4.49 0.00 2.97 3.61 4.83 6.05 6.99 4.07 3.86 3973411
0.00 3.06 4.53 3.28 8.10 8.25 2.25 3.94 0.00 6.79 7.05 7.36 3.56 3.71 4.36 5.96 2.13 3.41 6.23 0.00 5.14 6.16 10.86 4.08 0.00 2.80 3.64 4.53 6.09 7.00 3.67 3.85 3986501
0.00 3.02 4.66 2.60 7.96 8.22 2.42 4.05 5.40 4.65 7.01 7.42 3.59 4.08 4.23 5.92 0.00 3.56 6.27 0.00 5.28 6.05 10.32 0.00 0.00 3.39 3.56 4.42 6.19 6.98 3.75 3.88 3999591
0.00 3.01 4.67 3.01 8.17 8.26 2.43 4.06 2.79 6.51 7.13 7.31 3.69 4.00 4.33 6.28 2.67 3.57 6.16 8.89 5.22 6.17 9.78 4.28 0.00 3.18 3.50 4.64 6.21 6.92 3.65 3.88 4012680
4.65 3.15 4.60 2.44 8.60 8.24 2.59 3.93 2.67 6.17 7.00 7.51 3.67 4.20 4.24 6.10 0.00 3.65 6.50 8.70 5.33 6.13 9.88 4.03 0.00 2.83 3.67 4.72 6.32 6.91 3.70 3.87 4025770
0.00 2.97 4.67 2.70 0.00 8.26 2.58 4.11 2.32 6.29 6.92 7.75 3.82 4.12 4.49 5.88 2.12 3.56 2.44 8.89 5.46 0.00 0.00 5.33 0.00 2.78 3.58 4.67 6.12 6.93 3.68 4.56 4038860
3.97 2.94 4.64 2.40 8.13 8.26 2.77 4.16 5.23 5.02 6.96 7.35 3.74 4.19 4.85 5.75 2.77 3.66 3.78 9.32 5.30 6.28 9.03 4.00 0.00 2.80 3.57 4.60 6.18 6.94 3.84 3.86 4051950
4.26 3.00 4.60 2.50 8.10 8.24 2.62 4.05 3.57 3.00 6.93 0.00 3.79 4.41 4.40 5.61 2.03 3.44 6.41 8.88 5.43 0.00 10.15 3.93 0.00 3.24 3.53 4.63 6.36 7.08 3.77 4.06 4065041
4.29 3.05 4.65 2.59 8.16 8.26 2.70 4.03 5.43 5.81 7.09 7.35 4.35 4.31 4.55 5.53 0.00 3.57 6.29 8.93 5.42 0.00 10.16 5.20 0.00 2.86 3.48 4.97 4.60 6.98 4.10 3.94 4078131
0.00 2.97 4.68 2.40 8.27 8.03 2.70 4.24 5.66 5.05 7.00 6.69 3.90 4.32 4.76 5.48 2.03 3.53 6.29 9.03 5.64 6.66 0.00 5.56 0.00 2.83 3.56 4.90 6.07 7.21 3.71 4.43 4091220
0.00 3.03 4.60 2.75 8.13 8.26 2.72 4.78 2.23 5.90 7.12 7.38 3.94 4.49 4.95 5.56 2.41 3.45 6.09 8.81 5.33 6.96 4.12 3.97 0.00 2.75 3.58 4.87 6.15 7.05 3.77 4.04 4104310
0.00 2.94 4.88 2.72 8.18 8.23 2.71 4.56 5.13 7.18 7.48 7.35 3.91 4.59 4.89 5.35 0.00 3.57 6.38 8.77 5.48 0.00 4.33 0.00 0.00 2.77 3.76 4.78 4.27 3.96 3.76 3.99 4117400
0.00 3.05 4.67 3.10 8.31 8.25 2.70 4.52 5.23 7.20 7.23 7.40 4.04 4.65 4.92 5.21 2.04 3.54 6.11 9.06 5.47 6.49 9.99 5.09 0.00 2.96 3.49 4.93 6.23 6.88 3.82 3.99 4130490
0.00 3.01 4.47 2.97 6.81 7.38 2.73 2.56 4.05 5.19 7.03 7.39 4.20 4.87 5.10 5.86 0.00 3.59 6.42 9.29 5.40 0.00 5.03 4.62 0.00 2.74 3.56 4.56 6.74 7.17 3.77 4.10 4143580
0.00 2.88 4.68 2.67 8.23 5.45 2.88 4.37 2.45 5.93 7.15 7.87 4.04 5.03 4.90 5.11 2.16 3.74 6.43 8.99 5.59 0.00 8.90 3.78 0.00 2.73 3.51 4.82 6.23 6.96 3.75 4.09 4156670
3.86 2.92 4.66 2.19 8.00 6.96 3.09 4.64 2.54 2.35 7.12 7.34 4.11 5.17 5.01 5.13 2.27 3.78 6.13 9.02 5.37 6.72 10.57 4.62 0.00 2.73 3.61 4.65 6.06 6.04 3.80 4.05 4169761
5.21 3.07 4.52 2.61 7.88 6.98 2.90 4.74 4.99 4.37 7.14 7.30 4.71 5.32 5.10 5.19 3.04 3.64 6.62 8.90 5.60 0.00 10.40 4.27 0.00 2.87 3.68 4.89 5.36 7.17 3.84 4.13 4182851
0.00 2.91 4.74 2.49 7.92 7.57 2.96 5.12 2.92 2.83 3.24 7.30 4.42 5.46 5.03 4.56 2.28 3.57 6.14 8.92 5.44 6.57 10.67 4.26 0.00 2.98 3.69 0.00 6.54 6.91 3.81 3.95 4195941
5.54 3.07 4.36 2.62 7.72 8.16 2.96 5.12 4.87 5.21 7.27 7.54 4.33 5.30 5.12 5.07 2.10 3.04 6.12 0.00 4.62 6.57 3.66 5.06 0.00 2.87 3.71 4.89 6.16 6.99 3.88 3.99 4209030
5.69 3.07 4.64 2.85 7.70 8.25 2.95 5.13 5.30 6.52 5.90 7.27 4.33 5.59 4.52 5.26 2.71 3.67 6.46 8.94 5.80 6.52 0.00 5.29 0.00 3.05 3.70 4.73 5.92 6.95 3.81 3.99 4222120
5.84 3.01 4.61 2.76 8.03 8.26 3.12 4.99 4.51 5.35 4.41 7.16 4.58 5.61 5.17 5.09 2.07 3.53 6.47 8.89 5.66 6.68 10.16 4.38 0.00 2.78 3.69 4.77 6.16 6.95 3.83 4.00 4235211
5.37 3.08 4.54 3.58 7.83 8.20 3.02 5.02 4.06 2.62 4.66 7.34 4.36 5.69 5.30 5.24 2.44 3.80 6.14 8.83 4.84 6.66 8.53 4.68 0.00 2.82 3.68 4.61 6.27 6.90 3.81 0.00 4248300
5.71 3.10 4.52 0.00 7.55 8.25 3.43 4.91 4.55 3.97 6.54 7.67 4.86 5.96 5.07 5.60 2.65 3.82 6.17 9.38 4.07 0.00 9.06 3.62 0.00 2.86 4.10 0.00 6.20 6.93 3.87 4.05 4261390
0.00 3.08 4.50 3.17 7.81 7.65 3.29 5.21 2.10 4.68 5.52 7.34 4.52 5.86 5.10 5.28 2.82 3.56 6.62 9.13 5.57 7.07 8.08 4.32 0.00 3.04 3.72 5.26 6.20 6.85 3.85 4.02 4274480
5.97 3.09 4.55 2.37 8.04 7.86 3.20 5.23 5.30 2.66 6.10 7.10 4.60 5.83 5.14 5.63 2.05 3.60 6.55 8.80 5.74 6.80 10.54 4.80 0.00 2.88 3.85 5.05 5.66 6.98 3.78 4.04 4287571
3.44 3.02 4.66 3.76 8.10 6.22 3.11 5.56 4.31 3.79 7.03 7.15 4.55 5.82 5.19 5.51 2.13 3.74 6.70 9.61 5.68 6.76 10.63 4.26 0.00 2.72 3.79 4.73 6.19 6.95 3.82 4.18 4300661
0.00 3.10 4.65 3.71 7.99 6.83 3.25 5.45 3.12 3.79 7.30 7.15 4.60 5.88 5.16 5.52 2.02 3.61 3.06 8.85 5.76 0.00 10.73 5.11 0.00 2.75 3.84 5.05 6.19 6.95 3.77 4.06 4313751
0.00 3.01 4.71 3.15 7.37 7.13 3.43 5.53 3.06 5.32 6.97 7.22 4.66 3.64 5.16 5.58 2.06 3.84 6.04 8.89 6.00 0.00 6.25 4.78 0.00 2.76 3.90 5.16 6.30 6.99 3.82 4.05 4326840
0.00 2.61 4.73 2.41 7.38 8.24 2.95 5.49 2.59 2.77 5.92 0.00 4.91 5.16 5.24 6.11 2.01 3.80 6.17 8.99 5.77 0.00 0.00 4.97 0.00 2.77 2.19 5.88 6.04 5.85 4.19 4.00 4339930
4.14 3.08 4.86 2.31 5.37 8.26 3.25 4.96 4.64 3.05 4.36 7.22 4.62 5.85 5.20 5.80 2.58 3.82 3.76 8.87 3.47 6.82 4.30 3.26 0.00 2.79 4.02 0.00 4.05 6.90 3.96 4.08 4353020
2.23 3.04 4.54 2.61 7.88 5.01 3.43 5.58 2.89 3.67 6.08 7.20 4.68 5.38 5.40 5.88 2.22 3.69 6.18 8.78 4.03 6.87 5.59 5.45 0.00 3.32 3.88 4.85 6.29 6.88 3.99 4.15 4366110
3.89 3.05 3.92 2.37 6.32 4.02 3.55 5.80 4.64 4.05 6.98 4.90 4.70 5.59 5.29 6.15 2.04 3.61 6.36 8.83 4.89 6.94 4.39 3.79 0.00 2.82 4.14 5.71 3.55 3.93 3.88 4.22 4379200
3.95 2.57 4.86 2.57 6.86 4.69 3.34 5.95 3.57 3.08 6.75 7.10 4.76 4.28 5.50 6.27 2.04 3.37 5.20 9.50 2.76 0.00 3.59 3.44 0.00 3.03 4.19 5.47 6.51 7.03 3.89 4.15 4392290
3.15 2.21 5.06 2.54 7.32 4.88 2.73 4.07 3.17 2.59 4.53 6.31 5.25 5.44 5.68 6.29 2.11 3.50 6.03 8.99 3.80 0.00 9.90 2.04 0.00 2.82 3.98 5.49 4.16 4.25 3.63 4.42 4405380
3.45 3.01 4.73 2.58 6.06 5.63 3.26 4.71 2.95 3.23 3.36 0.00 4.86 4.98 5.42 6.62 2.75 3.71 5.78 8.87 3.86 0.00 2.83 4.73 0.00 2.86 4.25 5.08 6.36 6.89 3.88 4.15 4418470
3.83 2.44 3.89 2.25 4.54 4.10 2.26 2.63 4.13 3.03 5.20 7.00 2.07 3.06 3.71 6.59 2.06 3.64 2.70 8.95 3.14 0.00 7.00 4.26 0.00 3.45 4.13 5.34 6.43 7.12 4.08 4.35 4431560
3.17 2.75 5.03 2.72 5.81 2.62 3.32 5.91 2.54 2.66 3.91 5.34 4.28 2.97 5.78 0.00 2.54 3.63 3.05 8.63 3.38 0.00 5.71 2.92 0.00 2.92 4.29 5.34 6.39 6.69 3.91 0.00 4444650
3.10 2.47 4.11 2.39 2.60 2.74 3.03 0.00 2.11 2.71 3.14 6.33 2.74 2.99 5.95 6.92 2.52 2.77 4.16 8.77 2.87 0.00 2.38 2.50 0.00 3.08 4.01 5.36 4.70 2.90 3.72 4.07 4457740
3.39 2.66 4.85 2.46 4.25 2.74 2.83 2.65 2.69 2.38 4.42 3.23 3.34 3.53 5.35 5.35 2.03 2.15 4.22 9.17 3.26 7.27 3.57 0.00 0.00 2.99 4.15 5.58 4.99 3.17 3.62 4.08 4470830
3.87 2.45 3.17 2.35 6.09 2.88 3.06 3.27 3.48 3.04 2.57 2.21 4.24 2.73 5.32 5.32 2.21 3.33 5.66 2.76 5.43 7.20 5.48 3.45 0.00 3.34 4.00 5.52 5.24 6.24 2.79 4.08 4483920
3.85 2.99 2.76 2.31 4.59 2.63 2.42 2.90 2.46 2.39 2.40 2.52 4.03 3.49 5.32 3.06 2.07 3.73 4.35 0.00 5.42 0.00 3.94 2.67 0.00 3.19 3.72 5.91 6.13 2.98 3.59 4.08 4497010
3.41 2.54 3.31 2.31 2.16 4.11 2.51 3.02 2.77 3.02 2.13 2.83 3.90 2.53 5.02 3.34 2.57 2.92 2.60 2.93 3.77 7.61 3.15 2.41 0.00 3.36 2.12 4.82 4.72 4.08 2.37 4.07 4510100
3.40 2.70 3.70 2.25 3.67 2.64 3.03 3.50 3.84 2.39 2.78 2.83 3.17 2.44 3.46 2.31 2.14 3.05 3.50 2.98 3.94 0.00 2.24 4.42 0.00 3.16 3.65 5.71 3.65 3.22 4.02 3.80 4523190
3.40 2.73 3.16 2.45 6.52 3.17 2.44 2.09 2.23 2.22 3.34 4.20 3.91 2.27 5.55 3.91 2.37 3.53 5.95 4.32 3.77 0.00 2.45 2.37 0.00 3.64 3.85 4.07 2.39 3.66 2.65 4.75 4536280
3.50 2.54 3.29 2.81 5.93 3.72 2.31 2.76 2.45 2.31 4.76 5.11 3.44 2.38 5.55 3.64 2.95 3.51 5.03 2.10 2.80 0.00 2.20 2.89 0.00 3.08 4.01 5.66 4.30 3.83 2.78 4.23 4549370
3.42 2.78 4.78 2.35 4.17 3.39 2.65 3.77 2.57 2.83 3.80 3.82 3.51 2.60 5.40 5.08 2.05 2.99 4.63 2.25 2.49 0.00 2.32 0.00 0.00 2.82 3.61 0.00 4.95 3.99 3.85 4.09 4562460
3.23 2.31 4.88 2.43 2.99 3.68 2.27 5.39 2.33 2.69 3.99 5.19 3.74 3.33 4.12 6.09 2.59 3.23 3.76 8.39 2.45 0.00 2.81 4.73 0.00 2.86 3.87 5.35 2.58 6.04 3.77 4.33 4575550
3.22 2.35 5.05 2.57 2.90 3.51 3.22 2.77 3.26 2.57 2.63 4.08 3.37 3.24 5.02 5.71 2.05 2.93 5.75 4.73 2.21 0.00 2.56 3.18 0.00 2.91 2.82 5.13 5.02 4.50 3.94 4.00 4588640
3.42 2.28 4.07 2.32 3.03 3.23 3.19 3.09 3.27 2.71 2.72 3.22 3.54 2.61 5.35 4.83 2.08 3.54 2.96 0.00 2.58 0.00 3.13 3.08 0.00 2.89 3.95 4.97 4.31 3.82 3.67 3.40 4601730
3.22 2.44 4.98 2.22 3.80 2.95 2.50 3.89 2.92 2.16 3.02 4.28 3.53 3.02 4.99 4.80 2.05 2.91 5.76 7.73 2.54 0.00 4.36 3.53 0.00 2.55 3.87 2.35 2.09 3.29 4.24 4.11 4614820
3.30 2.20 3.57 2.58 3.76 4.98 3.51 4.50 2.36 2.30 2.53 4.20 3.51 2.43 5.34 4.35 2.09 3.51 4.03 3.75 3.48 7.77 3.03 2.48 0.00 2.93 2.42 4.07 5.12 5.72 3.30 3.55 4627910
2.87 2.32 4.97 2.53 2.82 3.65 2.70 4.81 3.07 2.67 2.90 3.24 3.35 2.69 5.44 4.71 2.02 2.34 3.43 4.99 2.40 0.00 2.51 3.12 0.00 2.89 3.95 5.05 3.54 3.59 3.17 4.18 4641000
3.21 2.31 2.77 2.81 5.11 3.48 2.23 5.15 3.29 3.34 3.50 3.49 3.21 2.62 5.55 4.96 3.01 3.51 5.36 2.71 3.08 0.00 2.69 2.29 0.00 2.99 2.71 5.26 4.89 4.06 2.97 4.84 4654090
2.98 2.42 4.32 2.46 3.95 2.68 3.23 3.43 2.33 2.72 3.36 4.46 2.58 2.48 5.48 3.96 2.08 2.72 2.84 9.11 2.23 0.00 3.26 2.34 0.00 2.79 3.23 5.17 3.04 2.36 3.12 4.32 4667180
3.00 2.17 3.84 2.29 2.68 2.73 3.11 3.38 2.49 2.17 4.05 5.44 3.49 2.94 5.59 4.84 2.94 3.26 6.40 6.52 3.14 0.00 2.24 3.12 0.00 2.86 3.51 4.10 4.71 3.66 3.46 3.51 4680270
3.16 2.21 3.01 2.11 3.83 2.27 2.81 3.55 2.22 3.46 4.36 3.87 3.98 2.79 5.20 3.70 2.05 3.57 3.04 2.51 2.23 0.00 4.87 2.98 0.00 2.73 2.37 5.43 4.19 2.78 2.94 2.52 4693360
3.05 2.10 4.14 2.31 4.26 3.72 2.94 4.44 2.63 3.19 3.74 4.65 3.28 2.42 5.76 4.84 2.10 3.24 4.67 0.00 3.11 0.00 2.94 3.51 0.00 2.94 3.55 5.82 2.90 4.33 2.33 4.77 4706450
2.65 2.37 2.58 2.48 4.29 3.47 2.60 3.09 3.29 2.25 3.75 4.67 3.86 2.79 4.95 4.63 2.27 3.66 4.61 8.81 2.37 0.00 2.54 4.69 0.00 2.70 3.00 5.64 2.83 3.16 3.76 4.36 4719540
3.03 2.11 4.64 2.76 3.95 3.12 3.08 4.24 3.10 2.76 4.06 4.80 3.98 3.28 5.81 5.07 2.03 2.59 4.05 8.84 2.04 6.63 3.10 5.14 0.00 3.29 4.12 2.63 3.90 3.65 3.29 0.00 4732630
3.45 2.13 4.80 2.24 3.24 3.66 3.14 3.88 3.05 2.60 3.87 4.76 3.98 2.70 5.77 5.13 2.10 2.51 4.30 8.76 2.81 0.00 3.24 2.21 0.00 2.70 4.11 5.54 2.80 4.82 4.22 4.33 4745720
3.09 2.12 3.04 2.43 3.86 3.01 3.44 2.99 4.10 2.91 3.33 4.08 2.87 3.35 6.05 5.21 2.57 3.37 3.05 9.21 2.75 0.00 3.21 4.38 0.00 2.71 3.93 0.00 2.84 6.93 3.54 0.00 4758810
3.02 2.13 3.02 2.43 3.98 3.84 3.21 4.32 3.71 2.60 3.71 4.21 3.22 3.74 6.32 4.75 2.04 3.69 6.55 2.62 5.52 0.00 4.56 4.64 0.00 2.96 3.47 5.40 2.46 5.64 4.01 4.48 4771900
2.68 2.09 4.95 2.59 4.04 3.21 2.76 4.13 3.13 2.61 3.04 4.16 3.74 3.93 6.69 5.26 2.04 3.44 6.57 5.67 2.30 0.00 2.17 4.62 0.00 2.61 3.77 5.50 4.14 2.73 3.03 3.20 4784990
3.17 2.10 4.89 2.40 3.91 2.53 2.70 4.11 3.65 2.27 4.19 4.26 3.74 4.18 6.43 5.66 2.10 3.47 4.95 9.13 2.44 0.00 3.24 0.00 0.00 3.29 3.90 5.44 2.75 3.89 3.52 4.62 4798080
3.29 2.13 3.81 3.00 3.86 3.23 2.27 3.94 2.32 3.53 3.92 4.18 4.45 2.63 3.13 3.49 2.05 3.43 6.40 8.92 2.45 0.00 2.34 4.75 0.00 2.69 3.40 5.75 3.42 2.52 3.71 4.33 4811170
2.84 2.12 4.55 2.67 3.27 2.81 2.83 2.75 2.55 2.90 4.19 4.18 4.06 2.96 6.30 5.27 2.48 3.68 4.78 3.79 2.99 0.00 2.18 3.24 0.00 2.95 3.64 5.55 5.27 2.36 4.40 3.85 4824260
3.10 2.08 5.02 3.63 3.84 3.72 3.65 3.64 3.33 2.84 3.55 4.28 4.29 3.74 6.42 5.98 2.79 3.40 3.64 8.85 2.73 8.06 3.10 4.18 0.00 2.94 4.10 4.57 3.58 5.92 4.40 4.46 4837350
3.13 2.07 2.95 2.56 3.85 2.77 2.96 3.12 2.78 2.80 2.42 4.50 2.90 4.12 6.43 6.10 2.68 2.80 6.86 8.05 2.57 0.00 3.13 5.73 0.00 2.96 3.80 5.37 2.59 7.09 3.69 4.40 4850440
3.23 2.10 3.19 2.72 3.82 3.49 3.26 4.02 3.22 2.30 4.51 4.60 4.49 4.94 4.87 6.36 2.07 2.32 3.56 8.77 2.58 0.00 3.42 3.15 0.00 3.17 4.05 0.00 2.65 5.72 4.43 4.43 4863530
3.16 2.07 4.53 2.53 3.76 2.70 2.99 4.15 2.84 2.53 4.72 4.37 3.54 2.59 6.77 6.38 2.06 3.47 2.58 8.95 3.05 2.11 2.91 3.26 0.00 3.09 5.16 4.26 4.02 2.31 2.95 4.56 4876620
3.23 2.24 3.62 2.54 3.61 2.43 2.63 3.93 2.21 2.30 4.35 4.88 4.52 3.28 3.64 5.44 2.17 3.70 5.43 8.86 2.69 0.00 5.40 2.84 0.00 3.15 2.70 5.98 4.01 3.05 4.36 3.87 4889710
2.98 2.04 4.23 2.46 3.94 2.14 3.38 3.43 3.85 2.44 3.47 4.33 4.38 2.84 0.00 2.57 2.40 3.33 3.42 6.83 2.56 0.00 4.17 3.57 0.00 3.77 3.86 5.55 3.07 7.13 4.38 4.67 4902800
3.00 2.16 2.95 2.42 3.94 2.48 2.46 3.55 2.36 3.05 3.40 2.13 2.86 2.48 7.17 7.65 2.41 2.65 2.24 3.97 2.17 0.00 2.28 2.85 0.00 3.40 3.77 5.80 4.86 5.94 2.53 4.50 4915890
2.63 2.12 2.40 2.80 3.86 3.58 3.09 3.24 2.38 3.34 4.07 5.48 4.20 2.38 5.72 2.93 2.19 3.84 3.19 5.64 3.29 0.00 3.18 3.07 0.00 3.43 3.41 0.00 5.51 3.58 4.43 4.47 4928980
3.04 2.12 3.24 2.50 2.71 2.17 3.40 4.06 2.71 2.34 3.59 5.56 5.30 3.43 7.16 2.56 2.50 3.64 2.71 8.98 2.29 0.00 2.59 2.42 0.00 3.31 4.16 3.53 2.80 3.95 3.72 4.50 4942070
2.29 2.19 4.05 2.74 3.19 3.46 2.83 2.86 2.75 2.37 2.46 5.58 0.00 2.47 0.00 6.93 2.15 3.32 3.64 9.19 2.52 3.67 2.28 2.48 0.00 3.54 3.98 5.53 2.51 2.64 3.44 4.69 4955160
3.36 2.28 3.29 2.34 3.57 3.26 3.10 4.23 2.83 3.08 3.10 4.99 4.78 2.37 6.25 7.59 2.78 2.98 4.88 2.68 2.81 0.00 2.55 3.70 0.00 3.64 2.45 5.65 3.55 3.70 4.24 4.68 4968250
2.71 2.27 2.54 2.56 3.44 2.22 3.35 3.44 2.99 2.17 3.31 3.77 4.84 2.13 2.19 3.45 2.11 3.37 4.27 2.84 3.05 0.00 3.36 2.48 0.00 3.21 3.88 5.31 3.27 4.76 4.62 4.58 4981340
3.25 2.28 2.38 3.08 4.15 3.55 2.68 2.63 2.54 2.91 4.54 4.76 3.66 2.66 2.47 2.34 2.86 3.34 5.61 2.58 3.09 0.00 2.76 2.69 0.00 3.88 3.23 4.66 6.14 6.58 2.99 4.82 4994430
3.25 2.51 3.28 2.43 3.11 2.66 2.68 3.17 2.79 2.24 3.72 3.00 4.15 2.27 2.70 0.00 2.05 3.29 2.82 4.45 2.55 0.00 3.01 3.22 0.00 3.86 3.73 2.10 4.36 7.34 2.44 4.28 5007520
2.99 2.43 2.13 2.36 3.28 2.13 2.90 2.51 2.21 2.47 2.53 3.66 2.46 2.75 8.86 4.49 2.06 2.50 2.24 5.43 2.26 2.24 2.68 2.41 0.00 2.85 2.66 4.40 3.74 3.94 3.66 4.78 5020610
3.44 2.29 3.00 2.60 2.29 2.60 2.30 3.55 2.70 2.37 2.42 3.75 2.60 2.29 2.36 3.33 2.58 2.71 3.92 2.43 3.74 5.36 2.24 2.14 0.00 3.62 3.69 2.02 3.11 3.01 3.03 3.13 5033700
2.73 2.38 2.68 2.37 3.36 2.37 2.30 2.34 2.59 2.37 2.40 3.30 4.51 2.38 7.51 2.65 2.10 3.35 3.00 2.72 2.92 0.00 3.12 3.49 0.00 3.11 2.80 0.00 4.74 4.01 2.71 4.08 5046790
2.48 2.21 4.35 2.17 3.37 2.30 2.81 2.34 2.84 2.54 3.50 4.51 2.58 3.90 6.08 4.37 2.84 2.20 2.91 2.81 3.22 5.29 3.69 2.15 0.00 3.37 2.56 2.57 2.39 2.76 2.40 4.68 5059880
3.73 2.45 4.28 2.37 3.88 2.08 2.04 4.57 2.45 3.20 2.84 4.89 2.38 2.84 3.59 2.02 2.58 2.54 2.43 0.00 4.87 5.19 2.67 2.22 0.00 3.28 2.34 4.53 3.84 3.78 2.52 2.15 5072970
3.23 2.50 2.93 2.46 4.30 3.43 2.20 3.38 2.30 2.87 3.54 4.98 2.78 2.90 2.42 2.35 2.08 3.40 2.73 2.02 2.50 5.30 2.41 3.00 0.00 3.20 3.39 2.29 3.45 2.62 2.99 3.84 5086060
3.41 2.65 2.55 2.72 4.17 2.51 2.16 3.20 2.47 2.92 2.83 4.78 0.00 2.90 3.02 2.96 2.12 3.03 2.87 2.62 2.42 2.11 2.77 2.16 0.00 2.73 2.88 2.15 4.05 2.20 2.74 4.82 5099150
3.08 2.41 2.72 2.49 3.79 3.17 2.30 3.55 2.84 2.47 2.95 3.51 3.27 2.48 3.08 3.97 2.40 3.02 3.43 4.79 2.43 0.00 3.31 2.20 0.00 3.06 3.63 2.96 2.40 2.63 2.66 2.14 5112240
2.81 2.39 3.33 2.50 3.49 2.80 2.58 2.18 2.87 2.64 2.88 3.75 2.40 2.24 6.74 6.66 2.42 3.47 2.22 2.36 2.68 2.95 2.55 2.53 0.00 2.55 3.04 2.55 3.60 4.01 2.78 4.39 5125330
3.76 2.96 3.88 2.54 3.74 2.92 2.29 2.42 2.57 2.67 2.62 4.15 2.37 2.59 3.76 3.02 2.21 3.15 2.78 2.15 2.64 0.00 3.33 2.59 0.00 3.15 3.05 2.91 2.51 2.68 3.62 2.38 5138420
3.01 2.99 2.59 2.39 2.63 4.38 2.63 2.42 2.71 2.55 2.86 4.61 3.02 2.44 2.93 3.99 2.31 3.31 2.90 0.00 3.72 0.00 2.31 2.42 0.00 2.74 3.02 2.42 3.26 2.45 3.18 4.48 5151510
3.45 2.65 3.89 2.70 4.52 2.43 3.15 3.34 2.75 2.98 3.68 3.34 2.75 2.39 2.36 3.44 2.10 2.10 2.65 2.08 3.25 0.00 3.58 3.26 0.00 3.05 2.50 3.05 4.28 3.05 2.14 5.32 5164600
3.31 2.67 3.69 2.16 3.11 4.85 2.44 3.54 2.80 2.63 3.03 4.82 3.59 2.54 4.73 4.94 2.04 2.55 3.07 3.32 2.79 5.02 4.60 2.33 0.00 3.22 2.51 2.35 2.47 2.42 3.18 3.11 5177690
3.76 2.07 3.78 2.75 3.07 4.90 2.67 4.39 2.41 2.81 3.88 3.90 5.70 2.21 2.44 6.62 2.09 3.05 3.20 8.89 3.75 5.01 2.43 2.71 0.00 3.28 3.13 2.82 4.34 5.82 2.54 2.06 5190780
3.71 2.37 3.87 2.22 3.27 3.33 2.46 4.38 2.91 2.40 3.66 2.68 5.60 2.63 6.83 6.62 2.40 2.52 4.18 2.78 2.98 5.06 2.33 2.80 0.00 3.09 2.59 2.67 4.28 2.90 2.60 2.82 5203870
3.73 2.87 3.78 2.73 3.46 4.59 2.29 4.51 2.87 2.37 3.45 5.01 4.51 4.09 6.58 6.70 2.13 2.93 3.07 2.16 4.98 4.97 2.73 2.03 0.00 3.10 3.58 2.41 4.83 5.87 2.95 4.62 5216960
3.54 2.88 3.94 2.73 4.98 3.53 2.70 4.28 3.08 2.27 4.30 4.98 5.37 4.70 5.81 6.52 2.15 3.04 2.90 2.25 4.25 0.00 10.56 2.91 0.00 2.90 3.42 3.75 2.96 5.26 5.06 5.79 5230051
3.52 2.88 3.86 2.71 5.04 3.05 3.01 3.26 2.95 2.85 3.54 4.26 5.37 3.35 6.88 6.46 2.31 3.57 6.09 9.08 2.61 4.98 2.85 4.19 0.00 3.24 3.68 5.23 3.45 5.61 4.96 0.00 5243140
3.39 2.91 3.91 2.42 4.88 4.72 3.31 4.18 3.09 3.18 4.28 4.72 5.43 5.35 6.61 6.55 2.13 3.44 2.39 8.60 3.82 5.00 2.99 3.72 0.00 2.60 3.72 4.64 5.34 5.80 3.60 5.40 5256230
3.61 2.83 3.93 4.06 5.19 2.37 3.24 3.79 3.43 3.12 4.22 4.76 5.31 5.87 4.91 6.92 3.05 3.45 6.08 9.30 3.15 4.97 9.95 2.67 0.00 2.51 3.48 4.57 3.63 2.13 3.46 5.41 5269320
3.49 2.91 4.11 2.72 4.77 3.78 3.20 3.73 3.09 2.95 4.26 4.85 4.82 4.08 6.73 6.52 2.19 3.30 3.80 8.72 4.20 0.00 3.44 4.43 0.00 2.60 3.37 4.76 3.48 5.92 5.31 5.55 5282410
3.55 2.73 4.23 4.28 4.60 5.26 3.32 4.48 2.63 2.30 3.72 4.78 5.70 2.32 6.71 6.60 2.44 3.18 6.55 0.00 4.38 5.01 6.85 4.94 0.00 2.55 3.52 0.00 3.37 4.93 5.15 0.00 5295500
3.46 2.68 4.47 3.36 5.67 5.77 3.20 3.24 3.43 3.09 4.40 4.83 5.14 5.25 6.61 6.49 2.43 3.19 2.78 8.86 3.89 5.12 0.00 3.29 0.00 2.82 3.42 4.32 5.27 5.56 5.33 5.39 5308590
3.60 2.83 3.97 2.81 4.49 6.23 3.15 2.87 3.26 2.70 4.27 4.82 5.50 5.84 6.62 6.70 2.02 3.31 6.82 8.59 3.16 4.99 9.72 4.54 0.00 2.60 3.25 4.17 5.34 4.02 4.34 5.39 5321680
3.56 2.90 4.02 2.87 5.48 5.23 3.04 4.45 3.51 3.36 4.19 4.91 4.90 5.95 6.61 6.55 2.14 3.26 3.18 0.00 4.30 5.44 10.23 3.16 0.00 3.03 3.39 4.55 5.16 5.83 5.56 5.50 5334771
3.61 2.98 4.09 2.85 5.59 6.41 2.93 4.55 3.60 3.58 4.06 4.87 5.31 5.31 6.92 6.53 2.33 3.25 6.76 8.75 4.42 4.96 10.67 5.37 0.00 2.64 3.33 4.17 5.34 5.81 5.58 5.45 5347861
3.57 2.97 3.95 3.15 5.98 6.43 3.11 4.36 3.58 3.04 4.39 0.00 5.48 5.35 6.61 6.51 0.00 3.27 6.97 8.62 4.34 5.17 10.75 5.36 0.00 0.00 3.51 4.25 5.41 5.84 5.34 0.00 5360951
3.45 3.00 4.13 4.30 6.38 6.55 3.08 4.39 3.60 2.26 4.37 4.87 4.84 5.77 7.13 6.61 2.20 3.38 6.82 8.66 4.37 5.16 4.28 0.00 0.00 2.77 3.24 4.42 5.52 0.00 5.40 5.48 5374040
3.45 3.04 4.28 2.70 5.78 6.03 3.16 4.13 3.63 3.53 4.28 5.05 5.06 6.09 6.81 6.54 2.96 3.73 6.61 8.62 4.45 4.96 9.86 5.09 0.00 2.63 3.25 4.55 5.40 5.85 5.17 5.39 5387130
3.40 2.98 3.88 3.01 5.81 6.72 3.25 4.15 3.61 3.54 4.21 5.10 4.83 5.89 0.00 6.52 2.15 3.26 3.29 8.65 4.29 5.00 9.83 4.58 0.00 2.79 3.32 4.49 5.40 5.92 5.27 5.65 5400220
3.33 2.99 3.89 2.52 6.38 6.67 3.09 4.23 3.63 3.43 4.27 5.08 5.03 5.90 0.00 6.56 2.36 3.63 6.77 8.83 4.16 5.26 10.06 4.58 0.00 2.87 3.42 4.31 5.63 5.84 5.33 5.48 5413311
3.47 3.14 3.66 3.67 5.99 6.79 3.07 5.08 3.66 3.50 4.26 5.01 4.81 6.12 6.83 6.58 2.79 3.33 6.85 8.76 4.28 5.06 10.58 4.62 0.00 2.77 3.38 4.54 5.53 5.92 5.33 5.45 5426401
3.55 0.00 4.12 2.79 6.04 6.75 3.21 4.30 3.56 3.50 4.26 4.89 5.21 5.87 6.74 6.62 2.76 3.72 6.96 8.97 4.19 0.00 10.82 4.31 0.00 2.88 3.30 4.16 5.43 5.99 5.26 5.65 5439491
3.24 2.98 3.73 4.46 5.96 6.74 3.21 4.50 3.74 3.51 4.28 5.01 4.87 5.85 6.60 6.65 2.14 3.61 6.88 8.65 4.26 4.94 10.50 5.14 0.00 2.70 3.37 4.30 5.50 5.82 5.31 5.72 5452581
3.84 0.00 3.59 4.38 5.59 6.82 3.17 4.13 3.73 3.42 4.27 4.98 5.12 5.91 6.63 6.93 2.05 3.32 6.82 8.65 4.17 4.96 10.54 5.25 0.00 2.69 3.36 4.34 5.53 5.96 5.26 5.64 5465671
3.31 2.89 3.74 3.32 5.65 6.89 3.06 4.36 3.75 2.99 4.31 4.96 4.93 6.03 6.81 6.57 0.00 3.34 7.36 8.58 4.26 4.99 10.61 4.14 0.00 2.67 3.34 0.00 5.54 5.95 5.23 5.51 5478761
3.19 2.82 3.76 3.32 5.74 6.95 3.04 4.28 3.72 3.46 4.43 4.87 4.96 5.94 6.66 6.59 2.74 3.39 6.71 8.63 4.47 0.00 9.78 5.40 0.00 2.81 3.36 4.26 5.56 5.97 5.65 5.52 5491850
3.20 2.76 3.58 2.93 0.00 6.94 3.02 4.25 3.79 3.35 4.35 4.97 4.70 6.04 6.67 6.63 0.00 3.36 6.85 8.54 4.23 4.93 10.49 4.18 0.00 2.78 3.30 4.44 5.50 5.92 5.28 5.67 5504941
3.24 2.97 3.59 2.72 5.92 7.00 3.04 4.40 3.63 3.31 4.49 0.00 4.84 5.89 0.00 6.62 2.03 3.40 0.00 8.85 4.46 4.96 10.52 5.06 0.00 2.81 3.39 4.74 5.67 5.92 5.28 5.43 5518031
3.32 2.69 3.66 3.71 5.99 6.95 3.09 4.12 3.70 3.40 4.25 4.92 4.67 5.84 6.62 6.56 2.03 3.39 6.94 8.69 4.24 4.97 10.15 3.97 0.00 3.08 3.43 0.00 5.55 0.00 5.27 6.05 5531121
3.26 2.63 3.49 4.38 5.76 7.13 3.01 4.44 3.67 2.97 4.36 4.90 4.73 5.87 6.76 6.67 0.00 3.40 0.00 9.23 4.07 4.99 0.00 5.13 0.00 3.29 3.35 4.89 5.75 6.05 5.26 5.51 5544210
3.43 2.64 3.64 4.49 5.33 6.99 3.03 4.16 3.75 3.31 4.38 5.05 4.69 6.09 6.72 6.59 2.49 3.30 6.95 0.00 4.09 0.00 10.80 4.70 0.00 2.83 3.37 4.74 5.76 5.99 5.33 5.61 5557301
3.25 2.57 3.62 4.64 5.45 6.98 3.05 4.10 3.69 3.32 4.25 4.97 4.70 5.89 6.65 6.60 0.00 3.37 7.05 0.00 4.05 5.00 10.52 4.54 0.00 2.93 3.50 4.52 5.60 5.97 5.32 5.49 5570391
3.34 2.66 3.58 4.54 6.04 7.10 3.12 4.39 3.71 3.27 4.23 5.04 4.69 6.03 6.66 6.66 0.00 3.38 7.14 9.05 4.09 5.00 10.52 5.13 0.00 3.12 3.39 4.59 5.69 0.00 5.31 5.45 5583481
3.32 2.60 3.56 4.30 5.39 7.14 3.17 4.20 3.71 3.26 4.50 5.03 4.81 5.87 6.97 6.61 0.00 3.26 0.00 8.94 4.23 4.98 10.50 4.58 0.00 3.39 3.45 4.67 5.66 5.94 5.34 5.86 5596571
3.32 2.55 3.71 4.29 5.09 7.04 3.06 4.85 3.71 3.29 4.26 5.02 4.74 5.88 6.64 6.64 2.79 3.24 3.08 0.00 5.14 4.96 10.44 0.00 0.00 2.76 3.40 0.00 5.72 5.95 5.33 5.46 5609661
3.23 2.47 3.60 3.25 5.55 6.89 3.05 4.17 3.81 3.26 4.27 5.11 4.56 5.85 6.65 7.08 2.92 3.22 6.83 8.70 4.10 0.00 10.40 0.00 0.00 2.74 3.48 4.85 5.72 5.95 5.27 5.55 5622751
3.18 2.44 3.52 4.12 5.42 6.99 2.98 4.30 3.83 3.19 4.32 5.47 4.67 4.44 6.91 6.60 2.13 3.30 6.77 8.65 4.17 4.91 0.00 4.71 0.00 2.69 3.42 4.87 5.79 6.00 5.27 5.46 5635840
3.43 2.37 3.67 4.79 5.49 7.06 2.94 4.04 3.74 3.18 4.30 5.01 4.51 5.95 6.77 7.33 2.06 3.49 6.62 0.00 4.11 5.29 10.65 4.64 0.00 2.81 3.37 5.00 5.73 6.04 5.29 5.47 5648931
3.32 2.52 3.75 3.79 5.53 7.01 2.98 4.23 3.47 3.11 4.51 5.16 4.62 6.04 7.04 6.82 2.62 3.35 6.50 8.83 4.16 5.60 0.00 4.98 0.00 2.76 3.45 4.78 5.70 6.17 5.36 5.62 5662020
3.48 2.36 3.74 3.89 5.56 7.01 2.95 3.96 3.82 3.18 4.48 5.10 4.87 5.92 6.86 6.73 2.98 3.37 6.83 0.00 4.12 0.00 0.00 5.20 0.00 0.00 3.38 4.96 5.75 6.06 5.44 5.53 5675110
3.69 2.53 3.96 3.84 5.47 7.13 2.94 4.07 3.84 3.13 4.38 5.16 4.63 5.77 6.68 6.68 2.97 3.43 5.28 0.00 4.22 0.00 9.58 5.18 0.00 2.72 3.36 4.88 5.83 0.00 5.31 5.51 5688200
3.77 2.48 3.89 3.34 4.00 7.02 2.90 4.02 3.78 2.88 4.41 5.18 4.74 6.07 6.69 6.70 2.55 3.41 6.18 8.88 4.20 5.15 10.66 5.29 0.00 2.81 3.39 5.28 5.94 5.99 5.40 5.95 5701291
3.62 2.63 3.92 3.58 5.39 5.63 2.89 4.48 3.46 3.14 4.38 5.16 4.45 5.86 6.79 6.66 2.96 3.46 5.83 8.65 4.21 4.90 10.91 4.62 0.00 2.76 3.43 5.18 5.89 6.04 5.40 5.58 5714381
3.69 2.70 3.98 3.51 5.40 5.86 2.92 4.13 3.82 2.27 4.49 5.26 4.63 5.89 6.74 6.82 2.14 3.46 6.65 8.69 4.25 5.32 10.64 4.53 0.00 3.08 3.45 5.65 6.01 6.10 5.41 5.59 5727471
3.69 2.79 4.08 2.79 5.37 6.75 2.82 3.99 3.25 3.10 4.39 5.27 4.78 6.21 6.73 6.82 2.15 3.52 6.87 8.74 4.08 4.98 10.51 5.25 0.00 0.00 3.45 5.40 6.05 6.08 5.39 5.62 5740561
3.70 2.69 4.17 3.37 5.78 6.01 2.84 4.08 3.84 2.99 4.48 5.24 4.54 6.12 6.67 6.85 0.00 3.34 6.62 8.68 4.06 0.00 9.85 4.78 0.00 2.67 3.43 5.45 5.98 6.09 5.57 5.66 5753650
3.94 2.81 4.39 3.19 5.43 4.73 2.90 3.97 3.93 3.14 4.66 5.18 4.84 5.95 6.71 6.69 2.11 3.24 6.61 0.00 4.04 4.81 10.53 0.00 0.00 3.18 3.46 0.00 6.17 6.13 5.51 5.74 5766741
3.84 2.84 4.51 3.07 5.45 4.90 2.78 3.90 3.91 3.12 4.78 5.23 4.39 4.70 7.24 6.74 2.01 3.30 6.25 9.43 4.38 4.92 10.61 4.15 0.00 2.79 3.45 5.79 5.46 6.05 5.58 5.65 5779831
3.79 2.99 4.63 2.81 5.09 4.42 2.89 3.90 3.82 2.94 4.58 5.25 4.40 5.81 6.74 7.00 2.54 3.39 6.31 8.81 4.18 4.96 10.19 5.20 0.00 2.63 3.49 5.27 6.08 6.14 5.50 6.07 5792921
3.78 3.07 4.88 3.08 4.97 5.76 2.77 3.92 3.87 3.14 4.60 5.26 4.96 5.87 6.84 7.24 2.81 3.44 6.66 8.77 3.32 5.12 10.50 4.78 0.00 2.59 3.61 5.80 6.11 6.45 5.36 6.37 5806011
3.47 3.08 5.04 2.84 4.53 4.17 2.90 3.98 4.00 2.67 4.53 5.26 4.44 5.90 7.02 6.79 2.56 3.42 6.73 8.82 4.08 5.44 10.63 4.92 0.00 2.58 3.40 0.00 6.05 6.12 5.49 6.27 5819101
3.49 3.03 4.85 2.57 5.13 4.01 2.81 3.99 3.85 3.11 4.48 5.46 4.46 4.77 6.83 6.78 2.05 3.36 6.20 8.92 3.94 5.62 10.81 5.06 0.00 2.53 3.44 6.25 6.18 6.76 3.41 6.04 5832191
3.56 3.03 4.92 3.03 4.70 5.14 2.42 4.15 3.87 2.71 4.80 0.00 4.36 4.00 7.04 6.78 2.23 3.42 6.73 8.82 4.23 0.00 8.61 4.62 0.00 2.49 3.42 5.42 6.25 6.15 5.46 6.00 5845280
3.24 3.03 4.40 2.84 4.70 4.53 2.66 3.64 3.93 3.12 4.54 5.41 4.52 5.96 6.74 6.89 2.56 3.33 6.34 8.87 4.24 5.32 5.90 4.64 0.00 2.92 3.46 0.00 0.00 6.46 5.51 5.90 5858370
3.31 2.98 5.08 2.68 4.18 4.46 2.81 4.06 3.85 2.56 4.65 5.56 4.54 4.83 6.86 6.87 2.09 3.33 6.09 8.85 4.00 5.52 9.72 4.62 0.00 2.51 3.43 5.40 6.35 6.07 5.66 6.64 5871460
3.38 2.94 4.90 2.49 4.61 3.91 2.39 3.31 3.90 3.10 4.56 5.55 4.69 5.96 6.91 6.83 3.06 3.51 6.53 8.80 4.07 0.00 10.58 0.00 0.00 2.48 3.47 5.75 6.36 6.17 5.61 0.00 5884551
3.27 2.79 4.70 2.47 4.79 5.34 2.73 4.27 3.95 3.05 4.51 5.45 4.53 5.90 6.90 6.91 2.17 3.58 6.43 9.04 4.01 0.00 10.70 0.00 0.00 2.49 3.48 0.00 6.26 6.60 5.68 6.01 5897641
3.24 2.89 5.16 2.52 4.38 4.71 2.72 4.12 3.80 2.96 4.68 5.56 4.30 5.93 6.88 6.89 2.82 3.48 6.36 8.82 4.23 0.00 10.51 4.34 0.00 2.60 3.63 5.99 6.32 6.11 5.21 6.07 5910731
3.18 2.85 0.00 2.69 4.70 4.51 2.71 4.10 4.07 3.14 4.55 5.63 4.32 5.84 6.98 6.91 2.04 3.70 5.13 9.01 4.51 5.00 10.11 4.40 0.00 3.22 3.52 0.00 6.38 6.12 4.42 6.14 5923821
3.18 2.86 4.95 2.94 3.82 3.55 2.77 4.58 3.93 2.94 4.59 5.82 4.46 5.85 7.02 6.95 2.04 3.38 5.98 9.24 4.02 4.90 10.13 4.79 0.00 2.53 3.79 5.83 6.35 6.26 5.75 6.82 5936911
3.29 2.76 4.63 3.24 4.13 3.65 2.75 4.24 3.16 3.21 4.61 5.50 4.34 5.95 6.87 6.88 2.42 3.57 6.31 8.97 4.06 4.86 0.00 3.93 0.00 2.58 3.82 5.81 6.39 5.81 5.73 6.47 5950000
3.15 2.78 4.52 6.27 4.08 4.44 2.74 4.26 3.48 3.11 4.11 5.55 4.50 5.94 6.83 7.65 2.17 3.50 5.43 9.03 4.06 4.92 10.38 4.59 0.00 2.50 3.66 5.99 6.43 6.07 5.71 6.33 5963091
3.66 2.79 4.12 4.55 3.88 3.63 2.75 4.16 3.63 3.29 4.66 5.48 4.38 6.00 0.00 7.12 2.72 4.01 6.52 8.84 3.98 5.15 10.73 4.46 0.00 2.58 3.79 6.31 6.37 6.85 5.69 6.25 5976181
3.16 2.78 4.24 3.16 3.98 3.92 2.69 4.29 3.41 3.18 4.60 5.71 4.40 6.06 6.83 7.49 0.00 3.73 6.41 8.91 4.00 4.92 0.00 5.32 0.00 2.73 3.80 0.00 6.45 6.89 5.75 6.30 5989270
3.29 2.78 3.87 0.00 3.55 3.88 2.62 4.20 4.04 3.24 4.76 5.60 4.46 6.01 6.88 7.04 2.08 3.57 6.66 9.33 4.05 5.09 0.00 4.45 0.00 2.70 3.86 0.00 6.47 6.15 5.77 6.24 6002360
3.27 2.85 3.84 4.04 3.48 3.51 2.68 4.28 3.64 3.22 4.74 5.66 4.20 5.99 6.94 7.04 2.81 3.62 6.11 9.54 4.30 4.98 10.89 0.00 0.00 2.61 3.83 5.89 6.41 6.19 5.75 6.88 6015451
3.21 2.74 3.84 5.26 3.49 3.63 2.63 4.13 3.55 3.22 4.68 5.51 4.30 5.98 6.91 6.98 2.82 3.96 4.53 8.98 4.04 0.00 10.46 5.22 0.00 2.62 3.84 0.00 6.44 6.28 5.72 6.53 6028541
3.19 2.74 3.78 0.00 3.63 3.58 2.61 4.36 3.57 3.23 4.61 5.51 4.22 6.13 6.97 7.12 2.80 3.70 6.26 9.34 4.64 5.64 10.74 0.00 0.00 2.60 3.99 0.00 6.43 6.30 5.88 6.52 6041631
3.15 2.77 3.89 5.14 3.43 3.84 2.79 4.25 3.41 3.21 4.77 5.60 4.19 6.10 6.96 6.95 2.92 3.96 6.45 8.96 4.11 4.97 10.88 0.00 0.00 2.67 3.97 6.03 0.00 6.36 5.72 6.41 6054721
3.14 2.68 3.79 3.07 3.53 3.60 2.65 4.20 3.43 3.30 4.88 5.52 4.15 5.92 6.83 7.05 2.06 3.80 6.30 9.28 4.06 0.00 0.00 0.00 0.00 2.69 3.85 0.00 6.44 6.15 5.73 6.53 6067810
3.07 2.63 3.79 4.77 3.58 3.47 2.63 4.18 3.48 3.27 4.74 5.65 4.25 6.05 6.97 7.32 3.05 3.77 6.71 8.99 4.02 4.93 10.54 5.34 0.00 2.69 3.69 0.00 6.48 6.38 5.80 0.00 6080901
3.81 2.76 3.80 2.74 3.59 3.37 2.66 4.13 3.38 3.25 4.71 5.64 4.20 6.06 6.83 7.03 2.83 3.78 6.40 8.95 4.08 0.00 9.75 5.30 0.00 2.69 3.77 0.00 6.43 6.82 5.76 6.34 6093990
3.13 3.11 3.75 4.35 3.67 3.35 2.64 4.36 3.35 3.24 4.77 5.63 4.22 5.97 6.90 7.65 2.32 3.76 6.52 8.85 4.03 4.97 0.00 0.00 0.00 2.65 3.89 6.06 6.46 6.15 5.82 6.45 6107080
3.07 2.66 3.78 3.86 3.61 3.39 2.61 4.30 3.41 3.16 5.12 5.52 4.24 5.96 7.17 7.03 2.25 4.31 6.40 8.88 4.06 4.89 10.78 0.00 0.00 2.66 4.09 0.00 6.66 6.28 6.33 6.53 6120171
3.11 2.62 3.85 2.98 3.83 3.36 2.59 4.16 3.45 3.21 4.76 5.60 4.20 5.97 6.95 7.03 2.56 3.87 6.43 0.00 4.08 4.86 0.00 4.78 0.00 2.71 3.89 0.00 6.51 6.18 5.78 6.35 6133260
3.07 2.55 3.67 3.38 3.70 3.48 3.01 4.38 3.51 3.25 4.66 5.55 4.12 6.06 6.95 6.98 2.25 3.78 6.32 9.26 4.03 0.00 10.98 4.59 0.00 2.72 4.12 6.06 6.52 6.16 5.79 6.60 6146351
3.08 2.54 3.81 4.58 3.81 3.41 2.89 4.18 3.36 3.30 4.64 5.67 4.21 6.03 0.00 6.96 0.00 3.79 6.41 0.00 4.19 5.03 10.75 5.12 0.00 3.30 3.95 6.06 6.55 6.14 5.77 6.47 6159441
3.13 2.58 3.70 3.04 3.72 3.40 2.73 4.45 3.38 3.27 4.70 5.65 4.12 5.96 0.00 6.97 0.00 3.77 6.14 0.00 4.01 0.00 10.68 5.05 0.00 3.04 3.99 0.00 6.50 6.22 5.90 6.58 6172531
3.09 2.53 3.63 2.90 3.88 3.37 2.59 4.31 3.41 3.29 5.06 5.60 4.40 6.03 6.92 7.30 0.00 3.72 6.20 8.87 4.00 5.54 10.28 5.25 0.00 3.31 4.00 5.99 6.47 6.29 5.80 6.99 6185621
3.29 2.53 3.69 4.20 3.94 3.39 2.63 4.54 3.28 3.29 5.22 5.55 4.25 6.13 7.70 7.20 2.82 3.78 6.38 8.93 3.98 5.03 10.50 5.18 0.00 2.82 3.90 6.02 6.49 6.27 6.09 0.00 6198711
3.19 2.53 3.72 4.63 3.90 3.45 2.64 4.01 3.36 3.42 4.80 5.57 4.16 6.11 7.59 7.33 2.83 3.72 6.58 9.13 4.02 4.90 10.33 0.00 0.00 2.67 3.90 5.91 6.52 6.18 5.95 6.46 6211801
3.12 2.57 3.61 3.08 3.91 3.43 2.58 4.15 3.32 3.30 4.67 5.60 5.08 6.09 6.97 0.00 2.80 3.73 6.48 9.12 4.02 5.06 10.81 4.64 0.00 2.75 3.91 5.98 6.50 6.46 5.82 6.51 6224891
3.19 2.50 3.72 3.47 3.92 3.47 2.56 4.16 3.28 3.27 4.73 5.64 4.12 5.99 7.73 7.59 0.00 3.74 6.24 9.03 4.00 5.36 10.45 4.47 0.00 2.78 3.88 5.98 6.48 6.25 5.92 6.61 6237981
3.11 2.56 3.53 2.95 3.96 3.52 2.53 4.16 3.44 3.32 4.86 5.65 4.17 6.27 7.05 7.11 0.00 3.75 6.46 8.88 4.04 4.92 10.43 5.31 0.00 2.77 3.90 0.00 6.48 0.00 0.00 6.48 6251071
3.23 2.59 3.54 4.24 4.00 3.62 2.56 4.20 3.29 3.33 4.69 5.85 4.14 6.02 7.01 7.11 0.00 3.75 6.28 9.01 4.15 0.00 10.45 4.51 0.00 0.00 3.96 6.00 6.57 6.14 6.06 6.83 6264161
0.00 2.54 3.57 4.16 4.03 3.52 2.57 4.14 3.28 3.31 4.80 5.84 4.15 6.06 6.99 6.93 0.00 3.77 6.55 8.99 4.03 5.16 10.46 5.40 0.00 2.67 3.96 5.89 6.48 6.10 5.90 6.63 6277251
3.14 2.63 3.63 3.16 4.20 3.54 2.68 4.25 3.34 3.26 4.75 6.01 4.16 6.09 6.92 6.94 0.00 4.13 6.16 9.22 3.98 0.00 10.44 5.47 0.00 2.77 3.96 0.00 6.59 6.11 5.83 6.47 6290341
3.19 0.00 3.68 4.29 4.07 3.66 2.63 4.15 3.40 3.31 4.73 6.18 4.18 5.99 6.93 6.99 2.77 4.01 6.39 8.91 4.01 4.92 10.45 5.05 0.00 2.65 3.90 0.00 6.52 6.28 6.06 0.00 6303431
3.18 2.62 3.64 4.12 4.10 3.64 2.61 4.16 3.32 3.26 4.82 5.74 4.16 6.08 6.88 6.95 2.01 4.10 6.55 8.87 3.98 4.99 10.47 0.00 0.00 2.65 3.88 6.02 6.50 6.23 5.87 0.00 6316521
3.11 2.55 3.56 3.04 4.14 3.76 2.65 4.32 3.46 3.29 4.71 5.80 4.26 6.16 6.90 6.97 2.04 3.91 6.49 8.94 3.98 0.00 10.50 5.22 0.00 0.00 3.87 0.00 0.00 6.19 5.81 0.00 6329611
3.15 2.56 3.67 3.01 4.14 3.76 2.61 4.17 3.46 3.28 4.83 5.95 4.16 6.14 6.92 6.95 2.16 3.79 6.82 8.91 3.98 4.95 0.00 4.82 0.00 2.83 3.85 0.00 0.00 6.80 5.85 6.47 6342700
3.33 2.59 3.63 2.99 4.25 3.66 2.61 4.19 3.32 3.29 4.92 5.79 4.19 5.95 6.95 6.96 2.12 4.49 6.92 8.89 4.00 4.90 9.73 5.33 0.00 2.68 3.86 0.00 0.00 6.29 5.79 6.97 6355790
3.40 2.63 3.59 4.64 4.14 3.74 2.63 4.47 4.01 3.31 4.88 5.61 4.18 5.99 6.93 6.97 2.06 3.77 6.74 8.92 4.72 0.00 0.00 5.29 0.00 2.69 3.88 0.00 6.50 6.15 5.80 6.35 6368880
3.12 2.62 3.58 4.35 4.18 3.82 2.74 4.25 3.48 3.30 4.71 5.64 4.18 5.99 6.89 7.00 2.07 3.77 6.80 8.91 4.13 4.86 0.00 4.51 0.00 2.82 3.77 6.21 6.49 6.23 5.84 0.00 6381970
3.40 2.62 3.64 3.10 4.14 3.77 2.61 4.06 3.37 3.34 4.80 5.69 4.16 6.15 6.94 7.00 2.08 3.78 6.38 8.91 3.98 5.55 0.00 5.30 0.00 2.71 3.76 0.00 6.50 6.23 5.77 7.07 6395060
3.37 2.62 3.81 4.04 4.64 3.73 2.59 4.18 3.33 3.33 4.72 5.62 4.20 5.93 6.95 6.96 2.10 3.81 6.38 8.90 4.00 5.11 0.00 5.33 0.00 2.93 3.74 0.00 6.48 6.23 5.87 6.58 6408150
3.31 2.71 3.51 0.00 4.16 3.78 2.58 4.27 3.39 3.32 5.11 5.62 4.16 5.93 6.95 6.99 2.09 3.84 6.18 8.91 3.97 5.08 0.00 5.32 0.00 2.70 3.73 0.00 6.50 6.16 5.85 6.45 6421240
3.29 2.61 3.48 3.08 4.12 3.76 2.58 4.15 3.33 3.29 4.96 5.66 4.17 5.94 0.00 7.00 2.11 3.94 6.76 8.91 4.07 5.10 10.45 4.79 0.00 2.98 3.75 0.00 6.48 6.27 5.81 0.00 6434331
3.28 2.61 3.48 4.13 4.17 3.86 2.58 4.23 3.36 3.32 4.77 5.62 4.20 6.11 0.00 6.99 2.12 3.94 6.61 8.91 4.08 4.99 0.00 0.00 0.00 3.00 3.98 0.00 6.52 6.17 5.91 6.50 6447420
3.28 2.62 3.53 0.00 4.17 3.79 2.60 4.34 3.37 3.37 4.95 5.60 4.34 5.95 7.37 6.99 0.00 4.39 6.72 8.95 4.08 4.94 0.00 0.00 0.00 2.70 3.99 0.00 6.52 6.27 5.86 6.35 6460510
3.27 2.62 3.53 0.00 4.25 3.80 2.60 4.37 3.36 3.36 4.82 5.59 4.34 5.96 7.55 6.98 2.10 4.38 6.23 8.91 4.09 4.93 9.74 4.51 0.00 2.66 4.00 0.00 6.51 6.34 5.83 6.53 6473600
3.26 2.60 3.48 0.00 4.25 3.80 2.59 4.35 3.38 3.35 4.78 5.59 4.36 5.94 7.53 6.96 2.12 4.41 6.40 8.93 4.08 4.93 10.47 4.51 0.00 2.65 4.14 0.00 6.50 6.31 5.85 6.53 6486691
3.25 2.60 3.48 0.00 4.26 3.79 2.60 4.34 3.39 3.33 4.79 5.60 4.41 5.95 7.54 6.95 2.11 4.47 6.24 8.99 4.06 4.92 9.72 4.50 0.00 2.64 4.14 0.00 6.51 6.33 5.83 6.52 6499780
3.25 2.60 3.48 0.00 4.24 3.80 2.61 4.36 3.39 3.33 4.78 5.60 4.47 5.96 7.55 6.94 2.10 4.47 6.77 9.23 4.09 4.92 9.76 4.50 0.00 2.66 4.11 0.00 6.52 6.33 5.95 6.53 6512870
3.24 2.59 3.47 0.00 4.24 3.80 2.60 4.35 3.39 3.32 4.68 5.60 4.55 5.94 0.00 6.95 2.11 4.46 6.63 8.97 4.08 4.93 9.74 4.47 0.00 2.66 4.11 0.00 6.51 6.32 5.94 6.54 6525960
3.24 2.59 3.48 0.00 4.25 3.78 2.60 4.35 3.39 3.32 4.67 5.60 0.00 5.95 7.59 6.95 2.12 4.46 6.31 8.96 4.08 4.93 9.74 4.50 0.00 2.67 4.13 0.00 6.52 6.32 5.88 6.54 6539050
3.24 2.59 3.48 0.00 4.26 3.79 2.58 4.36 3.38 3.32 4.78 5.59 4.57 5.95 0.00 6.95 2.11 4.47 6.40 8.95 4.08 4.92 9.71 4.49 0.00 2.66 4.14 0.00 6.51 6.32 5.94 6.53 6552140
3.25 2.60 3.48 0.00 4.25 3.81 2.58 4.35 3.39 3.32 4.78 5.59 4.53 5.95 0.00 6.96 2.12 4.45 6.42 9.07 4.08 4.93 9.70 4.48 0.00 2.62 4.16 0.00 6.53 6.32 5.87 6.54 6565230
3.25 2.60 3.50 0.00 4.25 3.80 2.59 4.35 3.41 3.31 4.77 5.59 4.56 5.95 7.54 6.96 2.14 3.94 6.34 8.89 4.08 4.93 9.69 4.48 0.00 2.69 4.15 0.00 6.52 6.33 5.91 6.54 6578320
3.25 2.59 3.53 0.00 4.24 3.80 2.60 4.35 3.51 3.32 4.77 5.58 4.55 5.95 7.33 6.96 2.16 3.95 6.38 8.78 4.09 4.96 9.72 4.49 0.00 2.66 3.89 0.00 6.52 6.32 5.94 6.54 6591410
3.24 2.59 3.53 0.00 4.25 3.81 2.60 4.36 3.54 3.33 4.78 5.61 4.34 5.94 7.34 6.97 2.17 3.94 6.40 9.11 4.08 5.63 9.72 4.50 0.00 2.67 3.89 0.00 6.52 6.33 5.95 6.54 6604500
3.25 2.60 3.52 0.00 4.24 3.81 2.59 4.35 3.53 3.32 4.77 5.59 4.34 5.94 7.54 6.96 2.17 3.95 6.38 8.98 4.09 5.63 9.83 4.49 0.00 2.68 3.87 0.00 6.52 6.33 5.96 6.54 6617590
3.24 2.58 3.53 0.00 4.25 3.81 2.60 4.35 3.51 3.32 4.78 5.59 4.34 5.95 7.60 6.96 2.17 3.95 6.39 8.97 4.09 5.63 9.98 4.49 0.00 2.70 3.86 0.00 6.53 6.33 6.09 6.54 6630680
3.24 2.59 3.53 0.00 4.25 3.81 2.59 4.34 3.50 3.31 4.78 5.59 4.33 5.94 7.61 6.97 2.16 3.95 6.38 9.09 4.08 5.63 9.97 4.49 0.00 2.69 3.86 0.00 6.53 6.32 6.06 6.54 6643770
3.24 2.58 3.53 0.00 4.24 3.81 2.59 4.38 3.51 3.31 4.77 5.59 4.34 5.95 7.60 6.97 2.17 3.96 6.41 8.85 4.10 5.63 9.99 4.49 0.00 2.68 3.88 0.00 6.51 6.33 6.13 6.54 6656860
3.25 2.59 3.52 0.00 4.23 3.81 2.60 4.39 3.50 3.32 4.78 5.59 4.32 5.95 7.60 6.98 2.16 3.95 6.43 8.83 4.10 5.62 9.98 4.49 0.00 2.69 3.91 0.00 6.52 6.33 6.13 6.54 6669950
3.25 2.59 3.53 0.00 4.23 3.81 2.59 4.39 3.50 3.33 4.78 5.59 4.33 5.94 7.60 6.98 2.09 3.95 6.42 8.91 4.09 5.63 9.97 4.51 0.00 2.69 3.91 0.00 6.51 6.33 6.23 6.54 6683040
3.26 2.60 3.54 0.00 4.24 3.82 2.59 4.42 3.49 3.34 4.78 5.60 4.32 5.95 7.60 6.98 2.07 4.10 6.44 8.89 4.09 5.63 9.99 4.51 0.00 2.69 3.91 0.00 6.53 6.33 6.36 6.54 6696130
3.26 2.59 3.53 0.00 4.23 3.81 2.59 4.41 3.48 3.33 4.72 5.59 4.23 5.95 7.58 6.98 2.10 4.51 6.43 8.76 4.10 5.62 9.99 4.51 0.00 2.69 3.91 0.00 6.51 6.33 0.00 6.54 6709220
3.26 2.58 3.54 0.00 4.23 3.81 2.59 4.40 3.48 3.33 4.77 5.60 4.22 5.95 7.57 6.98 2.06 4.41 6.43 8.66 4.10 5.62 9.99 4.50 0.00 2.71 3.92 0.00 6.52 6.33 6.57 6.54 6722310