0.00 3.17 4.52 0.00 6.85 8.07 3.54 5.34 0.00 6.68 5.57 5.58 5.89 6.82 7.15 6.53 2.12 3.59 6.69 8.78 5.89 5.57 0.00 5.18 0.00 2.79 3.79 5.83 5.74 6.04 4.05 0.00 2419083
0.00 3.21 4.52 0.00 6.85 8.07 3.52 5.35 0.00 6.68 5.58 5.59 5.87 6.82 7.15 6.53 2.09 3.58 6.57 8.83 5.90 5.58 0.00 5.20 0.00 2.80 3.79 5.84 5.73 6.04 4.05 0.00 2432173
0.00 3.19 4.53 3.49 6.84 8.07 3.53 5.34 0.00 6.68 5.57 5.75 5.86 6.81 7.15 6.54 2.18 3.58 6.29 8.82 5.92 5.58 0.00 5.17 0.00 2.80 3.79 5.85 5.74 6.05 4.05 0.00 2445263
0.00 3.17 4.52 3.50 6.85 8.07 3.53 5.34 0.00 6.68 5.58 5.74 5.86 6.82 7.15 6.55 2.14 3.59 6.30 8.80 5.91 5.58 0.00 5.17 0.00 2.80 3.82 5.84 5.72 6.04 4.04 0.00 2458353
0.00 3.04 4.53 3.50 6.84 8.07 3.54 5.34 0.00 6.68 5.56 6.02 5.87 6.82 7.16 6.54 2.18 3.60 6.31 8.85 5.89 5.59 0.00 5.16 0.00 2.79 3.82 5.84 5.73 6.04 4.05 0.00 2471443
0.00 3.06 4.53 3.51 6.84 8.07 3.53 5.35 0.00 6.67 5.57 6.02 5.30 6.82 7.14 6.54 2.15 3.59 6.31 8.87 5.91 5.58 0.00 5.16 0.00 2.81 3.82 5.84 5.73 6.05 4.04 0.00 2484533
0.00 3.06 4.53 0.00 6.85 8.07 3.62 5.34 0.00 6.67 5.58 5.33 5.28 6.81 7.15 0.00 2.20 3.59 6.30 8.87 5.84 5.58 0.00 5.16 0.00 2.80 3.81 5.84 5.73 6.04 4.04 0.00 2497623
0.00 3.04 4.54 0.00 6.86 8.06 3.54 5.33 0.00 6.68 5.58 5.31 5.29 6.81 7.15 0.00 2.30 3.61 6.30 8.88 5.83 5.60 10.84 0.00 0.00 2.79 3.84 5.83 5.74 6.05 4.06 0.00 2510714
0.00 3.05 4.55 0.00 6.85 8.07 4.11 5.35 0.00 6.68 5.56 5.28 5.40 6.82 7.15 0.00 0.00 3.61 6.31 8.86 5.78 5.60 0.00 5.14 0.00 2.80 3.85 5.82 5.74 6.05 4.04 0.00 2523803
0.00 3.05 4.55 3.47 6.83 8.06 3.58 5.35 0.00 6.68 5.56 5.28 0.00 6.81 7.16 7.27 0.00 3.61 6.36 8.85 5.77 5.59 0.00 4.65 0.00 2.79 3.85 5.81 5.74 6.05 4.05 4.30 2536893
0.00 3.09 4.52 0.00 6.76 8.19 3.55 5.51 0.00 6.68 5.56 5.23 5.99 6.81 7.12 7.27 2.23 3.60 6.52 8.37 5.79 5.42 10.86 4.61 0.00 2.81 3.85 5.82 5.74 6.05 4.06 4.90 2549984
0.00 2.97 5.17 6.19 6.80 8.17 3.59 5.51 0.00 6.69 5.55 5.22 5.35 6.82 7.12 0.00 2.59 3.62 6.30 8.59 5.80 5.66 10.63 0.00 0.00 2.80 3.85 5.83 5.73 6.04 4.08 4.91 2563074
0.00 2.98 4.44 0.00 7.11 0.00 3.85 5.31 0.00 6.68 5.84 5.28 5.26 6.83 7.13 6.51 2.07 3.62 6.57 8.94 0.00 5.40 10.65 5.27 0.00 3.10 3.85 5.97 5.73 6.06 4.03 4.31 2576164
0.00 2.99 4.55 6.69 6.83 8.09 3.60 5.69 0.00 6.67 5.58 5.33 5.29 6.85 7.37 6.97 2.56 3.66 6.13 8.68 0.00 0.00 10.58 4.61 0.00 2.98 3.88 0.00 5.75 6.05 4.01 4.37 2589254
0.00 2.95 4.44 6.72 6.95 8.06 3.60 5.52 0.00 6.69 5.87 5.24 5.29 6.91 7.13 7.42 2.00 3.68 6.39 8.66 5.86 5.37 0.00 0.00 0.00 0.00 3.88 6.17 5.73 6.08 4.46 4.26 2602343
0.00 3.26 4.55 0.00 6.87 8.13 3.51 5.38 0.00 6.68 5.43 0.00 5.22 6.85 7.14 6.48 2.83 3.75 6.80 8.83 5.79 5.64 10.84 0.00 0.00 2.71 3.89 0.00 5.74 6.62 4.05 4.28 2615434
5.32 2.99 4.40 0.00 6.73 8.12 0.00 5.57 5.18 6.66 5.55 5.29 5.63 6.79 7.16 6.91 2.27 3.78 6.59 8.69 5.81 5.42 10.75 5.37 0.00 2.86 3.64 5.97 5.72 6.03 4.07 4.41 2628524
0.00 3.18 4.32 0.00 6.78 8.08 0.00 5.47 0.00 6.67 5.58 5.41 5.56 6.84 7.18 6.46 2.67 3.80 6.17 8.60 5.83 0.00 0.00 4.99 0.00 2.69 3.88 6.01 5.72 6.04 4.04 4.89 2641613
0.00 2.92 4.43 0.00 6.92 8.06 3.89 5.50 5.66 6.02 5.30 5.32 5.65 6.84 7.12 6.60 2.80 3.80 6.39 0.00 5.75 5.47 0.00 4.77 0.00 2.72 3.79 0.00 5.74 6.01 4.09 4.83 2654703
5.43 3.09 4.52 3.20 6.74 8.11 3.36 5.48 5.18 6.58 5.55 5.16 5.53 6.90 7.14 7.19 0.00 3.58 6.58 8.66 5.90 0.00 0.00 4.88 0.00 2.73 3.55 5.94 5.71 6.02 4.01 4.96 2667793
5.33 2.98 4.19 0.00 7.01 8.22 3.56 5.51 5.35 6.65 5.24 5.00 5.17 6.85 7.07 6.65 2.69 3.73 6.56 8.88 5.73 0.00 10.31 4.73 0.00 3.49 3.60 5.85 5.70 6.02 4.00 4.43 2680884
0.00 3.06 4.21 3.48 6.91 8.10 3.66 5.52 5.14 6.71 5.43 5.07 5.50 6.78 7.19 6.54 2.71 3.83 6.55 8.98 5.65 5.33 8.48 4.71 0.00 2.76 3.75 0.00 5.70 6.02 4.02 4.30 2693973
0.00 3.10 4.44 3.33 6.70 8.11 3.61 5.52 5.18 6.72 5.24 4.95 5.60 6.81 7.11 7.12 2.35 3.40 6.10 8.90 5.76 5.28 10.57 5.42 0.00 2.74 3.59 0.00 5.73 5.89 4.08 5.01 2707064
0.00 3.06 4.17 0.00 6.72 8.42 3.53 5.67 5.18 6.70 5.30 0.00 5.59 6.79 7.12 6.59 2.12 3.43 6.30 8.84 5.69 5.40 0.00 4.26 0.00 2.78 3.62 5.98 5.68 5.83 4.07 4.67 2720153
0.00 3.44 4.23 0.00 6.77 8.10 0.00 5.66 0.00 6.58 5.34 5.02 5.39 6.77 7.14 6.68 0.00 3.35 6.18 8.94 5.88 5.40 5.81 4.97 0.00 3.35 3.56 5.79 5.70 0.00 4.03 4.38 2733243
0.00 3.00 4.26 0.00 6.81 8.12 3.29 5.52 5.10 6.60 5.38 5.09 5.69 6.83 7.20 6.80 2.05 3.95 6.52 0.00 5.80 5.29 10.62 4.08 0.00 2.74 3.66 0.00 5.70 6.03 4.08 4.31 2746334
5.82 3.14 4.79 0.00 7.40 8.09 3.30 5.69 0.00 6.65 5.42 4.93 5.50 6.83 7.33 6.59 2.11 3.65 6.79 8.90 5.62 5.37 4.57 4.25 0.00 2.73 3.63 0.00 5.71 5.64 4.09 4.30 2759423
5.31 3.08 4.49 3.17 7.16 8.01 0.00 5.59 0.00 6.80 5.17 4.96 5.65 6.83 7.09 6.74 0.00 3.68 6.59 8.88 5.71 5.79 0.00 5.33 0.00 3.06 3.50 5.74 5.73 5.75 4.17 4.49 2772513
0.00 3.05 4.17 3.90 6.65 8.12 3.36 0.00 0.00 6.54 5.12 5.01 5.71 6.87 7.15 6.64 2.24 3.55 6.96 8.69 5.71 0.00 10.56 4.73 0.00 2.78 3.59 5.78 6.06 5.56 4.18 4.24 2785604
0.00 3.08 4.26 5.83 6.66 8.02 3.57 5.64 5.09 6.50 5.13 4.97 5.54 6.72 7.11 6.60 0.00 3.72 7.03 8.70 5.75 5.34 5.00 3.65 0.00 3.14 3.54 5.78 5.67 5.43 4.11 4.27 2798693
0.00 3.08 4.07 3.09 6.88 7.94 3.27 5.64 0.00 6.62 5.24 4.91 5.28 6.79 7.23 6.65 2.02 3.75 6.84 8.43 5.64 5.36 10.57 4.70 0.00 2.77 3.65 0.00 5.70 5.58 4.22 4.19 2811784
0.00 3.06 4.13 5.89 6.83 7.83 3.57 5.62 0.00 6.47 5.10 4.95 5.42 6.83 7.13 6.62 2.25 3.75 6.64 9.30 5.75 5.20 0.00 5.00 0.00 2.71 3.66 0.00 5.70 5.35 4.14 4.24 2824873
5.51 3.10 4.06 4.76 6.71 7.75 3.69 5.62 5.23 6.62 5.16 4.93 5.62 6.83 7.13 6.55 2.74 3.93 6.61 8.78 5.48 5.27 10.70 5.10 0.00 2.80 3.57 0.00 5.84 5.34 4.22 4.40 2837964
0.00 3.10 4.21 0.00 6.70 7.87 3.46 5.73 5.17 6.57 5.09 5.29 5.81 6.86 7.31 6.57 0.00 4.62 6.78 8.81 5.49 5.26 10.58 0.00 0.00 2.72 3.56 0.00 5.69 5.44 4.22 0.00 2851054
0.00 3.06 4.23 3.46 6.71 8.09 4.18 5.53 5.24 6.26 5.15 4.98 5.43 6.95 7.25 6.64 2.04 3.83 6.74 8.97 5.45 5.28 10.57 0.00 0.00 2.84 3.61 0.00 5.68 5.34 4.21 4.22 2864144
0.00 3.11 4.06 3.73 6.79 7.67 3.76 5.62 0.00 6.57 5.34 5.42 5.36 6.86 7.22 6.62 0.00 3.66 6.86 8.70 5.45 0.00 10.83 5.26 0.00 2.77 3.59 6.14 5.65 5.36 4.22 4.41 2877234
0.00 3.04 4.17 0.00 6.65 7.71 3.51 5.63 5.18 6.52 5.06 5.13 0.00 6.84 7.14 6.58 2.59 3.69 6.77 8.43 6.45 5.21 0.00 0.00 0.00 2.74 3.61 5.76 5.72 5.38 4.25 4.24 2890323
0.00 2.99 4.14 5.61 6.74 7.63 3.42 5.95 5.19 6.58 5.24 4.92 5.27 6.79 0.00 6.59 2.84 3.85 6.64 8.54 5.72 0.00 0.00 3.97 0.00 0.00 3.55 5.73 5.66 5.42 4.24 0.00 2903413
0.00 3.12 4.08 4.55 6.74 8.01 3.48 5.60 5.22 6.54 5.11 4.94 5.29 6.82 7.27 6.58 2.05 3.67 6.73 8.99 5.73 5.59 3.04 4.60 0.00 2.73 3.56 5.98 5.60 5.45 4.25 4.24 2916503
0.00 3.28 4.05 0.00 6.78 7.83 0.00 5.72 0.00 6.54 5.07 4.93 5.54 6.83 7.23 6.59 2.90 3.71 6.71 8.67 5.68 5.26 10.82 4.79 0.00 2.73 3.59 5.78 5.61 5.30 4.27 5.00 2929594
0.00 3.11 4.04 0.00 6.77 7.53 3.30 5.82 0.00 6.55 5.34 4.96 5.47 6.78 0.00 6.60 2.82 3.65 6.60 8.42 5.89 5.90 10.82 4.66 0.00 2.97 3.69 5.78 5.66 5.48 4.29 4.88 2942684
0.00 3.08 4.06 0.00 6.72 8.01 3.29 5.64 0.00 6.56 5.13 5.03 5.65 6.87 7.84 6.61 2.93 3.72 6.56 8.79 0.00 5.21 10.60 4.80 0.00 3.01 3.73 5.80 5.68 5.43 4.20 4.29 2955774
0.00 3.11 4.05 0.00 6.68 7.59 3.28 5.61 0.00 6.58 5.06 4.96 5.31 6.74 7.22 6.61 0.00 3.68 6.94 8.77 6.12 5.28 10.61 5.37 0.00 3.01 3.74 6.34 5.61 5.34 4.33 4.31 2968864
0.00 3.11 4.07 0.00 6.70 7.55 3.25 5.75 5.20 6.56 5.01 5.02 5.37 6.83 7.21 6.61 0.00 3.71 7.08 8.60 5.40 5.40 10.59 5.29 0.00 0.00 3.60 5.79 5.68 5.27 4.80 4.26 2981954
0.00 3.08 4.06 0.00 6.70 7.66 3.26 5.69 5.48 6.55 5.01 0.00 5.40 6.74 7.49 6.59 0.00 3.66 6.34 8.65 5.37 5.25 10.84 5.31 0.00 0.00 3.60 5.80 5.66 0.00 4.26 4.28 2995044
0.00 2.97 4.07 0.00 6.78 7.53 3.36 5.66 5.28 6.47 5.03 5.01 5.60 6.74 7.86 6.59 0.00 3.87 6.81 8.62 5.58 0.00 0.00 5.13 0.00 0.00 3.62 6.29 5.70 5.29 4.26 4.42 3008133
0.00 3.14 4.10 0.00 6.73 7.74 3.27 5.55 0.00 6.50 5.22 4.99 5.43 6.76 0.00 6.56 0.00 4.23 7.16 8.83 6.09 5.28 10.85 0.00 0.00 2.76 3.62 5.77 5.69 5.29 4.19 4.30 3021224
0.00 3.15 4.07 0.00 7.37 7.90 3.28 5.55 5.19 6.52 5.03 5.00 5.32 6.94 0.00 6.60 0.00 3.86 7.01 8.69 5.50 5.49 10.54 0.00 0.00 0.00 3.62 5.92 5.70 5.30 4.17 4.31 3034314
0.00 3.12 4.14 0.00 6.85 7.52 3.28 5.74 5.21 6.56 5.06 5.05 5.75 6.96 0.00 6.63 0.00 3.84 6.78 8.67 5.50 0.00 10.82 4.83 0.00 2.77 3.61 5.89 5.70 5.58 4.22 4.40 3047404
0.00 3.12 4.08 0.00 6.66 7.74 3.36 5.81 5.24 6.58 5.13 5.00 5.97 6.82 0.00 6.62 0.00 3.70 6.30 0.00 5.55 5.23 10.81 5.08 0.00 0.00 3.60 5.75 5.70 5.54 4.23 0.00 3060494
0.00 3.12 4.06 5.65 7.11 8.02 3.31 5.55 5.25 6.55 4.99 4.97 5.65 6.78 7.13 6.63 0.00 3.76 6.48 8.84 5.56 0.00 10.82 5.32 0.00 0.00 3.60 5.73 5.62 5.37 4.19 4.94 3073584
0.00 3.05 4.24 0.00 6.76 7.46 3.91 5.73 5.25 6.48 5.02 5.49 5.58 6.81 0.00 6.62 0.00 3.81 6.40 8.70 5.54 5.20 10.75 5.31 0.00 0.00 3.60 5.75 5.62 5.36 4.25 4.32 3086674
0.00 3.05 4.07 0.00 6.76 7.59 3.36 5.63 5.25 6.38 5.05 5.26 5.38 6.97 0.00 6.62 0.00 3.85 6.46 0.00 5.56 5.23 10.80 5.33 0.00 2.78 3.60 5.80 5.63 5.27 4.19 4.29 3099764
0.00 3.05 4.07 0.00 6.78 7.50 3.55 6.28 5.25 6.36 5.03 5.29 5.64 6.97 0.00 6.84 0.00 3.85 6.24 8.67 5.53 0.00 10.80 5.24 0.00 2.98 3.60 5.80 5.70 5.30 4.19 4.39 3112854
0.00 3.01 4.11 0.00 6.79 7.61 0.00 5.86 5.27 6.36 5.10 5.04 5.82 6.96 7.14 6.63 0.00 3.70 6.59 8.72 5.54 5.34 0.00 5.17 0.00 3.10 3.62 5.78 5.70 5.27 4.26 4.30 3125943
0.00 3.01 4.18 5.80 6.67 7.48 3.24 5.74 5.26 6.37 5.02 5.00 5.68 6.97 7.13 6.62 2.92 3.81 6.55 8.68 5.57 0.00 0.00 5.21 0.00 0.00 3.61 5.76 5.71 6.11 4.15 4.28 3139033
0.00 3.17 4.16 0.00 6.74 7.54 3.36 5.94 0.00 6.36 5.55 5.01 5.53 6.85 7.11 6.64 0.00 3.78 6.25 9.32 5.43 5.28 0.00 5.29 0.00 0.00 3.63 5.74 5.69 5.32 4.18 4.58 3152123
0.00 3.14 4.31 0.00 6.64 7.30 3.54 5.75 0.00 6.40 5.05 5.14 5.67 6.72 7.13 6.65 0.00 3.86 6.49 0.00 5.60 5.17 0.00 5.32 0.00 2.86 3.65 6.21 5.68 5.26 4.19 4.31 3165213
0.00 3.13 4.14 0.00 6.87 7.53 3.28 5.66 5.68 6.37 5.11 5.10 5.56 6.81 0.00 7.17 0.00 3.67 6.78 8.73 5.49 5.15 10.52 5.33 0.00 2.76 3.72 5.86 5.68 5.48 4.25 4.33 3178304
0.00 3.00 4.22 5.89 6.74 7.48 0.00 5.52 0.00 6.54 5.21 4.98 5.48 6.85 7.15 6.62 0.00 3.82 6.83 8.62 5.58 5.32 10.59 5.32 0.00 2.82 3.74 5.92 5.69 5.28 4.23 0.00 3191394
0.00 3.07 4.09 5.67 6.74 7.47 0.00 5.58 0.00 6.53 5.03 5.03 5.75 6.78 7.15 6.64 0.00 3.70 6.98 8.86 5.62 5.27 10.52 4.61 0.00 2.80 3.78 5.93 5.70 5.41 4.20 4.28 3204484
0.00 2.97 4.17 5.70 6.74 7.48 3.34 6.16 0.00 6.52 5.44 4.97 5.27 6.84 7.38 6.61 0.00 3.75 6.40 8.80 5.46 5.24 10.24 0.00 0.00 2.73 3.61 0.00 5.69 5.26 4.21 4.33 3217574
0.00 3.13 4.06 5.67 6.52 7.15 0.00 5.63 0.00 6.56 5.03 5.01 5.62 6.79 7.84 6.57 0.00 3.82 7.45 8.64 5.49 5.20 10.55 0.00 0.00 2.74 3.52 0.00 5.64 0.00 4.87 4.29 3230664
0.00 3.06 4.08 0.00 6.50 7.25 0.00 5.61 0.00 6.51 5.09 4.98 5.31 6.83 0.00 6.61 2.75 3.71 6.41 8.86 5.33 0.00 10.05 5.35 0.00 2.74 3.52 6.39 5.65 5.33 4.19 4.37 3243754
0.00 3.08 4.14 0.00 6.41 7.23 3.31 5.92 0.00 6.36 5.29 4.97 0.00 6.84 7.18 6.63 0.00 3.76 6.70 9.03 5.45 5.13 10.52 3.95 0.00 2.79 3.52 6.44 5.67 5.26 4.23 4.24 3256844
0.00 3.17 4.04 3.19 6.33 7.29 3.37 5.69 0.00 6.45 5.13 4.93 5.72 6.93 7.51 6.60 2.78 3.74 6.18 8.76 5.43 5.28 10.51 5.21 0.00 2.82 3.68 5.74 5.61 5.34 4.42 4.25 3269934
0.00 3.14 4.09 0.00 6.46 7.34 3.92 6.38 0.00 6.47 5.33 5.19 5.84 6.83 7.22 6.62 0.00 3.78 6.63 8.65 5.44 0.00 10.49 5.07 0.00 2.76 3.55 0.00 5.61 5.44 4.25 4.80 3283024
0.00 3.07 4.05 5.60 6.41 7.05 0.00 5.64 0.00 6.41 5.06 4.99 5.49 6.88 7.15 6.65 2.87 3.62 6.39 8.69 5.45 5.09 10.37 4.92 0.00 2.76 3.54 0.00 5.44 5.29 4.15 4.26 3296114
0.00 2.99 4.05 3.70 6.26 7.12 3.77 5.64 0.00 6.36 5.07 4.98 5.84 6.73 7.40 6.54 0.00 3.76 6.44 8.68 5.38 0.00 10.82 5.27 0.00 2.76 3.53 5.70 5.61 5.29 4.17 4.22 3309204
0.00 3.01 4.08 5.68 6.29 6.99 3.60 5.79 0.00 6.37 5.14 4.98 5.66 6.94 7.16 6.63 2.05 3.86 6.16 8.66 5.59 5.21 10.59 5.25 0.00 2.80 3.54 5.69 5.51 5.25 4.13 4.93 3322294
0.00 3.09 4.21 6.20 6.05 7.00 0.00 6.35 0.00 6.32 5.04 5.01 5.45 6.89 7.14 6.74 2.32 3.92 6.49 9.24 5.50 5.21 10.51 0.00 0.00 2.82 3.53 5.74 5.53 5.39 4.17 4.23 3335384
0.00 3.08 4.16 0.00 6.39 6.98 3.46 6.08 0.00 6.30 5.04 4.96 5.49 6.97 7.31 6.52 2.14 3.87 6.48 8.89 5.43 5.63 10.58 5.40 0.00 2.76 3.55 0.00 5.49 5.61 4.18 4.58 3348474
5.47 3.04 4.09 0.00 6.41 7.08 0.00 6.10 0.00 6.13 5.54 5.02 0.00 6.99 7.17 6.67 2.47 3.62 6.12 8.87 5.51 5.36 10.52 4.62 0.00 2.71 3.52 5.70 5.47 5.24 4.20 4.25 3361564
0.00 3.07 4.03 3.07 6.25 7.06 3.36 5.74 0.00 6.22 5.13 4.97 5.36 7.29 7.23 6.63 0.00 3.84 6.43 8.92 5.26 5.33 10.52 0.00 0.00 2.79 3.55 5.90 5.34 5.28 4.46 0.00 3374654
0.00 3.10 4.12 5.84 6.01 6.72 3.58 5.78 0.00 6.28 5.10 5.20 5.69 6.84 7.21 6.75 2.79 3.72 6.20 8.85 5.35 5.23 10.48 5.10 0.00 2.86 3.54 5.75 5.21 5.44 4.15 4.27 3387744
0.00 3.10 4.03 0.00 6.25 6.82 3.40 5.85 0.00 6.09 5.00 5.00 5.58 6.86 7.18 6.65 0.00 3.52 6.83 8.79 5.22 5.17 10.81 4.64 0.00 2.74 3.55 5.78 5.38 5.25 4.16 4.35 3400834
0.00 3.08 3.99 0.00 5.98 6.72 0.00 5.86 0.00 6.46 5.02 5.22 5.53 6.75 7.19 6.61 2.02 3.57 6.65 8.92 5.60 5.20 10.51 4.92 0.00 2.79 3.53 5.98 5.17 5.22 4.13 4.34 3413924
0.00 3.13 4.02 0.00 6.16 6.69 3.28 5.82 0.00 6.15 5.03 5.04 5.64 6.76 7.19 6.57 2.89 3.63 6.24 8.71 5.35 5.20 10.80 5.31 0.00 2.78 3.52 5.73 5.31 5.27 4.18 4.18 3427014
0.00 3.08 4.06 0.00 5.99 6.76 3.23 5.81 0.00 5.98 5.09 5.01 5.55 6.81 7.25 6.81 0.00 0.00 6.18 8.79 5.37 5.48 10.52 5.44 0.00 0.00 3.57 6.13 5.41 5.27 4.54 4.28 3440104
0.00 3.02 4.08 5.66 6.09 6.66 0.00 5.82 5.43 6.03 5.24 5.10 5.51 6.82 7.23 6.61 2.09 3.65 6.25 8.89 5.25 5.10 10.55 0.00 0.00 2.87 3.57 5.85 5.29 5.37 4.23 4.40 3453194
0.00 3.11 4.24 0.00 5.92 7.00 3.56 5.95 5.25 6.08 5.09 4.98 5.59 6.76 7.18 6.63 2.80 3.67 6.40 9.18 5.30 0.00 10.58 4.85 0.00 2.85 3.59 5.88 5.25 5.27 4.14 4.31 3466284
0.00 3.10 4.08 3.16 6.04 6.46 3.60 6.16 5.28 6.00 5.04 5.02 5.66 6.96 7.23 6.73 0.00 3.54 6.15 8.83 5.31 5.80 10.51 5.13 0.00 2.82 3.63 0.00 5.36 5.23 4.13 4.21 3479374
0.00 3.10 4.12 0.00 6.01 6.37 3.78 6.02 5.13 5.95 5.01 5.23 5.78 6.79 7.14 6.66 2.07 3.69 6.42 9.24 4.91 5.10 10.71 4.61 0.00 3.08 3.55 0.00 5.20 5.23 4.12 4.24 3492464
0.00 3.11 4.11 0.00 5.93 6.31 3.27 5.88 5.15 6.04 5.01 5.01 5.50 6.89 7.19 7.22 2.15 3.58 6.43 8.77 5.19 0.00 0.00 4.93 0.00 2.93 3.60 0.00 5.51 5.18 4.14 4.27 3505553
5.56 3.07 4.09 3.12 5.99 6.39 3.85 6.21 0.00 5.96 5.03 5.10 5.65 6.85 7.25 6.65 2.88 3.62 6.52 8.53 4.84 5.47 10.67 0.00 0.00 2.80 3.62 0.00 5.16 5.12 4.16 4.33 3518644
0.00 3.01 4.12 3.18 5.95 6.23 3.33 6.16 0.00 6.09 4.99 5.03 5.93 6.91 7.30 6.56 2.50 3.53 6.39 8.81 5.42 0.00 10.82 0.00 0.00 2.75 3.57 0.00 4.90 5.08 4.23 4.33 3531734
0.00 3.10 4.07 5.50 6.02 6.19 3.29 6.07 0.00 6.11 4.94 5.09 5.43 6.88 7.23 6.56 2.09 3.60 6.34 8.83 5.61 0.00 10.89 5.03 0.00 2.86 3.54 6.03 5.05 5.14 4.22 4.26 3544824
0.00 3.07 4.30 5.62 6.18 6.25 3.27 5.85 0.00 5.96 5.02 5.01 5.52 6.94 7.20 6.60 0.00 3.63 6.88 8.60 4.76 5.14 10.84 5.54 0.00 2.85 3.67 6.20 5.09 5.07 4.26 4.27 3557914
0.00 3.00 4.18 3.08 6.58 6.27 3.44 6.68 5.13 5.71 5.05 5.35 5.86 6.80 7.24 6.80 2.16 3.70 6.11 8.69 4.86 5.10 2.56 4.94 0.00 2.99 3.67 5.78 4.99 5.09 4.17 4.24 3571003
0.00 3.02 4.18 0.00 6.18 6.23 3.24 6.04 5.68 5.73 4.99 5.09 5.47 6.81 7.90 6.65 2.83 3.74 6.52 8.82 4.96 5.16 10.90 0.00 0.00 2.81 3.55 6.01 4.82 5.07 0.00 4.28 3584094
0.00 3.01 4.18 5.51 6.11 6.13 3.21 6.08 0.00 5.65 5.02 5.07 5.57 7.00 7.30 6.73 2.06 3.88 6.10 0.00 5.03 5.08 0.00 5.12 0.00 2.78 3.73 0.00 4.94 5.12 4.28 4.37 3597183
0.00 3.02 4.14 3.17 6.04 6.13 3.24 6.17 0.00 5.65 4.96 5.03 5.50 7.54 7.26 6.72 0.00 3.68 6.05 8.94 4.87 5.12 10.84 5.11 0.00 2.85 3.58 6.25 5.24 5.13 4.22 4.37 3610274
0.00 3.02 4.13 0.00 5.95 6.12 3.26 6.16 0.00 5.92 5.07 5.07 5.37 7.37 7.22 6.67 2.32 3.75 6.28 8.98 4.74 5.06 7.35 5.07 0.00 2.78 3.60 6.11 4.95 5.02 4.59 4.23 3623363
0.00 3.12 4.17 3.45 5.90 6.20 3.39 5.86 9.55 5.73 4.97 0.00 5.30 6.96 7.35 6.60 2.13 3.73 6.63 8.86 4.99 0.00 10.86 0.00 0.00 2.84 3.59 6.03 5.07 5.07 4.23 4.29 3636454
0.00 3.13 4.14 0.00 6.05 6.20 3.46 6.64 0.00 5.75 4.98 5.02 5.99 6.89 7.23 7.34 2.03 3.76 6.44 8.84 5.01 0.00 10.83 0.00 0.00 2.88 3.59 6.31 5.06 5.15 4.21 4.32 3649544
0.00 3.09 4.88 0.00 5.95 6.12 3.94 6.08 0.00 5.73 4.98 0.00 5.46 6.99 7.21 6.59 2.30 3.67 6.29 8.89 4.85 5.07 10.85 0.00 0.00 2.81 3.59 6.33 4.74 5.12 4.22 4.33 3662634
0.00 3.06 4.18 0.00 5.94 6.16 3.39 6.12 0.00 5.72 5.00 5.08 5.58 6.90 7.28 6.63 0.00 3.86 6.51 8.83 4.88 5.13 0.00 0.00 0.00 2.85 3.60 6.29 4.81 5.05 4.22 4.95 3675723
0.00 3.13 4.16 0.00 5.96 6.15 0.00 6.54 0.00 5.64 4.97 5.14 5.51 6.89 7.43 7.06 0.00 3.83 6.42 8.84 5.05 0.00 10.71 5.30 0.00 2.86 3.62 6.32 4.76 5.03 4.21 4.41 3688814
0.00 3.10 4.15 0.00 5.93 6.22 3.27 6.04 0.00 5.64 5.12 5.01 5.51 6.89 0.00 6.72 2.93 3.83 6.17 9.00 5.02 5.08 0.00 5.32 0.00 3.45 3.61 6.33 4.80 5.02 4.20 4.34 3701903
0.00 3.07 4.18 0.00 5.92 6.26 3.29 6.44 0.00 5.63 4.99 5.21 6.07 6.86 7.77 7.33 0.00 3.63 6.68 0.00 4.58 5.05 10.56 0.00 0.00 3.41 3.62 6.31 4.87 5.13 4.25 4.28 3714994
0.00 3.06 4.20 0.00 6.04 6.29 3.29 6.15 0.00 5.74 4.96 5.02 5.58 6.86 7.27 6.62 2.84 3.68 6.44 0.00 4.65 5.12 10.65 0.00 0.00 2.84 3.60 0.00 5.05 5.03 4.23 4.98 3728084
0.00 3.08 4.30 0.00 6.08 6.24 3.46 6.13 0.00 5.70 5.03 5.06 6.23 6.90 7.24 6.76 2.60 3.74 6.30 0.00 4.91 5.02 0.00 4.87 0.00 2.82 3.62 0.00 4.94 5.17 4.25 0.00 3741173
0.00 3.09 4.17 0.00 5.96 6.31 0.00 0.00 5.25 5.62 4.99 5.07 5.50 6.95 7.29 6.61 2.04 3.60 6.50 0.00 4.49 5.13 10.56 4.93 0.00 2.83 3.61 0.00 4.86 5.08 4.30 4.30 3754264
0.00 3.12 0.00 5.49 5.94 6.30 3.54 6.33 0.00 5.43 4.97 5.03 5.54 6.95 7.31 6.58 0.00 3.81 6.29 0.00 5.27 5.22 10.59 5.34 0.00 2.79 3.60 0.00 4.71 5.06 4.30 4.34 3767354
0.00 3.09 4.19 0.00 6.06 6.28 3.57 6.41 0.00 5.59 5.05 5.12 5.40 6.91 7.22 6.60 2.23 3.57 6.03 9.00 4.76 0.00 10.80 5.24 0.00 2.80 3.60 5.71 4.67 5.10 4.36 4.28 3780444
0.00 3.11 4.18 5.74 5.97 6.32 0.00 6.27 5.19 5.47 5.19 5.15 5.42 6.93 7.21 6.62 2.09 3.67 6.10 8.87 4.76 5.09 10.54 0.00 0.00 2.82 3.62 0.00 4.95 5.15 4.25 4.35 3793534
0.00 2.97 4.30 3.68 6.16 6.41 3.63 5.99 0.00 5.61 5.01 5.02 5.57 7.11 7.28 6.55 2.07 3.64 4.60 8.90 4.52 5.07 10.53 4.74 0.00 2.77 3.62 0.00 4.90 5.09 4.25 4.66 3806624
0.00 3.12 4.17 3.24 5.98 6.39 0.00 6.26 5.12 5.55 4.99 5.04 5.55 7.18 0.00 6.67 0.00 3.89 6.53 8.88 4.86 5.07 10.53 4.89 0.00 2.83 3.54 5.98 4.79 5.04 4.30 4.35 3819714
0.00 3.06 4.21 5.53 5.86 6.46 3.28 6.31 0.00 5.32 5.06 5.06 5.45 6.85 7.30 6.67 0.00 3.63 6.57 8.90 4.79 5.22 10.53 5.29 0.00 3.41 3.58 5.81 4.51 5.08 4.35 4.39 3832804
0.00 3.05 4.24 0.00 5.91 6.46 0.00 6.16 5.23 5.42 5.07 5.03 6.35 7.00 7.24 6.70 0.00 3.76 6.28 8.88 4.95 5.18 10.81 0.00 0.00 2.92 3.72 5.89 4.66 5.11 4.83 4.36 3845894
0.00 3.07 4.25 3.34 5.95 6.56 3.23 6.15 0.00 5.15 4.98 5.08 5.82 6.91 7.25 6.57 2.33 3.53 6.03 9.01 4.65 0.00 7.73 3.72 0.00 2.82 3.61 5.69 4.66 5.09 4.28 4.40 3858983
0.00 3.04 4.16 0.00 5.89 6.52 3.44 6.32 5.25 5.08 4.97 5.04 5.98 7.00 7.33 7.06 2.02 3.60 6.58 9.00 4.48 0.00 5.98 0.00 0.00 3.32 3.56 0.00 4.58 5.06 4.35 4.56 3872073
5.52 3.06 4.18 6.07 6.01 6.56 3.50 0.00 5.37 4.46 4.98 5.43 5.64 6.94 7.28 6.80 2.09 3.67 6.50 9.04 4.53 5.10 10.81 3.51 0.00 2.83 3.62 5.75 4.58 5.08 4.26 4.41 3885164
0.00 2.98 4.17 5.85 5.89 6.42 3.18 6.43 5.19 4.48 4.96 5.07 5.67 6.96 7.28 6.59 2.03 3.42 6.42 9.40 4.53 5.07 5.55 5.18 0.00 2.75 3.66 0.00 4.65 5.23 4.22 4.43 3898253
0.00 3.04 4.48 3.08 6.00 6.71 3.17 6.12 5.34 5.20 5.06 5.19 5.42 7.04 7.84 6.77 2.04 3.63 6.44 8.79 4.34 5.39 10.85 5.11 0.00 3.10 3.60 5.41 2.91 5.15 4.29 4.79 3911344
0.00 3.03 4.20 3.17 6.21 6.69 3.44 6.02 0.00 5.13 4.98 5.06 5.55 6.97 7.31 6.60 2.79 3.71 6.11 8.82 4.42 5.14 4.24 4.52 0.00 2.78 3.55 5.31 4.79 5.08 4.28 4.40 3924433
0.00 3.07 4.17 5.79 6.51 6.80 3.47 6.50 5.15 4.88 5.04 5.20 5.43 7.08 7.35 6.61 2.84 3.59 6.52 8.84 3.68 5.11 8.11 3.98 0.00 2.80 3.56 5.54 4.58 5.07 4.38 4.85 3937523
0.00 3.07 4.17 2.84 6.11 6.91 3.21 5.98 5.35 4.82 4.98 5.07 5.57 7.12 7.33 6.87 2.16 3.79 5.29 8.48 4.21 0.00 3.88 4.99 0.00 3.01 3.89 5.42 4.65 5.11 4.34 4.68 3950613
0.00 3.01 4.27 0.00 6.33 6.94 3.57 0.00 5.26 4.50 5.08 5.10 6.07 7.05 7.34 6.76 2.88 3.59 6.29 8.70 4.41 5.08 3.60 3.66 0.00 2.81 3.51 5.35 4.13 5.19 4.48 4.49 3963703
0.00 3.07 4.18 3.13 6.06 6.96 3.19 0.00 5.31 4.81 5.05 5.13 6.11 7.05 7.36 6.92 2.11 4.18 6.36 8.59 4.18 5.07 3.73 0.00 0.00 2.82 3.54 5.18 4.73 5.31 4.49 4.68 3976793
5.29 3.06 4.31 3.13 6.47 7.01 3.51 0.00 2.09 4.56 5.18 5.16 5.56 7.11 7.33 6.76 3.05 3.60 6.19 8.65 4.21 5.02 2.66 3.32 0.00 2.94 3.47 5.55 4.76 5.18 4.55 4.63 3989883
0.00 3.04 4.27 3.13 6.29 7.08 3.47 5.68 4.01 4.57 5.02 5.14 5.47 7.15 7.43 6.72 2.46 3.64 6.51 8.65 4.23 5.02 3.40 2.56 0.00 2.97 3.53 5.31 4.60 5.19 4.63 4.60 4002973
0.00 2.94 4.32 2.65 6.20 7.23 3.26 6.30 5.00 4.49 5.06 5.11 5.84 7.08 7.69 6.82 2.82 3.60 6.29 8.62 4.09 5.54 3.41 4.59 0.00 2.98 3.49 5.77 4.65 5.23 4.56 4.63 4016063
0.00 3.22 4.29 3.52 6.30 7.36 3.46 5.60 5.30 4.42 4.99 5.11 5.52 7.17 7.42 6.86 0.00 3.56 6.08 8.90 3.77 5.01 6.89 4.84 0.00 3.08 3.51 5.13 4.54 5.34 4.60 4.66 4029153
0.00 3.08 4.33 2.85 6.15 7.46 3.46 6.61 5.30 2.59 5.05 5.14 5.94 7.10 7.57 7.04 0.00 3.53 6.71 8.67 4.19 0.00 3.86 2.84 0.00 2.82 3.41 5.16 4.64 5.29 4.75 4.85 4042243
0.00 2.78 4.33 2.85 6.70 7.46 3.41 6.39 5.42 3.44 5.02 5.35 5.57 6.83 7.41 7.01 2.84 3.78 6.37 8.20 4.06 5.01 2.82 2.81 0.00 2.85 3.49 5.01 4.49 5.37 4.74 4.95 4055333
0.00 2.96 4.36 2.99 6.40 7.62 3.37 5.15 5.19 4.14 4.52 5.26 6.46 7.21 7.54 6.83 2.16 3.82 6.60 8.63 3.05 5.12 4.31 0.00 0.00 3.16 3.59 4.65 4.19 3.03 4.68 4.77 4068423
0.00 2.97 4.40 2.52 6.32 7.69 3.57 6.53 4.86 4.32 5.01 5.12 5.92 7.22 7.69 7.00 2.01 3.78 6.78 8.87 4.10 5.02 3.25 4.78 0.00 3.05 3.45 5.17 4.62 5.25 4.06 4.92 4081513
0.00 2.98 4.42 2.74 6.74 7.82 3.98 6.13 3.42 4.15 4.95 5.15 6.16 7.31 7.59 7.11 2.24 3.62 4.95 8.88 3.92 5.03 3.49 2.87 0.00 2.89 3.31 4.91 4.45 5.36 4.22 4.89 4094603
5.43 3.11 4.64 2.46 6.75 3.04 3.50 0.00 5.01 3.36 5.04 5.18 5.79 6.24 7.58 7.20 2.26 3.80 3.68 8.19 4.00 5.07 3.26 0.00 0.00 2.89 2.99 4.57 4.52 5.37 4.60 5.07 4107693
2.97 2.81 4.37 2.38 6.98 8.20 3.52 0.00 5.43 4.10 5.00 5.13 5.92 6.49 7.66 7.20 2.06 3.81 6.71 8.85 4.06 5.66 3.20 3.39 0.00 2.88 3.08 4.70 4.16 5.24 4.94 4.85 4120783
0.00 2.64 4.40 2.44 5.83 3.86 3.39 3.64 4.47 3.59 4.27 5.26 6.13 6.73 7.72 7.03 2.05 3.62 6.58 8.17 3.52 0.00 2.07 2.26 0.00 2.87 3.30 4.48 4.58 4.74 3.48 4.93 4133873
5.34 3.02 4.49 2.91 6.56 2.24 3.37 6.35 2.35 3.21 5.14 5.21 6.33 3.80 7.69 7.07 2.41 2.87 5.52 8.60 3.70 0.00 2.64 3.30 0.00 2.66 3.42 4.50 4.55 5.35 2.94 5.00 4146963
2.70 2.95 4.56 2.15 6.31 5.35 3.37 5.34 2.60 2.63 5.03 5.24 6.15 6.01 8.00 7.07 0.00 3.20 4.29 8.40 2.35 5.21 2.56 3.40 0.00 3.05 3.32 4.26 3.47 5.30 4.93 5.07 4160053
4.15 2.87 4.00 2.74 6.78 4.78 3.37 3.74 4.01 3.19 5.21 5.36 0.00 4.86 8.24 7.25 2.78 3.77 3.67 8.67 4.22 0.00 3.29 3.15 0.00 2.59 3.35 3.72 3.37 5.38 4.24 4.68 4173143
3.57 2.93 4.42 2.35 6.33 3.43 3.23 2.85 3.35 3.74 5.11 5.39 5.93 5.81 7.77 6.40 3.02 3.72 3.31 8.64 4.22 5.01 3.74 4.17 0.00 2.61 3.20 3.91 4.27 4.86 2.42 5.18 4186233
5.34 2.59 3.52 2.31 7.38 5.32 3.23 4.07 2.38 2.42 4.70 5.31 4.09 3.03 7.96 7.38 2.13 2.71 3.87 8.78 4.30 5.02 2.35 3.09 0.00 2.73 2.95 4.19 2.82 5.45 4.53 4.93 4199323
5.59 2.27 4.48 2.31 2.61 2.84 3.21 5.82 3.73 2.55 3.04 5.63 4.80 2.23 3.58 7.33 2.10 3.31 4.50 5.58 4.10 5.00 3.21 3.21 0.00 2.63 3.22 3.80 3.07 5.57 2.46 0.00 4212413
4.34 2.46 4.21 2.32 5.75 5.29 2.94 3.10 2.84 2.53 5.06 5.38 5.81 2.85 7.90 7.62 2.58 2.84 4.04 9.11 4.31 5.09 3.50 2.99 0.00 2.52 3.42 3.77 4.68 5.65 2.85 5.44 4225503
5.88 2.57 4.42 2.64 5.24 3.38 3.38 4.18 2.90 2.57 5.02 5.65 2.59 4.68 8.44 6.55 2.09 3.06 3.81 7.53 3.17 4.98 2.57 2.43 0.00 2.53 3.29 3.80 2.43 2.92 3.15 5.57 4238593
2.72 2.59 4.35 2.36 3.11 2.34 2.42 6.12 2.49 2.85 3.24 4.44 5.44 2.67 8.15 6.87 2.03 3.70 4.72 0.00 4.10 5.15 3.54 2.29 0.00 2.94 2.77 3.66 3.74 4.96 4.71 5.60 4251683
2.61 2.72 4.37 2.13 5.62 2.87 2.99 4.69 2.22 2.40 3.84 5.71 4.39 2.21 3.72 6.73 2.10 3.70 2.62 9.05 4.05 5.18 2.38 2.76 0.00 2.47 2.53 3.70 4.26 2.97 3.10 5.87 4264773
2.62 3.03 2.61 2.76 2.47 3.24 3.09 4.55 2.34 2.64 3.51 5.61 3.16 2.42 8.44 0.00 2.08 3.74 2.18 3.58 2.24 5.25 3.11 2.41 0.00 2.46 3.47 3.67 2.76 5.30 2.60 5.91 4277863
3.82 2.68 3.65 2.77 2.85 3.55 2.86 2.45 2.31 2.71 3.63 2.65 3.60 2.48 0.00 5.28 0.00 3.17 5.64 8.48 2.57 5.47 2.90 0.00 0.00 2.50 2.52 3.87 3.97 4.97 2.52 2.31 4290953
3.70 2.81 4.81 2.96 3.38 3.18 3.49 3.29 2.91 3.09 2.81 5.57 3.10 2.50 8.57 6.63 2.04 3.93 4.34 3.99 3.98 5.28 3.00 2.28 0.00 2.50 3.41 3.80 2.77 3.99 3.91 5.88 4304043
4.81 2.82 3.85 2.60 5.13 3.00 3.44 3.11 2.69 3.10 5.58 2.69 2.50 3.00 7.25 7.60 2.49 2.48 5.39 3.53 3.39 5.32 3.12 0.00 0.00 2.52 2.96 3.70 2.77 2.48 3.48 5.11 4317133
2.84 2.79 3.80 2.42 4.36 3.04 3.40 3.52 3.49 2.42 2.84 5.90 4.42 3.31 8.34 5.69 2.77 2.96 4.15 3.86 2.33 0.00 2.14 2.85 0.00 2.49 3.62 3.90 4.98 3.87 5.31 5.97 4330223
3.02 2.85 4.42 2.48 3.42 2.68 2.92 3.50 2.43 3.68 2.37 5.93 3.83 4.26 2.39 7.65 2.55 3.45 2.43 0.00 3.98 0.00 2.56 2.78 0.00 2.91 3.83 3.80 3.99 4.51 2.96 6.05 4343313
2.62 2.32 4.34 2.33 4.83 3.20 2.67 3.33 3.60 2.64 5.78 5.95 3.72 3.36 2.62 8.09 2.21 2.58 2.20 7.18 3.60 0.00 3.33 3.63 0.00 2.72 2.84 3.89 3.31 4.40 4.38 6.19 4356403
2.29 2.60 3.51 2.36 4.70 2.96 2.91 3.25 2.96 2.89 2.63 4.49 2.17 3.44 4.44 5.51 2.07 3.19 2.92 0.00 3.42 0.00 3.49 4.18 0.00 3.38 3.99 3.62 4.26 4.77 3.97 0.00 4369493
0.00 2.42 4.55 2.33 4.45 2.57 3.03 3.13 3.07 2.80 3.20 3.65 2.92 2.15 6.12 6.52 2.31 2.78 5.95 2.24 5.17 5.57 3.28 0.00 0.00 2.80 3.27 3.63 3.27 5.93 5.75 6.42 4382583
5.70 2.45 4.59 2.47 6.17 2.40 2.74 4.36 2.60 2.39 3.66 6.01 2.97 3.72 8.43 7.69 2.08 3.39 5.32 2.06 2.81 5.36 2.69 2.67 0.00 2.95 3.86 3.75 3.53 2.72 5.62 6.53 4395673
4.63 2.92 3.82 2.31 3.76 3.37 2.84 4.16 2.46 2.26 4.66 4.05 3.17 2.31 7.57 8.46 2.14 3.05 3.35 7.86 4.30 5.58 2.87 2.59 0.00 3.23 3.42 3.90 4.06 5.04 2.95 6.68 4408763
3.94 2.68 4.34 2.23 6.79 2.51 3.32 5.35 2.54 3.05 4.12 4.55 0.00 3.74 7.22 0.00 2.38 3.61 4.26 3.08 2.99 5.59 4.11 3.49 0.00 2.90 3.64 3.79 3.99 2.92 4.14 7.25 4421853
2.76 2.66 3.69 2.35 4.82 2.54 2.50 4.34 3.01 2.74 5.48 6.09 2.47 2.28 8.40 2.87 2.96 3.70 5.30 4.90 3.18 0.00 2.52 3.12 0.00 2.96 3.40 3.57 3.62 2.82 5.03 7.13 4434943
2.61 2.98 4.48 2.50 3.97 3.87 2.84 3.34 2.62 2.59 6.17 6.11 2.64 2.73 8.41 2.50 2.23 2.98 2.45 8.66 4.23 0.00 2.56 0.00 0.00 3.19 2.15 3.59 4.98 3.18 6.40 6.19 4448033
4.38 2.68 4.00 2.63 4.05 4.33 3.00 4.61 2.30 3.68 5.87 6.17 3.96 2.28 8.38 4.80 2.36 3.63 4.10 0.00 3.10 5.81 2.59 2.21 0.00 3.16 2.92 3.56 4.69 5.47 5.99 7.92 4461123
0.00 2.68 4.47 2.42 6.15 4.56 2.69 5.66 2.64 4.57 6.05 6.41 2.18 4.66 5.32 3.82 2.15 3.37 2.95 8.72 5.41 0.00 2.54 0.00 0.00 3.25 3.51 3.81 2.65 2.77 5.92 3.18 4474213
2.79 2.76 3.51 2.63 5.85 4.10 2.28 3.35 3.46 4.05 3.48 6.32 2.95 3.75 6.44 7.99 2.52 2.80 6.06 7.20 2.41 5.73 3.17 2.30 0.00 3.25 3.48 3.80 3.91 5.48 3.27 2.75 4487303
2.63 2.89 3.71 2.55 6.36 3.57 3.16 4.68 2.87 2.54 6.16 6.58 0.00 4.80 8.48 2.88 2.15 3.39 4.73 2.94 3.01 5.85 3.17 2.48 0.00 3.24 3.39 3.83 3.67 5.06 2.32 7.41 4500393
2.84 2.81 4.08 2.07 3.80 3.34 2.38 3.00 2.94 2.34 5.05 5.52 4.83 3.96 8.43 2.89 2.74 3.35 4.49 8.83 4.84 0.00 2.82 3.22 0.00 3.43 3.32 4.08 3.17 5.09 4.02 7.64 4513483
3.95 2.78 4.47 2.53 3.73 4.05 3.59 4.98 2.19 3.15 6.15 6.51 3.32 4.47 8.47 2.95 2.40 2.81 3.53 9.35 5.56 5.75 3.12 2.10 0.00 3.27 3.56 4.32 2.98 5.79 5.93 3.46 4526573
5.53 3.04 4.49 2.34 5.59 4.20 3.04 4.99 3.04 2.57 4.25 6.77 0.00 2.76 8.39 0.00 2.66 3.55 6.01 8.94 3.38 6.25 2.55 3.59 0.00 3.17 3.84 4.12 4.33 2.92 5.76 7.45 4539663
2.08 2.38 4.55 2.72 5.39 2.14 3.21 2.77 2.34 2.63 5.99 0.00 3.30 4.51 8.43 6.43 2.35 2.55 4.51 8.48 5.46 0.00 3.73 2.37 0.00 3.29 3.63 4.03 4.04 4.12 3.05 0.00 4552753
3.01 2.94 4.56 2.16 3.16 3.05 3.36 4.77 2.40 2.77 5.34 6.78 2.89 3.10 8.46 2.41 0.00 3.32 4.60 0.00 5.03 5.75 2.64 3.53 0.00 3.33 3.86 4.16 3.57 2.99 6.26 4.85 4565843
5.38 2.78 4.53 2.45 6.48 4.52 2.26 4.27 2.85 3.76 2.33 6.68 0.00 3.25 8.46 0.00 2.76 3.06 5.83 8.82 5.74 5.73 2.53 3.00 0.00 3.30 3.94 3.97 3.23 5.37 6.57 7.54 4578933
2.97 2.99 4.49 2.46 6.40 2.64 3.23 3.69 3.21 2.87 6.38 6.73 0.00 6.58 8.40 0.00 2.05 3.39 5.41 8.87 4.97 5.72 3.13 3.41 0.00 3.46 4.06 4.17 5.21 5.89 3.98 0.00 4592023
0.00 2.88 4.67 2.30 6.16 2.65 0.00 4.04 3.05 3.41 6.46 6.95 3.27 5.22 8.40 4.78 2.04 3.16 2.58 8.70 3.84 6.38 3.86 4.22 0.00 3.45 3.50 4.15 3.99 3.17 2.64 7.80 4605113
2.79 3.07 4.46 2.37 6.69 6.17 3.31 4.14 3.31 2.44 4.98 6.80 0.00 4.36 8.39 2.82 2.40 3.28 6.61 8.63 5.74 5.82 3.22 4.12 0.00 3.24 3.74 3.85 2.89 5.83 6.84 7.65 4618203
0.00 2.94 4.47 2.63 6.28 6.97 3.47 3.36 2.89 2.53 4.76 6.82 0.00 4.58 8.40 0.00 2.59 3.44 4.12 9.06 5.61 6.11 2.31 5.26 0.00 3.34 4.11 3.98 4.79 5.87 5.81 7.49 4631293
5.38 2.95 4.65 2.44 7.15 4.97 3.55 4.10 3.45 4.66 5.15 6.79 0.00 6.68 8.39 0.00 2.74 3.73 7.08 8.69 5.81 0.00 3.20 4.76 0.00 3.94 4.12 4.19 2.41 5.97 6.42 0.00 4644383
5.41 2.89 4.50 2.66 6.23 7.53 3.41 4.21 2.59 2.33 6.35 6.76 0.00 8.11 8.40 8.13 2.35 3.64 6.43 9.04 5.81 5.78 4.97 4.76 0.00 3.82 4.06 0.00 5.19 5.88 5.72 0.00 4657473
0.00 3.01 4.34 2.57 6.29 7.56 3.75 4.37 3.26 4.47 6.46 6.78 0.00 8.15 8.41 0.00 2.77 3.42 4.90 8.62 5.88 0.00 7.34 4.51 0.00 3.94 4.07 3.91 5.27 5.92 6.54 7.69 4670563
0.00 2.94 2.86 2.44 6.39 7.55 3.58 4.12 3.36 5.03 6.46 7.01 0.00 3.28 8.38 0.00 2.07 3.43 3.15 8.77 0.00 5.79 0.00 4.67 0.00 3.80 4.17 4.22 4.80 5.92 6.61 7.59 4683653
0.00 3.02 4.38 0.00 6.23 7.64 3.39 4.58 3.28 4.24 6.48 6.75 6.27 5.82 8.38 0.00 2.91 3.88 4.77 8.72 5.67 5.72 0.00 4.31 0.00 3.78 4.12 0.00 5.07 5.99 6.51 7.50 4696743
0.00 2.91 4.39 3.42 6.15 7.56 0.00 4.19 3.24 2.68 6.45 6.73 0.00 8.15 8.39 0.00 2.06 3.53 6.60 8.54 5.53 5.76 9.70 4.70 0.00 4.06 4.08 4.11 5.10 5.96 6.66 7.56 4709833
5.62 2.91 4.40 3.03 6.18 7.60 3.62 3.97 3.23 4.92 6.48 6.81 5.90 8.56 8.39 0.00 2.07 3.73 6.40 8.70 5.88 5.99 10.04 5.02 0.00 4.12 4.07 4.28 5.12 6.01 6.60 7.49 4722924
0.00 2.93 4.34 3.88 6.16 7.55 3.48 4.13 3.28 5.02 6.49 6.82 0.00 8.15 8.40 0.00 2.54 3.52 7.02 8.61 6.23 5.78 10.76 5.02 0.00 3.71 4.12 3.85 3.86 5.93 6.63 7.73 4736014
0.00 2.85 4.43 2.87 6.15 7.57 0.00 4.30 3.21 3.36 6.53 0.00 6.24 8.14 8.39 0.00 2.42 3.71 6.82 8.66 5.95 6.08 10.74 5.11 0.00 3.87 4.17 3.64 5.12 5.99 6.62 0.00 4749104
0.00 2.83 4.34 3.04 6.82 7.57 3.51 4.10 3.30 4.99 6.41 6.80 6.30 8.32 8.39 0.00 0.00 3.69 6.33 8.62 0.00 0.00 9.45 4.01 0.00 4.01 4.13 4.04 5.20 5.93 6.52 7.42 4762193
0.00 2.82 4.42 3.08 6.38 7.56 3.72 4.03 3.22 4.95 6.44 6.82 0.00 8.12 8.40 0.00 2.87 3.66 6.52 8.71 5.83 0.00 10.58 0.00 0.00 3.85 4.11 3.67 5.16 5.95 6.59 7.39 4775284
5.50 2.84 4.44 2.97 6.77 7.56 0.00 4.05 3.23 4.98 6.43 6.89 0.00 8.10 8.39 0.00 0.00 3.69 6.54 8.61 5.91 5.79 10.68 4.69 0.00 3.93 4.11 3.93 5.30 6.00 6.62 7.61 4788374
0.00 2.85 4.42 3.15 6.94 7.56 0.00 3.92 3.23 5.04 7.19 6.86 0.00 8.15 8.39 0.00 0.00 3.60 6.47 8.58 5.83 6.15 10.73 4.66 0.00 3.99 4.12 3.94 5.09 6.54 6.56 7.46 4801464
0.00 2.88 4.32 0.00 0.00 7.54 0.00 4.08 3.31 4.96 7.26 6.82 0.00 8.15 8.39 0.00 0.00 3.78 6.51 8.45 6.08 0.00 10.71 4.70 0.00 4.09 4.16 3.85 5.16 5.98 6.61 7.43 4814554
0.00 2.87 4.38 3.10 6.78 7.54 3.87 4.03 3.22 5.19 6.61 6.81 0.00 8.11 8.38 0.00 0.00 3.61 6.52 8.80 5.79 0.00 10.31 4.71 0.00 3.95 4.18 3.72 5.30 5.92 6.60 7.46 4827644
0.00 2.94 4.39 2.88 6.94 7.55 0.00 3.79 3.26 5.14 6.86 6.84 0.00 8.11 8.39 0.00 0.00 3.87 7.16 9.04 5.78 0.00 10.22 4.67 0.00 4.20 4.16 3.74 5.30 6.05 6.68 7.47 4840734
0.00 3.05 4.42 2.84 6.83 7.53 0.00 4.21 3.20 4.97 6.54 6.88 0.00 8.13 8.39 0.00 0.00 3.57 7.21 8.98 6.34 0.00 10.62 4.51 0.00 4.20 4.14 3.75 5.30 5.93 6.50 7.45 4853824
0.00 2.91 4.39 2.92 0.00 7.53 0.00 4.08 3.23 4.98 6.53 6.88 0.00 8.10 8.39 0.00 0.00 3.70 6.77 8.46 6.23 5.74 10.22 4.56 0.00 3.86 4.17 3.73 5.31 6.03 6.49 7.34 4866914
0.00 2.96 5.10 3.00 6.94 7.51 0.00 3.99 3.24 5.06 6.68 6.87 0.00 8.09 8.39 0.00 0.00 3.39 6.53 8.61 6.27 5.72 10.31 4.66 0.00 0.00 4.21 3.68 5.27 5.97 6.48 7.43 4880004
0.00 2.93 4.35 2.99 6.75 7.53 0.00 4.06 3.31 5.16 6.90 6.87 0.00 8.19 8.46 0.00 0.00 3.59 6.60 8.52 5.67 5.73 9.97 4.70 0.00 3.95 4.21 3.65 5.32 5.97 6.50 7.58 4893093
0.00 2.90 5.08 2.92 6.94 7.54 0.00 3.72 3.28 4.94 6.58 6.77 0.00 8.15 8.40 0.00 0.00 3.68 6.56 8.66 5.68 5.73 10.30 4.70 0.00 3.85 4.20 3.63 5.20 0.00 6.50 7.47 4906184
0.00 2.89 4.38 3.04 0.00 7.54 0.00 3.70 3.44 5.04 6.57 6.76 0.00 8.20 8.39 0.00 0.00 3.62 6.77 8.99 5.74 0.00 10.23 4.66 0.00 3.74 0.00 3.73 0.00 5.92 6.51 7.42 4919274
0.00 2.86 4.38 0.00 6.72 7.56 3.90 3.67 3.35 4.99 6.68 6.86 0.00 8.16 8.38 0.00 0.00 3.62 7.23 8.68 6.23 5.71 10.84 4.72 0.00 3.95 4.18 4.22 5.27 6.11 6.53 7.56 4932364
0.00 2.88 4.35 2.88 6.59 7.56 0.00 3.74 3.29 4.99 6.66 6.87 0.00 8.09 8.39 0.00 0.00 3.84 7.16 0.00 5.68 5.72 10.26 4.77 0.00 3.98 4.18 3.68 5.20 5.98 6.57 7.58 4945454
0.00 2.90 4.42 2.96 6.71 7.54 0.00 3.94 3.32 5.00 6.64 6.78 0.00 8.18 8.38 0.00 0.00 3.64 7.17 8.37 5.78 5.73 10.23 4.75 0.00 3.82 4.19 3.96 5.17 6.02 6.49 7.61 4958544
0.00 2.88 4.42 3.03 6.58 7.53 0.00 3.91 3.38 4.87 6.60 6.87 0.00 8.78 8.39 0.00 0.00 3.63 7.18 8.40 5.67 6.37 10.65 4.65 0.00 4.11 4.30 3.69 5.86 6.07 6.55 7.56 4971634
0.00 2.91 4.41 2.96 6.73 7.53 3.89 3.80 3.28 4.89 6.46 6.89 0.00 8.12 8.40 0.00 0.00 3.74 6.74 8.50 5.68 5.85 10.40 4.78 0.00 4.05 4.49 3.67 5.76 6.07 6.49 7.52 4984724
0.00 2.90 4.43 2.97 6.57 7.51 0.00 4.06 3.32 5.02 6.44 6.89 0.00 8.11 8.40 0.00 0.00 3.67 6.69 8.42 5.72 5.77 10.21 4.68 0.00 3.83 4.21 4.03 5.28 5.97 6.50 8.06 4997814
0.00 2.88 4.51 2.98 6.44 7.52 0.00 3.67 3.70 4.97 6.58 6.88 0.00 8.09 8.39 0.00 0.00 3.75 6.90 8.69 6.32 0.00 10.22 4.66 0.00 3.85 4.20 4.19 5.19 5.94 6.52 7.45 5010904
0.00 2.92 0.00 2.97 6.42 7.52 3.71 3.69 3.36 5.01 6.41 6.89 0.00 8.17 8.40 0.00 0.00 3.64 6.82 0.00 5.75 0.00 9.78 4.64 0.00 4.05 4.24 3.65 5.23 6.03 6.58 7.29 5023993
0.00 3.05 4.36 3.04 6.55 7.46 0.00 4.06 3.31 5.07 6.43 6.88 0.00 8.15 8.40 0.00 0.00 4.06 6.80 8.68 5.75 0.00 10.04 4.67 0.00 3.97 4.18 3.65 5.26 6.14 7.25 7.39 5037084
0.00 2.88 4.34 2.98 6.57 7.50 0.00 3.70 3.44 5.06 6.45 6.86 0.00 8.19 8.38 0.00 2.94 3.63 6.79 8.70 5.70 0.00 10.18 4.62 0.00 3.91 4.21 3.68 5.19 5.98 6.58 7.32 5050174
0.00 3.06 4.34 2.93 6.44 7.48 0.00 3.81 3.38 4.98 6.45 6.87 0.00 8.06 8.39 0.00 0.00 3.80 6.87 8.77 5.73 0.00 10.17 4.68 0.00 3.98 4.20 3.93 5.41 6.02 6.90 7.99 5063264
0.00 3.02 4.37 2.70 6.75 7.50 0.00 3.70 3.41 5.28 6.42 6.88 0.00 8.16 8.39 0.00 0.00 3.60 6.67 8.68 5.77 0.00 10.22 5.02 0.00 3.99 4.25 3.69 5.17 6.03 6.49 7.66 5076354
0.00 2.90 4.36 2.72 6.20 7.46 0.00 3.64 3.78 5.01 6.41 6.87 0.00 8.17 8.40 0.00 0.00 3.83 6.43 9.19 5.70 0.00 10.16 4.65 0.00 3.98 4.23 3.72 5.33 5.99 6.54 7.46 5089444
0.00 2.96 4.34 3.03 6.18 7.47 0.00 3.86 3.29 5.07 6.47 6.78 0.00 8.19 8.39 0.00 0.00 3.67 6.36 8.47 5.67 5.76 10.21 4.99 0.00 3.95 4.24 4.06 5.26 5.94 6.52 0.00 5102534
0.00 2.98 4.40 2.95 6.21 7.60 0.00 3.85 3.35 5.08 6.54 7.11 0.00 8.04 8.40 0.00 0.00 3.58 6.69 8.85 5.65 5.79 10.23 4.46 0.00 3.92 4.22 4.46 5.18 5.95 0.00 0.00 5115624
0.00 2.94 4.40 0.00 6.15 7.50 0.00 3.84 3.50 5.16 6.43 6.82 0.00 8.04 8.40 0.00 0.00 3.80 6.78 8.88 5.66 5.90 10.23 4.41 0.00 3.90 4.25 3.97 5.21 6.02 7.20 7.52 5128714
0.00 2.93 4.37 6.22 6.15 7.60 4.07 3.81 3.35 4.94 6.68 6.88 0.00 8.06 8.39 0.00 0.00 3.59 6.53 8.68 5.69 0.00 10.39 4.44 0.00 4.04 4.26 3.82 5.46 5.93 6.50 8.00 5141804
0.00 3.41 4.37 3.04 6.17 7.53 0.00 3.74 3.46 5.01 6.54 6.78 0.00 8.16 8.38 0.00 0.00 3.56 6.58 0.00 5.68 5.74 10.40 4.44 0.00 4.20 4.26 4.37 5.36 0.00 6.50 0.00 5154894
0.00 2.98 4.44 6.10 6.18 7.53 0.00 3.80 3.21 4.95 6.57 6.79 0.00 8.08 8.39 0.00 0.00 3.58 6.52 8.79 5.77 6.03 10.24 5.20 0.00 4.22 4.31 3.96 5.15 5.94 6.49 7.41 5167984
0.00 2.95 4.50 3.58 6.19 7.59 0.00 4.41 3.48 5.14 6.50 6.84 0.00 8.27 8.39 0.00 0.00 3.57 6.52 8.66 5.69 0.00 10.34 4.70 0.00 3.98 4.36 3.96 5.38 6.06 6.48 7.41 5181074
0.00 2.99 4.34 2.93 6.35 7.60 4.03 4.25 3.46 5.15 6.48 6.86 0.00 8.08 8.40 0.00 0.00 3.63 6.70 0.00 5.68 5.85 10.41 5.06 0.00 3.91 4.24 4.04 5.33 6.07 6.58 7.51 5194164
0.00 3.05 4.34 2.99 6.33 7.60 3.75 3.89 3.44 5.08 6.43 6.83 0.00 8.11 8.39 0.00 0.00 3.73 6.84 8.83 5.66 5.73 10.43 4.87 0.00 4.59 4.25 3.74 5.28 5.93 6.61 7.41 5207254
0.00 3.04 4.34 3.00 6.42 7.60 0.00 4.01 3.26 5.00 6.47 6.84 0.00 8.14 8.39 0.00 0.00 3.59 6.85 0.00 5.69 5.73 10.47 4.82 0.00 3.93 4.27 3.74 5.19 5.95 6.47 7.34 5220344
0.00 2.98 4.33 0.00 6.33 7.61 0.00 3.80 3.26 5.02 6.44 6.86 0.00 8.20 8.39 0.00 0.00 3.55 6.71 8.87 5.69 5.74 10.04 4.94 0.00 3.78 4.25 3.73 5.23 5.95 6.52 7.36 5233434
0.00 2.96 4.36 2.96 6.20 7.60 0.00 3.85 3.24 4.93 6.45 6.86 0.00 8.10 8.38 0.00 0.00 3.63 6.70 8.63 5.70 0.00 10.25 5.23 0.00 3.86 4.26 4.01 5.47 5.89 6.59 7.45 5246524
0.00 2.96 4.34 2.95 6.23 7.51 0.00 0.00 3.27 4.93 6.47 6.82 0.00 8.14 8.41 0.00 0.00 3.61 6.40 8.65 5.68 5.83 10.42 4.70 0.00 3.92 4.27 3.86 5.18 5.92 6.49 7.37 5259614
0.00 2.93 4.33 0.00 6.27 7.47 0.00 3.73 3.30 4.92 6.46 6.82 0.00 8.24 8.40 0.00 0.00 3.63 0.00 8.77 5.72 5.79 10.43 4.25 0.00 0.00 4.32 3.94 5.18 5.92 6.48 7.22 5272704
0.00 2.94 4.33 2.97 6.27 7.46 0.00 3.81 3.28 4.89 6.45 6.87 0.00 8.18 8.38 0.00 0.00 3.53 6.53 8.47 5.67 5.75 10.23 4.85 0.00 3.86 0.00 3.99 5.42 5.97 6.55 0.00 5285794
0.00 2.94 4.32 2.96 6.27 7.48 0.00 3.73 3.34 4.90 6.70 0.00 0.00 8.12 8.39 0.00 0.00 3.95 0.00 8.67 5.67 5.75 10.53 4.70 0.00 3.94 4.45 3.85 5.33 6.04 6.60 7.44 5298884
0.00 2.95 4.33 2.97 6.40 7.48 4.02 3.95 3.38 4.91 6.59 0.00 0.00 8.11 8.38 0.00 0.00 3.93 6.45 8.48 5.67 6.02 10.58 4.25 0.00 4.01 4.28 3.86 5.21 5.96 6.55 7.35 5311974
0.00 2.94 4.32 3.10 6.36 7.48 4.07 3.80 3.53 4.93 6.47 0.00 0.00 8.12 8.38 0.00 0.00 3.62 0.00 8.76 5.68 0.00 10.68 4.93 0.00 4.05 5.00 3.82 5.23 6.03 6.52 7.33 5325064
0.00 2.94 4.33 2.98 6.39 7.48 0.00 3.82 3.50 5.02 6.46 0.00 0.00 8.18 8.40 0.00 0.00 3.50 0.00 8.70 5.66 0.00 10.68 4.23 0.00 3.81 4.34 0.00 5.32 5.94 6.54 7.77 5338154
0.00 2.95 4.33 2.93 6.61 7.47 0.00 4.22 3.85 4.95 6.47 0.00 0.00 8.18 8.39 0.00 0.00 3.52 0.00 8.98 5.68 5.81 10.55 4.81 0.00 0.00 4.27 3.84 5.29 6.11 6.57 7.34 5351244
0.00 2.95 4.34 3.02 6.93 7.47 0.00 3.89 3.25 4.96 6.50 0.00 0.00 0.00 8.39 0.00 0.00 3.50 0.00 8.65 5.68 6.15 10.66 4.83 0.00 3.93 4.27 3.94 5.28 6.45 6.56 7.36 5364334
0.00 2.95 4.32 2.95 6.92 7.47 0.00 4.56 3.20 5.08 6.51 0.00 0.00 8.21 8.39 0.00 0.00 3.51 0.00 9.16 5.69 0.00 10.51 4.82 0.00 3.94 4.28 3.89 5.37 0.00 6.57 7.31 5377424
0.00 2.97 4.35 2.98 0.00 7.46 0.00 3.91 3.21 4.91 6.51 7.10 0.00 8.19 8.39 0.00 0.00 3.55 6.74 9.17 5.69 0.00 10.48 4.84 0.00 4.50 4.26 3.79 5.32 0.00 6.63 7.30 5390514
0.00 2.97 4.32 2.95 0.00 7.47 0.00 4.19 3.20 4.88 6.49 7.59 0.00 8.18 8.38 0.00 0.00 3.56 6.54 8.55 5.67 0.00 10.29 4.88 0.00 4.56 4.28 3.74 5.28 5.97 0.00 7.34 5403604
0.00 2.99 4.32 2.96 6.37 7.47 0.00 3.76 3.29 5.09 6.50 0.00 0.00 8.10 8.39 0.00 0.00 3.51 6.76 8.43 5.69 0.00 10.67 4.94 0.00 4.56 4.27 3.84 5.31 6.02 6.52 7.56 5416694
0.00 2.99 4.34 3.02 6.94 7.49 0.00 3.88 3.26 5.07 6.50 7.16 0.00 0.00 8.40 0.00 0.00 3.55 6.94 8.69 5.69 0.00 10.48 4.94 0.00 0.00 4.28 3.74 5.31 6.05 6.57 7.52 5429784
0.00 3.00 4.34 3.23 6.36 7.51 0.00 4.26 3.29 4.92 6.48 6.97 0.00 8.25 8.39 0.00 0.00 3.53 0.00 8.71 5.70 0.00 10.49 4.01 0.00 3.93 4.29 3.88 5.21 5.93 6.52 0.00 5442874
0.00 3.00 4.32 3.02 6.36 7.51 0.00 3.84 3.28 4.92 6.48 6.97 0.00 8.67 8.50 0.00 0.00 3.78 0.00 8.66 5.70 0.00 10.51 4.12 0.00 3.93 4.29 3.88 5.37 6.02 6.53 0.00 5455964
0.00 3.01 4.33 2.97 6.35 7.50 0.00 3.82 3.29 4.93 6.49 6.97 0.00 8.97 8.41 0.00 2.95 3.58 0.00 8.63 5.70 0.00 10.49 4.95 0.00 3.93 4.28 3.87 5.38 5.93 6.53 0.00 5469054
0.00 3.01 4.32 2.95 6.36 7.51 0.00 3.81 3.28 4.96 6.48 6.97 0.00 8.81 8.46 0.00 0.00 3.77 6.79 8.61 5.71 0.00 10.61 4.93 0.00 4.62 4.28 3.89 5.35 5.95 6.51 0.00 5482144
0.00 3.01 4.32 0.00 6.36 7.50 0.00 3.80 3.28 4.93 6.48 6.98 0.00 8.81 8.44 0.00 0.00 3.45 6.78 8.46 5.70 0.00 10.64 4.93 0.00 4.55 4.28 3.94 5.39 5.94 6.51 0.00 5495234
0.00 3.01 4.33 0.00 6.36 7.51 0.00 3.79 3.29 4.94 6.48 7.04 0.00 8.82 8.41 0.00 2.94 3.78 6.66 8.56 5.70 0.00 10.68 4.93 0.00 4.50 4.29 3.95 5.74 5.94 6.50 0.00 5508324
0.00 3.01 4.33 0.00 6.36 7.49 0.00 3.81 3.28 4.93 6.49 7.05 0.00 8.83 8.39 0.00 2.94 3.78 6.51 8.53 5.70 0.00 10.70 4.93 0.00 4.50 4.30 3.94 5.71 5.94 6.52 0.00 5521414
0.00 3.02 4.33 0.00 6.36 7.47 0.00 3.81 3.28 4.93 6.49 7.04 0.00 8.81 8.40 0.00 0.00 3.71 6.33 8.60 5.70 0.00 10.69 4.92 0.00 4.52 4.29 3.97 5.71 5.95 6.51 0.00 5534504
0.00 3.02 4.32 0.00 6.37 7.46 0.00 3.81 3.28 4.93 6.48 6.99 0.00 8.81 8.40 0.00 2.92 3.75 6.33 8.80 5.71 0.00 10.68 4.91 0.00 4.46 4.30 3.97 5.48 5.95 6.52 0.00 5547594
0.00 3.01 4.33 0.00 6.36 7.47 0.00 3.91 3.28 4.94 6.48 6.99 0.00 8.82 8.41 0.00 2.87 3.79 6.61 8.77 5.71 0.00 10.67 4.91 0.00 4.54 4.29 3.96 5.77 5.96 6.50 0.00 5560684
0.00 3.02 4.33 0.00 6.36 7.46 0.00 4.54 3.29 4.95 6.49 7.00 0.00 8.81 8.40 0.00 2.94 3.60 6.36 8.41 5.70 0.00 10.69 4.79 0.00 4.49 4.31 3.97 5.76 5.96 6.51 0.00 5573774
0.00 3.02 4.33 0.00 6.37 7.47 0.00 4.54 3.29 4.95 6.49 6.98 0.00 8.81 8.40 0.00 2.93 3.64 6.64 8.56 5.71 0.00 10.68 4.93 0.00 4.62 4.30 3.94 5.76 5.96 6.51 0.00 5586864
0.00 3.02 4.33 0.00 6.36 7.46 0.00 4.39 3.28 4.95 6.49 7.00 0.00 8.79 8.46 0.00 2.96 3.67 6.54 8.86 5.71 0.00 10.69 4.97 0.00 4.59 4.29 3.92 5.78 5.99 6.51 0.00 5599954
0.00 3.01 4.33 0.00 6.36 7.46 0.00 4.14 3.29 4.95 6.49 7.00 0.00 8.81 8.40 0.00 2.95 3.69 6.42 9.01 5.70 0.00 10.69 4.96 0.00 4.60 4.30 3.94 5.78 5.96 6.50 0.00 5613044
0.00 3.02 4.32 0.00 6.37 7.46 0.00 4.13 3.27 4.95 6.49 7.00 0.00 8.81 8.40 0.00 2.96 3.67 6.46 9.26 5.70 0.00 10.68 4.97 0.00 4.66 4.30 3.92 5.77 5.96 6.52 0.00 5626134
0.00 3.02 4.33 0.00 6.37 7.45 0.00 4.13 3.29 4.95 6.49 7.02 0.00 8.82 8.41 0.00 2.97 3.76 6.54 8.70 5.70 0.00 10.67 4.99 0.00 4.64 4.30 3.92 5.50 5.94 6.52 0.00 5639224
0.00 3.02 4.32 0.00 6.38 7.46 0.00 4.30 3.28 4.95 6.49 7.01 0.00 8.81 8.40 0.00 2.96 3.74 6.56 8.67 5.70 0.00 10.67 4.98 0.00 4.64 4.29 3.91 5.77 5.94 6.51 0.00 5652314
0.00 3.01 4.32 0.00 6.38 7.46 0.00 4.13 3.29 4.95 6.50 7.01 0.00 8.80 8.40 0.00 2.96 0.00 6.69 8.64 5.71 0.00 10.68 4.98 0.00 4.62 4.30 3.92 5.78 5.94 6.51 0.00 5665404
0.00 3.02 4.32 0.00 0.00 7.46 0.00 4.13 3.28 4.95 6.49 7.00 0.00 8.80 8.40 0.00 0.00 0.00 6.67 8.41 5.69 0.00 10.68 4.99 0.00 4.61 4.29 3.92 5.78 5.96 6.52 0.00 5678494
0.00 3.02 4.32 0.00 0.00 7.46 0.00 4.53 3.29 5.12 6.49 6.99 0.00 8.80 8.40 0.00 0.00 4.16 6.63 8.70 5.70 0.00 10.68 4.99 0.00 4.60 4.30 3.91 5.79 5.95 6.51 0.00 5691584