4.03 3.20 0.00 3.69 3.75 3.59 0.00 5.36 4.22 3.80 4.81 0.00 5.09 6.22 6.84 6.70 0.00 3.77 7.18 8.86 0.00 6.74 10.06 0.00 0.00 3.08 4.64 6.03 0.00 5.54 5.20 6.04 5475004
4.02 3.07 0.00 3.69 3.76 3.58 0.00 5.36 4.19 3.80 4.81 0.00 5.08 6.22 6.83 6.72 0.00 3.77 7.52 8.87 0.00 6.74 10.05 0.00 0.00 3.07 4.62 6.26 0.00 5.51 5.20 6.06 5488094
4.02 3.07 0.00 3.67 3.76 3.59 0.00 5.36 4.17 3.79 4.80 0.00 5.09 6.23 6.85 6.70 0.00 3.78 7.19 9.28 0.00 6.75 10.04 0.00 0.00 3.08 4.63 6.27 0.00 5.51 5.19 0.00 5501184
4.03 3.07 0.00 3.68 3.75 3.57 0.00 5.38 4.19 3.79 4.81 0.00 5.08 6.23 6.85 6.70 0.00 3.77 7.18 9.28 0.00 6.75 10.05 0.00 0.00 3.08 4.62 6.28 5.75 5.50 5.19 0.00 5514274
4.02 3.07 0.00 3.67 3.76 3.58 0.00 5.38 4.10 3.81 4.81 0.00 5.10 6.23 6.85 6.70 0.00 3.78 7.22 9.55 0.00 6.73 10.08 5.10 0.00 3.08 4.63 0.00 5.25 5.52 5.20 0.00 5527364
4.00 3.08 0.00 0.00 3.76 3.57 0.00 5.39 4.06 3.79 4.80 0.00 5.08 6.25 6.85 6.70 2.04 3.77 0.00 9.55 0.00 6.73 10.07 0.00 0.00 3.07 4.63 0.00 0.00 0.00 5.20 0.00 5540454
4.01 3.06 0.00 0.00 3.77 3.58 0.00 5.38 4.05 3.81 4.79 0.00 5.09 6.25 6.85 6.69 2.03 3.76 7.35 9.55 0.00 6.74 10.09 0.00 0.00 3.08 4.61 0.00 5.75 0.00 5.22 0.00 5553544
4.01 3.06 0.00 3.73 3.78 3.58 0.00 5.41 4.06 3.79 4.80 0.00 5.09 6.26 6.85 6.70 2.05 3.76 0.00 9.56 0.00 6.73 0.00 4.98 0.00 3.08 4.64 6.19 5.94 6.08 5.23 5.57 5566633
4.00 3.06 0.00 0.00 3.79 3.59 0.00 5.69 4.06 3.80 4.78 5.53 5.22 6.21 6.84 6.70 2.04 3.76 7.16 9.57 0.00 6.74 10.44 0.00 0.00 3.07 4.64 0.00 5.95 5.33 5.19 5.44 5579724
4.01 3.06 0.00 0.00 3.77 3.59 0.00 5.35 4.12 3.77 4.96 5.52 5.17 6.23 6.81 7.04 2.05 3.78 7.17 8.86 0.00 6.73 10.60 4.53 0.00 3.09 4.64 0.00 5.41 5.51 5.18 5.42 5592814
4.33 3.06 0.00 0.00 3.84 3.56 3.82 5.34 4.13 3.78 5.00 5.52 5.04 6.27 6.84 6.70 2.03 3.78 6.89 8.83 0.00 6.71 10.77 4.56 0.00 3.08 4.63 5.30 5.97 5.51 5.17 5.39 5605904
4.25 3.06 0.00 3.15 3.78 3.57 0.00 5.41 4.17 3.78 4.93 5.49 5.25 6.23 6.82 6.72 0.00 3.75 7.01 8.83 0.00 6.74 0.00 4.54 0.00 3.09 4.63 0.00 5.26 5.36 5.80 0.00 5618993
0.00 3.05 0.00 0.00 3.84 3.59 0.00 5.57 4.08 3.78 4.94 5.50 5.11 6.24 6.90 7.29 0.00 3.76 6.99 8.82 0.00 6.73 10.72 4.59 0.00 3.36 4.63 5.31 5.37 5.35 5.20 5.44 5632084
3.99 3.06 0.00 0.00 4.04 3.58 0.00 5.34 3.95 3.79 4.93 0.00 5.06 6.26 6.84 0.00 2.01 3.95 7.18 8.83 0.00 6.73 10.55 4.57 0.00 3.31 4.63 6.01 5.32 5.45 5.28 5.43 5645174
4.01 3.07 0.00 0.00 3.84 3.62 0.00 5.35 4.05 3.80 4.89 5.53 5.09 6.27 6.82 0.00 2.02 3.75 7.13 8.84 0.00 6.74 10.73 4.57 0.00 3.28 4.65 6.02 5.32 5.41 5.20 5.48 5658264
0.00 3.07 0.00 0.00 3.84 3.60 0.00 5.36 4.04 3.81 4.84 5.52 5.08 6.66 6.83 0.00 2.02 3.92 6.88 8.86 0.00 6.73 10.76 4.59 0.00 3.24 4.64 5.48 5.28 5.35 5.56 0.00 5671354
0.00 3.05 0.00 0.00 3.79 3.62 0.00 5.32 4.05 3.78 5.07 5.52 5.09 6.37 6.81 7.32 2.01 3.79 6.88 9.54 0.00 6.75 10.82 4.57 0.00 3.12 4.65 0.00 5.36 5.44 0.00 6.05 5684444
3.97 3.08 0.00 0.00 3.79 3.56 0.00 5.69 4.02 3.78 0.00 5.50 5.09 0.00 6.82 0.00 2.02 3.89 6.87 8.85 0.00 6.75 10.76 0.00 0.00 3.23 4.64 0.00 5.35 5.44 5.18 5.85 5697534
4.00 3.20 0.00 0.00 3.81 3.58 0.00 5.34 4.00 3.77 0.00 5.49 5.19 6.29 6.82 0.00 0.00 3.74 6.89 8.85 0.00 6.75 10.80 4.56 0.00 3.13 4.61 5.53 5.29 5.29 5.20 0.00 5710624
3.96 3.09 0.00 0.00 3.79 3.58 0.00 5.32 3.94 3.77 0.00 6.25 5.04 6.29 6.86 0.00 0.00 3.75 6.90 8.84 0.00 6.75 10.77 4.58 0.00 3.20 4.64 5.48 5.29 5.25 5.22 0.00 5723714
4.09 3.07 0.00 0.00 3.83 3.59 0.00 5.31 3.93 3.79 4.77 5.51 5.04 6.84 6.79 6.81 0.00 4.23 6.94 8.85 0.00 6.77 10.78 0.00 0.00 3.10 4.64 5.42 5.26 5.30 5.24 5.40 5736804
3.96 3.14 0.00 0.00 3.76 3.55 0.00 5.35 3.98 3.79 4.87 5.52 5.01 6.26 6.79 6.65 0.00 4.12 6.84 8.93 0.00 6.75 10.81 0.00 0.00 3.06 4.64 5.44 5.26 5.40 5.23 5.86 5749894
4.04 3.05 0.00 0.00 3.80 3.57 0.00 5.32 3.91 3.77 4.95 5.62 5.18 6.25 6.90 6.61 2.02 3.80 6.69 8.82 0.00 6.76 10.80 4.58 0.00 3.39 4.63 5.44 5.23 5.28 5.15 5.41 5762984
4.14 3.05 0.00 0.00 4.49 3.58 0.00 5.31 4.14 3.76 4.93 5.55 5.04 6.28 6.85 6.64 0.00 3.77 6.75 9.08 0.00 6.79 10.67 4.13 0.00 0.00 4.63 5.35 5.41 5.28 5.20 5.46 5776074
3.98 3.51 5.11 0.00 3.78 3.63 3.57 5.33 3.98 3.74 5.06 5.56 4.96 6.19 6.96 6.69 2.08 3.78 7.39 8.83 0.00 6.74 10.67 4.17 0.00 3.15 4.64 5.33 5.33 5.51 5.24 5.60 5789164
4.02 3.06 0.00 0.00 3.79 3.59 0.00 5.28 4.00 3.74 5.11 5.53 5.26 6.22 6.84 6.62 2.82 3.75 6.78 9.53 0.00 6.73 10.74 0.00 0.00 3.14 4.59 5.47 5.10 5.24 5.16 5.33 5802254
4.00 3.06 0.00 0.00 3.78 3.54 3.60 5.28 4.02 3.78 4.86 5.55 5.29 6.36 6.94 7.04 0.00 3.75 6.89 9.55 0.00 6.74 10.66 0.00 0.00 3.30 4.62 0.00 5.17 5.26 5.19 5.44 5815344
4.12 3.04 5.21 0.00 3.80 3.60 0.00 5.42 4.12 3.75 4.90 5.54 5.65 6.26 6.85 6.64 2.54 3.82 6.94 8.84 0.00 6.74 10.62 4.00 0.00 3.11 4.61 0.00 5.23 5.57 5.17 6.16 5828434
4.18 3.08 0.00 0.00 4.42 3.59 3.49 5.33 3.94 3.78 4.86 5.55 5.13 6.32 0.00 6.78 2.22 3.81 6.68 9.58 0.00 0.00 10.70 4.78 0.00 3.06 4.62 5.27 5.26 5.21 5.26 5.43 5841524
4.23 3.02 0.00 0.00 3.72 3.64 0.00 5.30 4.08 3.82 5.03 5.50 5.20 6.21 6.87 6.61 2.09 3.95 6.75 8.83 0.00 6.75 10.79 0.00 0.00 3.33 4.61 0.00 5.21 5.16 5.32 5.60 5854614
4.00 2.99 0.00 0.00 3.82 3.54 3.61 5.37 3.82 3.72 5.05 5.49 5.06 6.37 6.80 6.63 0.00 3.75 7.05 8.77 0.00 6.77 0.00 5.73 0.00 3.07 4.59 5.55 5.12 5.18 5.18 0.00 5867703
4.10 2.93 0.00 0.00 3.75 3.61 3.62 5.36 3.74 3.69 4.91 5.55 4.96 6.34 6.82 6.71 2.57 3.70 7.47 9.04 0.00 0.00 10.98 5.67 0.00 3.11 5.12 0.00 5.22 5.26 5.26 0.00 5880794
3.98 2.98 0.00 0.00 3.97 3.71 0.00 5.40 3.76 3.73 4.92 5.51 4.99 6.19 6.80 6.61 2.71 3.54 7.46 8.87 0.00 6.74 10.48 0.00 0.00 3.13 4.59 0.00 5.23 5.16 0.00 5.36 5893884
4.00 0.00 4.63 3.32 3.76 3.54 3.59 5.46 3.89 3.68 4.84 5.62 5.18 6.46 7.06 6.59 2.08 3.51 7.00 0.00 0.00 6.78 10.78 0.00 0.00 3.05 5.10 5.54 5.24 5.20 5.18 5.56 5906974
3.97 3.07 0.00 0.00 3.76 3.64 0.00 5.35 3.79 3.87 4.81 5.55 5.12 6.26 6.96 6.64 2.12 3.41 0.00 8.84 0.00 6.73 10.42 0.00 0.00 3.09 4.53 0.00 5.11 5.27 5.29 5.33 5920064
4.06 0.00 0.00 0.00 3.77 3.65 3.76 5.26 3.92 3.69 4.88 5.58 5.15 6.27 6.90 6.77 0.00 3.42 7.12 8.82 0.00 0.00 10.66 4.38 0.00 3.25 4.91 0.00 5.21 5.21 5.17 5.43 5933154
4.00 3.07 0.00 0.00 3.73 3.58 3.32 5.52 3.92 3.77 5.14 5.53 5.41 6.30 6.86 6.65 0.00 3.44 7.33 8.85 0.00 0.00 10.30 4.77 0.00 3.31 4.65 0.00 5.04 5.28 5.23 5.46 5946244
3.99 3.05 0.00 3.66 3.74 3.55 3.77 5.33 3.59 3.72 4.91 5.65 5.21 6.21 6.86 6.58 0.00 3.44 6.67 8.85 0.00 0.00 10.36 3.94 0.00 0.00 4.67 0.00 4.94 5.20 5.22 0.00 5959334
3.97 3.13 0.00 0.00 3.89 3.57 0.00 5.30 3.92 3.72 4.93 5.76 4.96 6.21 6.84 6.61 0.00 3.44 6.62 8.84 0.00 0.00 10.20 3.94 0.00 3.09 4.54 5.70 4.88 5.20 5.23 5.47 5972424
4.08 3.04 0.00 0.00 3.78 3.56 0.00 5.40 4.02 3.70 4.82 5.55 5.04 6.27 6.98 6.62 0.00 3.68 6.24 8.83 0.00 6.79 10.38 4.38 0.00 0.00 4.55 5.73 5.17 5.17 5.26 5.35 5985514
4.01 3.12 5.30 0.00 3.84 3.58 0.00 5.34 3.71 3.68 4.99 5.53 5.04 6.24 6.85 6.60 0.00 3.64 0.00 8.83 0.00 6.76 10.17 4.40 0.00 3.87 4.56 5.80 5.13 5.18 5.21 5.44 5998604
4.01 3.12 0.00 0.00 3.77 3.58 0.00 5.28 3.76 3.68 5.11 5.61 5.18 6.25 6.87 6.70 0.00 3.76 6.53 8.83 0.00 6.78 10.41 5.06 0.00 3.27 4.53 5.77 5.01 5.25 0.00 5.60 6011694
4.11 3.06 0.00 0.00 3.85 3.58 3.76 5.65 3.89 3.71 4.79 5.64 0.00 6.22 6.84 6.66 0.00 3.74 6.32 8.83 0.00 6.77 10.31 4.31 0.00 0.00 4.56 5.75 4.98 5.32 5.29 5.54 6024784
4.05 3.11 0.00 0.00 3.92 3.55 0.00 5.29 3.91 3.71 4.97 5.62 0.00 6.27 6.85 6.68 0.00 3.91 6.50 8.86 0.00 0.00 10.94 4.46 0.00 3.21 4.58 5.94 4.94 5.28 5.36 6.04 6037874
4.00 3.04 0.00 0.00 3.81 3.53 0.00 5.54 3.88 3.87 4.92 5.62 5.17 6.28 6.86 6.66 0.00 3.75 6.71 8.82 0.00 6.78 10.39 4.65 0.00 3.26 4.56 5.73 4.94 5.32 5.27 5.46 6050964
4.00 3.06 0.00 0.00 4.20 3.55 3.75 5.53 3.81 3.72 4.85 5.58 5.13 6.23 6.84 6.60 0.00 3.69 7.12 8.84 0.00 6.75 10.10 4.80 0.00 0.00 4.57 5.70 4.91 5.22 5.19 5.38 6064054
4.01 3.07 0.00 0.00 3.87 3.57 0.00 5.42 3.84 3.70 5.33 5.60 6.17 6.31 0.00 6.65 0.00 3.64 6.68 8.83 0.00 6.81 10.03 4.96 0.00 0.00 4.55 6.26 4.92 5.33 5.18 5.54 6077144
4.00 3.04 0.00 0.00 3.82 3.54 0.00 5.38 3.98 3.71 4.98 5.61 5.27 6.22 6.85 6.64 0.00 4.04 0.00 8.83 0.00 0.00 10.25 5.04 0.00 3.29 4.58 5.63 4.99 5.28 5.47 5.41 6090234
4.09 3.05 0.00 0.00 3.88 3.59 0.00 5.64 3.90 3.78 4.93 5.60 5.94 6.20 6.85 6.64 0.00 4.09 0.00 8.83 0.00 0.00 10.34 5.33 0.00 3.27 4.55 5.93 5.11 5.22 5.28 5.42 6103324
4.71 3.07 0.00 0.00 3.88 3.53 3.60 5.33 3.71 3.70 5.02 5.59 5.25 6.31 6.83 6.60 0.00 3.68 0.00 8.83 0.00 6.78 10.58 5.32 0.00 3.20 4.58 5.93 5.08 5.31 0.00 6.12 6116414
4.11 3.04 0.00 0.00 3.90 3.56 0.00 5.32 3.77 3.73 4.93 5.61 5.11 6.30 6.85 6.61 0.00 3.67 7.06 8.83 0.00 0.00 10.46 5.50 0.00 3.21 4.59 0.00 5.07 5.42 5.25 0.00 6129504
4.09 3.02 0.00 0.00 3.90 3.56 3.76 5.46 3.69 3.73 4.96 5.61 5.31 6.32 6.83 6.62 0.00 3.69 7.33 8.84 0.00 6.80 10.40 5.32 0.00 3.19 4.56 0.00 5.13 0.00 5.28 6.09 6142594
4.20 3.03 0.00 0.00 3.90 3.55 0.00 5.51 3.78 3.70 4.87 5.57 5.32 6.30 6.88 6.63 0.00 3.70 7.10 8.82 0.00 0.00 10.31 3.98 0.00 3.21 4.57 5.63 4.99 5.23 5.25 5.46 6155684
4.02 3.04 0.00 0.00 3.92 3.57 0.00 5.50 3.76 3.73 4.91 5.59 5.16 6.29 6.83 6.62 0.00 3.61 0.00 8.83 0.00 6.75 10.03 5.16 0.00 3.25 4.56 5.63 5.26 5.20 5.28 5.59 6168774
4.10 3.08 0.00 0.00 4.06 3.61 0.00 5.51 3.82 3.67 4.92 5.56 5.22 6.30 6.85 6.61 0.00 3.80 0.00 8.82 0.00 6.75 9.77 5.32 0.00 3.22 4.57 5.81 5.06 5.25 5.25 5.53 6181863
4.10 3.06 0.00 3.32 3.75 3.53 0.00 5.48 3.85 3.71 4.94 5.56 5.37 6.19 6.85 6.61 0.00 3.77 0.00 8.85 0.00 6.74 0.00 4.31 0.00 3.20 4.57 5.64 4.99 0.00 5.22 5.46 6194953
4.25 3.07 0.00 0.00 3.94 3.59 0.00 5.42 3.96 3.69 4.95 5.57 5.08 6.20 6.82 6.73 2.75 3.83 0.00 0.00 0.00 6.74 10.17 4.86 0.00 3.21 4.56 5.64 4.94 5.27 5.25 5.52 6208044
4.63 3.02 0.00 2.98 3.74 3.65 3.95 5.25 3.61 3.71 4.90 0.00 5.09 6.29 6.84 6.75 2.00 3.73 6.82 9.58 0.00 6.74 10.10 4.04 0.00 3.23 4.57 5.64 5.06 5.21 5.20 5.42 6221134
4.33 3.03 0.00 0.00 3.73 3.56 0.00 5.36 3.75 3.68 4.95 5.73 5.20 6.18 6.83 6.62 2.77 3.95 7.09 9.60 0.00 6.73 10.33 4.51 0.00 3.24 4.53 6.03 5.11 5.54 5.42 5.42 6234224
0.00 3.02 0.00 0.00 3.73 3.55 0.00 5.39 3.90 3.71 5.04 5.58 5.44 6.68 6.84 6.62 2.71 3.93 7.09 0.00 0.00 0.00 10.44 4.16 0.00 3.15 4.49 5.91 4.95 5.28 5.29 5.52 6247314
4.06 2.89 0.00 0.00 3.72 3.54 0.00 5.62 3.86 3.81 4.96 5.63 5.16 6.20 7.01 6.77 0.00 3.74 7.12 0.00 0.00 6.83 10.06 4.16 0.00 3.32 4.51 5.34 4.82 5.25 5.31 5.59 6260404
4.03 3.03 0.00 0.00 3.79 3.56 0.00 5.28 3.75 3.73 4.89 5.73 5.35 6.28 6.85 6.74 2.55 3.91 0.00 0.00 0.00 6.70 10.22 5.14 0.00 3.51 4.68 5.28 4.78 5.36 5.19 0.00 6273494
4.21 3.29 0.00 0.00 3.96 3.54 0.00 5.38 3.64 3.71 4.90 5.59 5.34 6.26 6.85 6.65 2.62 3.59 7.05 0.00 0.00 6.64 10.10 0.00 0.00 3.06 4.73 0.00 5.28 5.23 5.23 5.66 6286584
4.03 3.01 0.00 2.96 3.80 3.62 0.00 5.28 3.78 3.70 5.01 5.52 5.14 6.21 7.27 6.70 2.24 3.60 6.74 8.90 0.00 6.79 10.18 4.91 0.00 3.10 4.37 0.00 4.84 5.22 5.28 6.14 6299674
4.05 2.98 0.00 3.82 4.01 3.61 3.38 5.36 3.55 3.80 4.84 5.59 5.23 6.21 6.87 6.69 2.52 3.55 6.99 9.60 0.00 6.75 10.50 4.39 0.00 3.12 4.60 0.00 4.84 5.42 5.24 6.01 6312764
4.10 3.02 0.00 3.21 3.76 3.55 3.88 5.49 3.52 3.90 4.95 5.66 5.21 6.23 7.18 6.94 2.33 3.33 7.07 8.97 5.82 6.57 10.52 4.80 0.00 3.15 4.34 0.00 4.83 5.27 5.17 5.42 6325854
4.07 3.21 0.00 3.37 3.83 3.56 0.00 5.29 3.54 3.71 4.75 5.55 5.40 6.23 6.90 6.62 2.34 3.44 7.05 8.90 0.00 6.55 10.51 5.20 0.00 3.39 4.13 5.24 4.91 5.16 5.29 0.00 6338944
4.12 3.12 0.00 2.64 3.87 3.52 3.46 5.35 3.53 3.84 4.91 5.57 5.76 6.32 6.98 6.64 0.00 3.53 0.00 8.87 0.00 0.00 10.26 4.47 0.00 3.41 4.14 4.67 4.70 5.03 5.24 5.82 6352034
4.11 2.95 5.21 3.13 3.80 3.66 3.36 5.65 3.55 3.84 4.81 5.66 5.19 6.24 6.90 6.66 2.69 3.73 6.85 9.63 0.00 0.00 10.63 4.07 0.00 3.13 4.12 4.77 4.38 4.97 5.30 5.47 6365124
4.08 3.00 0.00 3.40 4.23 3.61 3.67 5.40 3.47 3.88 4.92 5.63 5.22 6.28 6.96 6.73 2.74 3.31 6.97 8.77 6.47 6.53 8.93 4.86 0.00 3.43 4.10 4.49 4.56 5.10 5.27 6.08 6378213
4.08 3.08 0.00 0.00 4.04 3.63 0.00 5.44 3.47 3.80 0.00 5.64 5.20 6.26 6.92 6.81 2.18 3.25 6.90 8.90 6.09 6.56 10.55 4.45 0.00 3.26 4.17 4.60 4.65 5.00 5.28 5.81 6391304
4.13 3.33 5.14 3.00 3.85 3.62 3.49 5.42 3.41 3.82 4.91 5.59 5.09 6.26 6.99 6.65 2.18 3.36 6.41 8.86 6.49 6.10 10.71 4.42 0.00 3.55 4.13 5.18 4.53 5.19 5.37 5.42 6404394
4.05 2.97 0.00 2.93 3.87 3.60 3.30 5.67 3.33 3.79 4.95 6.04 5.14 6.28 6.95 6.82 2.44 3.82 6.93 8.83 4.78 6.42 10.50 5.40 0.00 3.43 4.18 4.62 4.41 5.06 5.31 5.72 6417484
4.08 3.09 0.00 2.92 3.93 3.95 3.30 5.77 3.36 3.61 4.77 5.71 5.22 6.28 0.00 6.98 0.00 3.55 6.79 8.94 6.19 5.98 9.83 4.87 0.00 3.60 4.24 4.26 4.34 4.95 6.04 5.66 6430573
4.23 3.66 0.00 2.73 4.09 3.63 3.68 5.43 3.45 3.86 4.95 5.73 4.98 6.33 7.13 6.76 0.00 3.61 6.81 8.91 5.74 5.99 0.00 4.73 0.00 3.37 4.20 4.04 4.25 4.94 5.32 5.58 6443663
4.08 2.96 4.66 2.72 3.83 3.68 3.55 5.54 3.48 3.84 4.84 5.76 5.20 6.34 7.04 6.83 0.00 3.64 6.33 8.87 5.37 0.00 10.25 4.99 0.00 3.40 4.24 4.01 4.30 4.98 5.31 0.00 6456754
4.23 3.07 5.27 2.86 3.83 3.74 4.04 5.45 3.45 3.92 5.01 5.81 4.92 6.41 7.24 6.77 0.00 3.47 4.49 9.09 5.85 0.00 10.05 4.94 0.00 3.41 4.23 4.19 4.33 4.93 5.39 5.92 6469844
4.07 3.01 5.02 2.78 3.94 3.68 3.34 5.66 3.34 3.84 4.94 5.73 5.18 6.27 7.03 6.79 0.00 3.49 6.66 8.87 5.63 6.51 10.52 4.89 0.00 3.39 4.27 4.00 4.30 4.92 5.32 5.64 6482934
4.10 3.05 0.00 2.87 3.78 3.62 3.54 4.81 3.40 3.91 4.89 6.06 5.25 6.36 7.15 6.82 2.56 3.54 6.99 8.86 5.71 5.96 10.13 4.16 0.00 3.49 4.22 3.70 4.41 4.91 5.39 5.69 6496024
4.10 2.89 5.05 2.62 3.85 3.63 0.00 5.87 3.42 4.01 4.82 6.00 4.96 6.47 7.06 6.74 2.19 3.47 7.37 9.57 5.78 5.57 10.58 4.64 0.00 4.10 4.32 3.79 4.29 4.97 5.38 0.00 6509114
4.22 2.99 5.05 3.32 3.87 3.62 3.60 5.53 3.22 3.89 4.86 5.74 5.16 6.40 7.13 6.86 2.15 3.61 6.72 8.96 6.34 0.00 0.00 0.00 0.00 3.71 4.24 3.60 4.32 4.92 5.40 5.87 6522203
4.41 3.08 5.14 3.04 3.88 3.62 3.35 5.48 3.19 3.87 5.03 5.91 4.93 6.44 7.21 0.00 0.00 3.77 5.53 9.37 5.58 5.80 10.52 5.14 0.00 3.46 4.24 3.71 4.23 4.90 5.27 0.00 6535294
4.27 3.06 4.98 3.24 3.96 3.59 3.55 5.41 3.32 3.87 5.11 5.79 5.14 6.46 7.11 6.83 2.51 3.53 6.84 8.82 6.40 5.73 2.36 0.00 0.00 3.49 4.27 3.56 4.24 4.93 5.36 5.77 6548383
4.16 3.03 5.11 2.86 3.84 3.64 3.62 5.72 3.22 4.01 4.82 6.48 4.84 6.59 7.21 6.85 2.02 3.51 0.00 8.95 5.84 5.48 9.55 4.83 0.00 3.55 4.30 3.67 4.24 4.97 5.29 6.23 6561473
4.15 3.04 5.15 3.03 3.91 3.64 3.42 5.46 3.27 3.35 4.84 5.90 4.99 6.39 7.13 7.30 2.74 3.52 6.94 9.12 5.56 0.00 10.53 5.43 0.00 3.47 4.39 0.00 4.43 5.00 5.43 5.87 6574564
0.00 3.13 4.92 3.37 3.87 3.77 3.52 5.41 3.14 3.81 5.05 0.00 4.82 6.41 7.12 6.88 2.07 3.67 7.47 0.00 5.96 6.40 0.00 0.00 0.00 3.42 4.38 3.53 4.30 4.91 5.36 5.83 6587653
4.23 3.19 4.82 3.62 3.81 3.64 3.74 5.58 3.25 3.94 4.96 5.98 5.01 6.43 0.00 7.14 2.15 3.65 6.56 0.00 5.62 5.60 0.00 0.00 0.00 3.42 4.35 3.52 4.23 4.94 6.11 6.45 6600743
4.19 3.10 5.50 3.80 4.13 3.71 3.60 5.59 3.20 3.83 4.94 5.94 4.75 6.40 7.20 7.04 2.67 3.69 6.64 0.00 5.53 0.00 10.62 0.00 0.00 3.43 4.33 3.62 4.31 4.95 5.25 6.29 6613834
4.07 2.90 4.87 2.83 3.89 3.69 3.33 5.92 3.26 3.90 4.88 5.85 4.99 6.44 7.42 6.95 2.25 3.52 7.06 9.46 5.52 0.00 10.66 5.09 0.00 3.36 4.42 3.55 4.37 4.91 5.28 6.09 6626924
4.07 2.92 5.36 2.97 3.84 3.70 3.75 5.47 3.21 3.85 4.90 5.80 4.85 6.45 0.00 6.93 2.52 3.50 6.40 0.00 5.49 6.12 0.00 4.60 0.00 3.35 4.42 4.34 0.00 4.85 5.26 5.86 6640013
4.18 3.07 4.85 3.28 3.95 3.79 3.51 5.48 3.11 3.88 4.89 5.77 5.08 6.43 7.30 6.90 0.00 3.51 6.68 9.17 5.50 5.94 0.00 4.58 0.00 3.36 4.44 3.53 4.22 4.90 5.24 6.02 6653103
4.10 3.05 0.00 3.03 3.85 3.70 3.44 5.58 3.21 3.90 4.94 5.86 4.90 6.48 7.16 6.92 2.80 3.46 6.59 8.87 5.46 5.38 10.33 0.00 0.00 3.36 4.38 0.00 4.25 4.87 5.34 6.01 6666194
4.06 2.85 5.00 0.00 3.94 3.63 3.75 5.50 3.12 3.87 4.99 0.00 4.88 6.40 0.00 6.89 0.00 3.57 7.07 0.00 5.57 0.00 10.45 0.00 0.00 3.39 4.39 3.83 4.27 4.92 5.30 6.00 6679284
4.06 2.98 0.00 0.00 3.88 3.66 3.97 6.05 3.34 3.85 4.97 0.00 4.80 6.42 7.20 6.89 0.00 3.52 6.82 0.00 5.47 5.72 0.00 4.59 0.00 3.45 4.82 3.73 4.34 4.93 5.24 6.07 6692373
4.12 3.05 5.16 3.28 3.86 3.61 3.55 5.46 3.15 3.92 5.03 0.00 4.95 6.43 0.00 6.92 2.55 3.95 6.86 9.41 5.77 5.35 0.00 4.71 0.00 3.44 4.45 3.88 4.28 4.91 5.28 5.91 6705463
4.13 3.04 4.91 2.84 3.86 3.66 3.53 5.53 3.29 3.89 5.01 6.23 4.91 6.45 7.16 6.93 2.62 3.46 0.00 8.82 5.60 5.36 10.63 0.00 0.00 3.43 4.39 3.82 4.23 4.88 5.34 5.95 6718554
4.66 3.02 4.95 0.00 3.87 3.64 4.16 5.44 2.46 3.88 4.98 5.86 0.00 6.44 7.15 6.93 0.00 3.46 6.86 0.00 5.50 5.45 10.93 0.00 0.00 3.44 4.42 3.54 4.25 4.88 5.40 6.09 6731644
4.06 3.06 4.97 0.00 4.03 3.63 3.31 5.51 3.12 3.84 4.84 6.36 5.00 6.65 7.12 6.92 2.80 3.56 6.61 9.28 5.59 5.24 10.89 0.00 0.00 3.45 4.42 3.61 4.44 4.97 5.31 6.02 6744734
4.08 3.03 0.00 3.31 4.49 3.64 0.00 5.51 3.10 3.92 5.09 5.81 5.21 6.41 7.25 6.79 0.00 3.46 6.94 0.00 5.63 5.31 10.63 0.00 0.00 3.50 4.48 3.57 4.28 5.64 5.26 5.89 6757824
4.08 3.08 0.00 3.36 3.85 3.70 3.63 5.72 3.10 3.84 4.81 6.55 5.06 6.58 0.00 6.88 0.00 3.44 6.94 0.00 5.76 5.84 10.61 0.00 0.00 3.49 4.46 3.51 4.30 4.97 5.33 6.56 6770914
0.00 3.05 5.15 3.14 3.86 3.68 3.61 5.48 3.12 3.90 4.84 0.00 4.82 6.46 7.31 6.94 2.50 3.49 6.72 0.00 5.67 5.28 0.00 0.00 0.00 3.49 4.49 3.51 4.32 4.94 5.32 5.96 6784003
4.26 3.07 0.00 3.36 3.92 3.62 0.00 5.45 3.29 3.84 4.81 0.00 5.16 6.51 0.00 6.84 2.47 3.67 0.00 0.00 5.74 5.20 10.95 0.00 0.00 3.50 4.45 3.68 4.25 4.89 5.29 0.00 6797094
4.40 3.05 0.00 3.05 4.15 3.68 3.57 5.43 3.26 3.92 4.96 5.79 5.23 6.61 7.37 6.86 0.00 3.64 6.71 0.00 5.42 5.35 0.00 0.00 0.00 3.48 4.47 4.27 4.30 4.96 5.38 0.00 6810183
4.08 3.08 0.00 3.03 3.90 3.81 4.00 5.65 3.16 3.85 4.80 5.79 4.95 6.54 7.17 6.90 2.62 3.48 6.54 9.14 5.54 5.17 9.89 0.00 0.00 3.51 4.49 3.95 4.43 4.89 5.35 6.01 6823273
4.03 2.97 0.00 2.96 3.89 3.62 3.72 5.58 3.16 3.89 4.83 5.80 5.10 6.45 7.26 0.00 2.67 3.92 6.99 0.00 5.79 5.87 0.00 0.00 0.00 3.49 4.56 3.60 4.26 5.00 5.35 5.75 6836363
4.08 3.04 0.00 3.88 3.91 3.67 3.66 5.58 3.13 3.87 4.98 5.99 4.85 6.67 7.43 7.43 0.00 4.01 6.82 9.15 5.48 5.37 10.36 0.00 0.00 3.50 4.55 3.68 4.40 4.89 5.30 6.00 6849454
4.12 3.02 0.00 3.33 3.87 3.63 3.73 5.55 3.14 4.08 4.86 5.92 5.53 6.51 7.13 0.00 2.03 3.99 6.74 9.34 5.42 0.00 10.61 5.80 0.00 3.39 4.64 0.00 4.27 4.99 6.06 5.82 6862544
4.13 3.06 0.00 3.05 4.11 3.62 3.89 5.81 3.20 3.88 4.92 5.91 4.80 6.63 7.26 6.87 2.57 3.48 7.08 9.63 5.51 5.40 0.00 0.00 0.00 3.40 4.51 3.97 4.29 4.93 5.28 5.87 6875633
4.07 3.05 0.00 0.00 3.93 3.80 3.77 5.47 3.14 3.97 4.91 5.83 4.79 6.50 7.15 6.88 0.00 3.63 7.24 0.00 5.45 5.65 10.25 5.42 0.00 3.50 4.57 0.00 4.37 4.92 5.28 6.01 6888724
4.16 3.06 0.00 0.00 3.87 3.63 3.77 5.77 3.15 3.97 4.72 5.88 4.81 6.65 7.32 6.86 2.69 3.81 6.06 9.08 5.56 0.00 10.45 0.00 0.00 3.49 4.52 3.58 4.39 4.93 5.31 6.09 6901814
4.53 3.06 0.00 0.00 3.97 3.61 0.00 5.53 3.19 3.99 4.92 6.46 4.72 6.50 7.20 6.83 2.00 3.70 0.00 0.00 5.30 0.00 10.16 0.00 0.00 3.47 4.56 3.75 4.43 4.89 5.39 5.98 6914904
4.45 3.05 0.00 2.82 4.05 3.67 3.74 5.55 3.13 4.04 5.07 5.83 4.78 6.55 7.33 6.81 2.68 3.43 6.92 9.69 5.74 5.32 10.83 4.50 0.00 3.54 4.62 3.69 4.35 4.93 5.40 6.66 6927994
4.08 3.08 0.00 0.00 3.91 3.72 3.85 5.58 3.26 3.93 5.31 5.90 5.60 6.51 7.19 6.99 2.11 3.48 6.61 0.00 5.24 5.50 10.47 4.50 0.00 3.47 4.51 3.85 4.32 4.91 5.27 6.10 6941084
4.12 3.00 0.00 3.01 3.93 3.69 0.00 5.54 3.09 3.92 4.82 5.89 4.77 6.68 7.26 7.65 2.38 3.38 6.61 8.96 5.34 5.27 10.97 5.51 0.00 3.52 4.56 3.51 4.37 4.90 5.29 6.03 6954174
4.27 3.17 5.11 3.07 3.94 3.67 3.60 5.54 3.23 3.92 4.87 5.85 5.35 6.54 7.23 6.89 0.00 3.49 6.68 9.00 5.51 5.74 9.93 0.00 0.00 3.52 4.55 4.10 4.30 4.96 5.43 6.00 6967263
4.23 2.92 5.12 3.38 3.96 3.71 3.38 5.57 3.14 3.97 4.86 6.01 5.02 6.59 7.32 7.12 2.74 3.46 6.57 9.01 5.39 5.21 9.85 4.74 0.00 3.38 4.67 3.58 4.35 5.03 5.34 5.92 6980353
4.12 3.08 4.97 2.70 4.02 3.71 3.71 5.93 3.17 3.93 4.95 6.08 5.02 6.68 7.29 6.86 0.00 3.31 7.00 9.10 5.08 5.63 10.03 4.64 0.00 3.40 4.59 3.95 4.41 4.97 5.32 6.05 6993444
4.25 3.11 5.34 3.90 3.96 3.66 3.30 5.54 3.14 3.90 5.03 5.90 5.28 6.58 7.29 6.93 2.00 3.39 6.54 8.92 5.14 0.00 10.69 4.46 0.00 3.48 4.69 3.69 4.37 4.96 6.13 6.29 7006534
4.08 2.90 4.46 3.32 4.03 3.66 3.57 5.84 3.03 3.95 5.01 5.94 5.29 6.53 7.29 6.87 2.30 3.44 6.58 8.90 4.81 0.00 10.64 4.56 0.00 3.49 4.63 3.66 4.50 5.06 5.39 6.12 7019624
4.16 3.07 4.30 2.90 4.10 3.55 3.70 5.62 3.11 3.96 4.96 6.02 4.88 2.87 7.33 7.09 2.12 3.37 6.17 8.92 5.01 5.09 10.06 4.46 0.00 3.60 4.77 3.65 4.41 5.04 5.33 6.79 7032714
4.16 3.03 4.57 2.80 4.01 3.69 3.34 5.78 3.16 3.91 5.19 6.59 4.87 6.71 7.37 7.20 2.77 3.64 6.90 9.53 4.01 5.02 10.52 4.92 0.00 3.74 4.74 4.06 4.40 5.04 5.60 6.29 7045804
4.17 2.97 4.67 2.71 4.02 2.96 3.56 5.63 3.08 3.78 4.58 5.96 5.12 6.89 0.00 7.18 2.09 3.50 6.11 9.38 4.75 5.57 3.73 0.00 0.00 0.00 4.72 3.84 4.46 5.14 5.53 6.20 7058893
4.14 2.94 4.92 2.85 4.08 3.64 3.41 6.12 3.05 3.64 4.62 5.95 5.11 6.76 7.45 7.15 0.00 3.57 6.25 0.00 4.80 5.06 9.82 4.36 0.00 3.79 4.66 3.77 4.44 5.52 5.40 6.04 7071983
4.14 3.00 0.00 2.72 4.21 3.56 3.29 5.75 3.19 3.30 5.06 6.38 5.35 6.27 7.39 7.09 2.55 3.42 6.28 9.03 4.43 5.06 10.24 4.17 0.00 3.73 4.66 3.60 4.47 5.02 5.56 6.66 7085074
4.15 2.90 4.75 2.84 4.06 3.58 3.37 5.96 2.63 2.43 5.26 5.99 5.07 4.75 7.43 7.27 0.00 3.43 6.71 9.11 4.48 5.12 10.45 4.66 0.00 3.69 4.61 4.04 4.56 5.12 5.04 0.00 7098164
4.11 3.00 4.87 2.78 4.03 3.79 3.45 5.95 3.01 3.69 5.15 6.01 5.10 6.85 7.48 7.09 2.52 3.50 6.31 8.86 4.70 5.39 6.89 4.33 0.00 3.80 4.64 3.81 4.45 5.02 5.74 6.23 7111253
4.34 3.09 4.93 2.79 4.00 3.73 3.31 5.01 2.95 3.77 5.17 6.08 5.41 6.79 7.59 7.11 2.50 3.93 5.42 9.14 4.56 5.27 10.64 5.14 0.00 3.74 4.64 0.00 4.64 5.08 5.72 6.20 7124344
4.50 3.05 5.01 3.04 4.14 3.74 3.58 5.64 2.52 4.10 5.15 6.27 5.32 6.82 7.64 7.03 2.04 3.47 6.34 8.86 4.67 0.00 10.62 4.35 0.00 3.80 4.63 3.65 4.49 5.09 6.14 0.00 7137434
4.18 3.13 5.28 3.40 4.13 3.71 3.23 6.21 3.08 4.09 5.31 5.94 5.21 7.09 7.50 7.17 2.07 3.35 6.23 8.93 4.44 0.00 10.32 4.61 0.00 4.51 4.70 3.97 4.52 5.10 5.68 6.26 7150524
4.15 3.06 3.02 3.39 4.28 3.75 3.60 5.67 2.98 4.15 5.25 5.91 5.49 6.90 7.43 7.31 2.18 3.54 6.49 8.93 4.53 5.59 10.50 4.70 0.00 3.98 4.63 3.85 4.56 5.16 5.91 6.49 7163614
4.22 3.30 0.00 2.78 4.16 3.71 3.50 5.70 3.01 3.40 5.21 6.54 5.13 6.97 7.44 7.05 2.94 3.61 6.38 0.00 4.48 5.47 9.85 5.44 0.00 3.72 4.67 3.74 4.53 5.25 5.76 6.25 7176703
4.16 2.97 5.19 3.17 4.04 3.68 0.00 5.67 2.98 4.21 5.21 5.93 5.94 6.99 7.60 7.08 2.81 3.82 6.30 9.45 0.00 5.17 10.13 5.39 0.00 4.42 4.72 3.80 4.58 5.17 5.84 6.30 7189794
4.14 3.15 5.19 3.09 4.13 3.74 3.45 5.56 3.03 3.84 5.18 6.08 4.95 6.90 7.68 0.00 2.65 3.85 6.13 8.72 4.45 5.18 10.56 4.48 0.00 0.00 4.80 4.03 3.56 5.07 5.83 6.54 7202884
4.12 3.36 0.00 3.71 4.06 3.73 3.58 5.68 3.02 3.98 5.16 6.09 5.27 7.02 7.50 7.16 2.73 3.76 6.56 9.45 4.71 5.17 9.83 4.65 0.00 3.71 4.96 3.77 4.52 5.11 5.81 6.36 7215973
4.22 3.00 0.00 3.34 4.01 3.69 0.00 5.76 3.13 4.13 5.22 5.91 5.19 6.95 7.55 7.22 2.33 3.42 6.22 9.00 4.70 0.00 9.96 5.00 0.00 4.10 4.81 0.00 4.55 5.04 5.76 6.73 7229063
4.11 3.18 5.21 2.69 4.20 3.18 3.69 5.77 3.02 3.61 5.27 5.91 4.97 6.98 7.47 7.17 0.00 3.55 6.36 8.60 4.46 5.46 10.01 4.62 0.00 4.40 4.87 3.72 4.62 5.13 5.71 7.09 7242154
4.07 3.01 0.00 3.06 4.15 3.73 3.46 5.71 2.99 4.17 5.17 5.99 5.29 7.03 7.49 7.12 2.46 3.72 6.64 8.89 4.33 5.23 10.49 4.93 0.00 4.38 4.74 3.88 4.64 4.99 5.92 6.64 7255244
4.18 3.08 4.83 3.04 4.01 3.71 3.72 5.88 3.07 4.31 5.23 5.97 5.14 7.12 7.42 7.39 0.00 3.61 6.49 9.33 4.36 0.00 9.76 4.66 0.00 3.72 4.77 3.65 4.48 5.02 5.74 0.00 7268333
4.16 2.90 4.65 2.90 4.07 3.77 4.05 5.82 3.05 4.23 5.19 5.93 4.98 7.05 7.53 7.13 0.00 4.06 6.66 8.86 4.36 5.34 9.83 4.47 0.00 4.01 4.73 4.19 4.55 5.15 5.86 6.37 7281423
4.02 3.25 4.64 2.72 4.02 3.71 3.45 5.84 3.04 4.15 5.17 6.01 5.01 6.83 7.43 7.10 2.55 3.98 6.47 9.60 4.40 5.38 9.78 4.66 0.00 4.30 4.76 3.72 4.54 5.08 5.98 0.00 7294513
4.02 3.07 5.35 3.07 4.05 3.71 3.46 5.77 3.29 4.33 5.19 5.99 0.00 7.02 7.84 7.11 2.10 3.61 6.34 0.00 4.52 0.00 10.36 4.45 0.00 3.72 4.83 3.68 4.55 4.98 5.74 6.54 7307604
4.08 3.09 0.00 3.05 4.05 3.77 4.06 5.79 3.17 4.13 5.32 5.96 5.40 6.81 7.56 7.13 0.00 3.82 6.24 8.76 4.60 0.00 10.17 4.57 0.00 3.72 4.87 3.71 4.53 5.03 6.34 6.53 7320694
4.01 3.13 0.00 3.03 4.06 3.73 3.98 5.69 3.11 4.19 5.17 5.97 5.02 6.84 7.53 7.15 0.00 3.96 6.39 8.54 4.42 5.25 10.32 0.00 0.00 3.73 5.55 3.68 4.55 5.61 5.72 6.72 7333784
4.11 3.15 0.00 3.02 4.16 3.76 3.49 5.75 2.98 4.24 5.16 6.00 5.17 6.84 7.47 7.08 0.00 3.72 6.39 8.84 4.41 5.94 10.28 4.72 0.00 0.00 4.72 4.08 4.59 5.04 5.81 6.64 7346874
4.10 2.92 0.00 3.29 4.04 3.79 3.51 5.98 3.11 4.12 5.22 6.01 5.15 6.85 8.06 7.11 2.01 3.67 6.36 8.52 4.54 5.30 10.21 4.88 0.00 0.00 4.87 3.81 4.61 4.98 5.76 7.09 7359964
4.06 3.46 5.15 2.91 4.07 3.74 0.00 5.79 3.06 4.16 5.22 6.03 5.39 6.84 7.54 7.20 0.00 3.68 6.63 0.00 4.51 0.00 10.27 0.00 0.00 0.00 5.15 3.75 4.54 5.13 5.72 0.00 7373054
4.06 3.11 0.00 0.00 4.20 3.74 3.47 5.65 3.04 4.37 5.21 6.02 5.03 6.89 7.62 7.45 0.00 3.60 6.39 8.82 4.61 5.19 10.32 0.00 0.00 0.00 4.79 4.00 4.62 5.05 5.89 6.44 7386144
4.06 3.06 0.00 3.36 4.18 3.80 3.65 5.64 3.92 4.16 5.31 6.00 5.06 6.92 7.45 7.06 2.10 3.65 6.54 8.81 4.38 5.24 10.32 0.00 0.00 3.73 4.71 3.80 4.62 5.09 5.79 7.12 7399234
0.00 3.12 0.00 3.77 4.05 3.88 3.50 6.71 3.02 4.17 5.23 5.96 4.98 6.83 7.61 7.05 2.51 3.60 6.50 8.80 4.29 0.00 10.38 5.07 0.00 3.77 4.84 4.34 4.54 5.05 5.92 0.00 7412324
4.06 3.09 0.00 3.12 4.08 3.77 3.62 5.63 3.11 4.18 5.15 5.98 5.10 6.87 7.52 7.14 2.01 3.64 6.31 9.03 4.38 0.00 10.34 0.00 0.00 3.76 4.85 3.73 4.53 5.00 0.00 6.36 7425414
4.11 3.08 0.00 0.00 4.31 3.74 3.90 5.62 3.06 4.17 5.10 5.94 5.19 6.84 7.49 7.20 2.05 3.85 6.58 0.00 4.48 5.29 10.35 4.82 0.00 3.74 4.84 3.81 4.56 5.04 5.78 0.00 7438504
4.12 2.96 5.17 3.45 4.06 3.78 3.34 5.63 3.01 4.13 5.06 6.06 5.08 6.86 7.48 7.19 2.34 4.10 6.63 8.68 4.42 5.17 10.14 5.01 0.00 3.68 4.90 3.72 4.51 5.00 5.83 6.57 7451594
4.03 3.14 4.91 3.39 4.13 3.76 0.00 5.61 3.05 4.12 5.17 6.75 5.53 6.86 7.60 7.22 0.00 4.38 6.69 8.96 4.35 5.20 10.89 0.00 0.00 0.00 4.89 3.98 4.55 5.04 5.93 6.39 7464684
4.08 3.08 0.00 4.13 4.47 4.02 0.00 5.61 3.13 4.10 5.16 5.93 5.37 6.89 7.57 7.13 2.57 3.72 6.38 9.36 4.36 5.52 10.51 5.07 0.00 3.91 4.82 4.62 4.67 5.02 5.82 6.67 7477774
4.09 3.09 0.00 2.97 4.08 3.72 0.00 5.54 3.01 4.12 5.02 6.01 5.06 6.81 7.45 6.97 0.00 3.62 6.46 8.78 4.40 5.25 10.78 5.08 0.00 0.00 4.78 4.20 4.54 5.08 5.89 6.69 7490864
4.14 3.05 0.00 2.77 4.21 3.81 3.27 5.59 3.10 4.14 5.16 6.00 4.93 6.88 7.48 7.22 2.15 3.53 6.39 8.60 4.44 0.00 10.44 4.88 0.00 3.66 4.87 4.46 4.55 5.21 6.12 6.59 7503954
4.05 2.99 0.00 2.94 4.12 3.82 3.68 5.56 3.17 4.14 5.13 6.22 5.02 7.02 7.54 7.12 2.02 3.58 6.36 8.97 4.30 5.23 9.74 4.96 0.00 3.86 4.95 4.00 4.56 5.58 5.97 6.61 7517043
4.15 3.07 0.00 3.03 4.12 3.81 3.55 5.94 3.08 4.23 5.40 6.04 4.97 6.86 0.00 7.43 2.14 3.56 6.49 9.21 4.43 5.42 10.64 5.30 0.00 3.91 4.83 3.94 4.56 5.07 6.05 6.58 7530134
4.14 2.88 5.12 3.07 4.14 3.89 3.44 5.90 3.21 4.12 5.14 6.03 4.93 6.91 7.55 7.10 0.00 3.52 6.56 9.52 4.34 5.15 10.57 4.93 0.00 0.00 4.79 0.00 4.57 5.07 5.90 6.72 7543224
4.11 3.01 0.00 2.54 4.09 3.77 3.53 5.75 3.23 4.16 5.11 6.01 5.29 6.99 7.54 7.15 2.69 3.53 6.52 8.99 4.28 5.26 0.00 4.92 0.00 3.76 4.95 4.03 4.66 5.03 6.51 6.35 7556313
4.31 2.95 4.71 0.00 4.12 3.78 3.45 6.16 3.23 3.96 5.15 0.00 5.16 7.09 7.59 7.15 2.01 3.47 6.13 8.79 4.33 0.00 10.81 4.33 0.00 3.64 4.79 3.91 4.76 5.04 6.04 6.30 7569404
4.26 3.14 0.00 2.76 4.07 3.77 3.71 5.64 3.10 4.19 5.15 5.96 5.13 6.85 7.92 7.39 0.00 3.44 6.49 8.74 4.23 5.28 9.75 0.00 0.00 3.75 4.86 4.05 4.70 5.16 5.96 6.43 7582493
4.11 2.89 0.00 3.10 4.13 3.81 3.36 6.31 3.26 4.12 5.28 5.99 5.24 7.00 7.69 7.26 2.68 3.35 6.60 8.94 4.16 0.00 9.95 5.11 0.00 3.64 4.75 3.85 4.66 5.05 5.98 6.71 7595583
4.02 2.90 0.00 3.08 4.57 3.82 3.33 6.27 3.19 4.21 5.35 6.03 0.00 7.02 7.60 7.11 2.43 3.51 7.11 8.83 4.31 0.00 9.76 4.97 0.00 3.63 4.82 3.79 4.73 5.14 6.08 6.58 7608673
4.10 3.03 4.93 2.71 4.13 3.84 3.56 5.86 3.03 4.23 5.23 5.99 5.22 6.97 7.61 7.14 0.00 3.45 6.54 9.03 4.21 5.18 9.73 0.00 0.00 3.72 4.83 3.87 4.66 5.16 6.02 6.45 7621763
4.09 2.98 0.00 3.19 4.09 3.83 3.35 5.87 3.19 4.29 5.19 6.00 5.25 7.01 7.58 7.19 2.80 3.49 6.58 8.55 4.21 5.83 9.72 4.60 0.00 0.00 4.88 3.97 4.77 5.05 6.06 6.56 7634853
4.21 2.95 4.75 0.00 4.36 3.51 3.30 5.79 2.93 4.27 5.19 6.03 5.41 6.43 7.67 7.24 2.10 3.40 6.53 8.89 4.37 5.64 9.75 5.16 0.00 3.73 4.80 3.81 4.65 5.04 5.98 6.82 7647943
4.33 2.99 4.88 3.22 4.75 3.85 3.39 5.75 3.06 4.31 5.22 6.00 5.00 6.18 7.72 7.35 2.41 3.73 6.63 8.69 4.69 5.13 9.65 0.00 0.00 3.71 5.04 3.86 4.65 5.07 6.00 6.70 7661033
4.14 3.07 0.00 2.77 4.25 3.94 3.67 5.67 3.11 4.08 5.25 6.04 5.18 7.05 7.69 7.24 2.08 3.49 6.48 8.99 4.34 5.18 9.82 4.78 0.00 4.14 4.80 3.80 4.66 5.12 6.00 6.59 7674123
4.16 3.07 4.75 2.92 4.30 3.87 3.63 6.58 3.15 3.20 5.31 6.11 5.10 7.01 7.74 7.90 2.25 3.64 6.53 0.00 4.23 0.00 10.47 4.71 0.00 0.00 4.79 4.40 4.62 5.18 6.16 6.62 7687214
4.11 3.02 5.26 2.67 4.20 3.86 3.50 5.73 3.13 4.24 5.20 6.16 5.20 7.11 7.69 7.20 2.07 3.32 6.44 9.09 4.41 0.00 9.73 4.43 0.00 3.76 4.89 4.01 4.65 5.20 6.13 6.87 7700303
4.14 3.00 5.13 2.79 4.20 3.83 0.00 5.70 3.11 4.34 5.18 6.11 5.30 6.69 7.84 7.29 2.21 3.56 6.33 9.07 3.36 5.29 9.76 4.20 0.00 3.74 4.81 3.88 4.67 5.11 6.16 6.66 7713393
4.24 3.05 0.00 3.53 4.11 3.89 3.34 5.69 3.17 4.28 5.16 6.04 5.26 6.99 7.69 7.28 2.71 3.32 6.68 8.71 4.33 5.30 9.82 5.19 0.00 3.77 4.81 4.36 4.59 5.09 6.20 6.54 7726483
4.35 2.42 0.00 2.39 4.18 3.88 3.39 5.65 3.17 4.30 6.02 6.06 5.17 3.77 7.75 7.30 2.01 3.51 6.43 8.91 4.44 5.22 9.56 4.53 0.00 3.66 4.88 3.76 4.53 5.12 6.59 6.54 7739573
4.13 3.11 0.00 2.99 4.21 3.94 3.64 6.30 3.16 4.32 5.41 6.06 5.57 7.13 7.65 7.49 2.29 3.58 6.50 8.86 4.25 5.27 9.72 4.77 0.00 0.00 4.99 3.93 4.73 5.44 6.37 6.74 7752663
4.19 2.99 4.90 3.40 4.38 4.01 3.75 5.79 2.57 4.33 5.28 6.39 5.62 7.00 7.77 7.25 2.02 3.48 6.57 8.76 4.21 0.00 9.73 4.42 0.00 3.64 4.78 4.03 4.70 5.16 6.29 6.88 7765753
4.08 2.92 5.00 2.85 4.27 3.87 3.35 5.86 3.16 4.34 5.24 6.12 5.46 7.06 7.73 7.68 2.87 3.41 6.70 8.95 4.30 5.52 9.76 0.00 0.00 3.93 4.80 4.07 4.66 5.23 6.25 6.70 7778843
4.09 2.90 5.17 2.74 4.18 3.73 3.48 6.17 3.11 3.73 5.49 6.17 5.27 5.71 7.84 7.39 2.71 3.35 6.42 0.00 4.26 5.20 9.70 4.84 0.00 3.66 4.81 4.18 4.76 5.27 6.23 6.72 7791933
4.23 2.69 0.00 2.78 4.22 3.84 3.41 5.73 3.15 4.48 5.36 6.74 5.53 6.42 7.77 7.23 2.75 3.94 6.88 9.43 4.08 5.27 9.73 5.05 0.00 3.68 4.76 4.05 4.89 5.13 6.34 6.80 7805023
4.00 2.96 4.75 2.64 4.28 3.93 3.28 5.79 3.14 4.16 5.30 6.08 5.37 6.98 7.69 7.35 2.10 3.47 7.06 8.75 4.13 5.38 9.77 4.60 0.00 3.66 4.80 3.84 4.64 5.17 6.21 6.85 7818113
4.07 2.98 3.54 2.79 4.22 3.93 3.18 5.85 3.26 3.53 5.37 6.22 5.25 7.03 7.71 8.05 0.00 3.58 6.57 8.96 4.25 5.82 9.61 4.28 0.00 3.68 4.85 4.08 4.69 5.11 6.35 0.00 7831203
4.28 3.02 5.05 3.82 4.33 3.94 3.50 6.26 3.12 4.55 5.39 6.38 5.67 6.12 7.81 7.93 2.45 3.33 7.41 8.71 4.20 0.00 9.92 4.14 0.00 3.71 4.68 4.03 4.69 5.13 6.25 6.79 7844293
4.16 3.05 4.91 3.36 4.32 2.60 3.27 6.40 3.23 3.70 5.41 6.13 5.76 5.60 7.69 7.47 2.91 3.55 3.96 8.94 4.08 5.49 9.51 3.92 0.00 3.73 4.80 3.97 4.74 5.12 6.31 6.75 7857383
4.45 2.97 4.65 3.39 4.34 3.92 2.30 4.65 3.15 4.40 5.43 6.25 5.39 3.55 7.80 7.41 2.67 3.31 6.41 8.82 4.14 5.41 10.04 5.28 0.00 3.82 5.01 4.18 4.84 5.15 6.26 6.87 7870474
4.36 2.89 4.98 2.62 4.27 4.08 2.61 5.56 3.15 4.01 5.37 6.11 5.34 6.96 7.91 7.62 2.42 3.43 6.87 6.24 4.26 0.00 7.57 4.01 0.00 3.77 5.11 4.05 4.63 5.19 6.95 6.83 7883563
4.12 2.95 4.72 2.79 4.33 4.10 3.45 6.31 3.13 3.83 5.02 6.00 5.64 7.09 7.81 7.54 2.29 3.34 6.42 8.87 4.04 5.62 10.13 2.56 0.00 3.87 5.07 4.12 4.63 4.26 6.31 6.95 7896654
4.15 3.03 4.90 2.52 4.39 3.98 3.18 5.57 2.75 4.29 4.98 6.15 5.43 6.97 7.79 7.47 2.08 3.76 6.68 8.87 4.05 5.49 10.07 4.45 0.00 4.40 5.03 4.17 4.90 5.22 6.49 6.93 7909744
2.54 3.12 5.08 2.79 4.33 3.74 3.25 4.73 3.11 3.54 5.54 5.87 5.62 3.40 7.94 7.54 2.10 3.36 4.95 8.72 4.02 0.00 9.03 4.30 0.00 4.17 4.61 3.93 3.51 5.29 6.51 0.00 7922833
4.12 2.77 4.80 2.92 2.82 2.69 3.09 6.06 2.53 4.60 5.40 6.01 5.59 4.26 7.80 7.90 2.55 3.65 6.98 8.69 3.12 5.27 9.77 4.49 0.00 4.29 4.69 4.00 4.88 5.53 6.45 6.99 7935923
3.97 3.10 4.42 2.46 4.36 3.94 3.18 2.83 3.37 4.11 5.71 6.13 5.59 7.01 0.00 7.72 2.94 3.58 4.19 8.95 3.66 5.35 10.36 4.99 0.00 0.00 4.62 3.93 4.29 5.26 6.47 7.49 7949014
3.83 2.96 4.41 2.55 4.04 3.57 3.42 2.82 2.69 4.46 3.69 6.07 4.37 3.12 3.89 0.00 2.15 3.61 6.34 8.99 3.34 6.00 5.60 4.63 0.00 3.59 3.93 4.19 4.30 5.23 6.51 7.21 7962103
3.70 2.64 4.61 2.45 3.35 3.38 2.83 6.05 2.53 3.13 5.61 5.95 4.14 5.68 6.53 8.13 2.08 3.63 3.25 9.01 3.00 5.38 9.24 5.00 0.00 3.65 4.63 4.26 4.90 5.41 5.23 7.22 7975193
4.24 2.99 4.30 3.01 4.72 4.22 3.21 3.44 2.34 2.97 4.67 6.16 5.94 3.51 3.35 8.03 2.20 3.80 3.21 3.74 2.47 5.52 2.67 2.59 0.00 3.86 4.44 4.39 3.48 5.39 3.93 7.59 7988283
4.31 2.84 3.73 3.02 2.99 3.84 3.43 3.43 2.33 2.56 3.58 6.12 2.73 2.73 8.57 2.49 2.46 3.31 2.53 4.11 4.05 5.45 2.86 4.09 0.00 3.58 4.44 4.33 3.50 4.97 6.15 7.20 8001373
4.06 2.82 3.97 2.15 3.59 2.99 2.71 3.01 2.35 2.60 3.98 6.16 2.78 3.43 2.29 8.19 2.22 2.80 3.15 0.00 2.94 0.00 3.55 3.32 0.00 3.86 3.85 4.38 3.83 5.64 6.56 6.96 8014463
4.09 2.73 4.42 2.73 4.07 3.03 2.84 2.65 2.69 2.54 3.53 4.10 3.36 2.79 8.44 2.81 2.77 2.84 2.89 2.55 2.48 0.00 3.32 4.62 0.00 3.67 2.86 4.54 2.88 5.29 2.36 2.27 8027553
4.42 2.39 4.40 2.39 4.02 2.63 2.54 2.15 2.76 2.87 2.82 3.79 2.58 2.88 7.56 2.61 2.20 3.33 3.23 2.41 2.31 5.95 2.87 3.20 0.00 3.42 2.75 4.49 3.25 3.39 3.52 0.00 8040643
4.13 2.59 4.04 2.81 3.35 3.15 2.57 2.70 2.97 2.34 2.18 4.92 2.17 2.12 5.01 3.11 2.13 3.07 2.78 3.47 2.70 2.33 2.59 2.53 0.00 2.78 3.25 4.66 2.69 3.21 2.67 3.61 8053733
4.71 2.12 3.27 2.53 2.40 2.29 2.43 2.89 3.27 2.74 2.42 2.39 2.55 2.24 2.78 2.62 2.16 3.33 4.29 2.63 2.53 2.29 2.06 2.40 0.00 3.31 2.72 4.88 3.45 5.04 2.48 0.00 8066823
3.17 2.26 4.15 2.43 3.66 2.19 2.59 2.33 2.81 2.64 3.38 3.07 2.52 2.05 3.23 3.62 2.18 3.56 3.30 3.73 2.61 0.00 2.74 2.12 0.00 2.79 3.31 4.92 2.99 2.18 2.52 3.14 8079913
2.22 2.74 3.30 2.57 2.78 2.51 3.13 2.26 2.35 2.57 2.59 3.95 2.20 2.69 2.41 3.70 2.41 2.61 2.43 2.15 2.73 2.56 2.26 2.54 0.00 2.62 4.06 3.04 2.42 2.53 3.07 3.23 8093003
3.50 2.45 2.26 2.32 2.18 2.79 3.14 2.16 2.24 2.22 2.50 3.18 2.93 2.45 3.33 3.06 2.20 2.51 2.36 2.87 2.54 2.57 2.60 2.11 0.00 2.90 2.35 0.00 2.99 2.41 2.22 3.26 8106093
2.39 2.29 3.82 2.75 4.01 2.79 2.90 2.43 2.53 2.28 2.98 3.02 2.37 2.32 2.92 2.06 2.07 2.51 2.36 2.72 2.17 2.08 2.16 2.64 0.00 3.14 2.35 2.70 2.56 3.26 3.65 0.00 8119183
2.37 2.54 0.00 2.30 2.19 3.04 3.13 2.22 2.71 2.42 3.33 2.62 2.67 3.51 2.51 2.25 2.43 4.14 2.56 2.45 2.35 0.00 2.78 2.23 0.00 3.18 2.65 2.22 2.91 3.00 2.27 2.74 8132273
2.49 2.29 2.79 2.11 2.92 2.22 3.10 2.61 2.26 2.53 3.04 2.21 2.52 2.12 2.18 2.31 2.17 2.26 2.11 2.76 2.30 2.49 2.64 2.26 0.00 3.14 2.71 2.59 2.75 2.69 3.43 2.31 8145363
2.73 2.76 3.00 2.93 3.05 2.84 2.30 3.66 2.28 2.37 2.88 2.99 2.41 2.37 2.48 2.26 2.38 3.72 2.35 2.39 2.31 0.00 2.33 2.44 0.00 3.19 2.84 2.23 2.53 2.71 2.55 3.60 8158453
2.23 2.61 2.57 2.93 3.16 2.26 2.85 3.33 2.37 2.27 2.56 4.59 2.20 2.18 2.55 2.32 2.22 2.31 2.86 4.02 2.73 0.00 2.30 2.85 0.00 2.52 2.22 0.00 2.77 2.32 2.54 2.93 8171543
2.45 2.28 2.42 2.25 2.73 2.19 2.40 2.55 2.75 2.29 2.31 2.77 2.15 3.14 2.70 2.27 2.00 2.87 2.45 3.00 2.74 2.65 2.53 2.18 0.00 3.14 2.99 0.00 2.21 2.62 3.28 2.61 8184633
2.45 3.18 2.99 2.69 2.84 2.19 2.63 2.70 2.48 2.36 2.49 2.35 2.51 2.25 2.91 2.28 2.06 2.45 2.43 3.34 2.31 0.00 2.62 2.99 0.00 2.98 2.47 2.27 2.55 2.43 2.37 3.12 8197723
2.45 2.31 3.14 2.42 2.43 2.42 2.66 2.59 2.83 2.71 2.41 2.18 2.26 3.40 2.38 2.47 2.32 2.62 2.36 2.78 2.74 2.80 2.23 2.20 0.00 3.31 3.19 0.00 2.60 2.54 2.59 2.55 8210813
2.72 2.43 2.17 2.50 3.77 2.26 2.23 2.83 2.80 2.40 2.74 2.73 2.02 2.46 3.09 2.52 2.08 2.14 3.15 2.82 2.02 3.05 2.27 2.04 0.00 2.73 2.28 0.00 3.63 2.51 2.53 3.28 8223903
2.29 2.58 2.79 2.57 2.50 2.68 2.91 2.17 2.79 2.64 2.52 2.64 2.67 2.92 2.74 2.12 2.24 2.64 2.25 3.16 2.19 0.00 2.19 2.42 0.00 3.16 3.09 2.29 3.35 4.81 2.79 2.24 8236993
2.80 2.89 4.50 2.19 2.47 2.23 2.28 2.91 2.81 2.19 2.36 2.36 2.12 2.31 2.49 2.18 2.06 3.01 2.35 3.19 2.32 0.00 2.14 2.21 0.00 2.11 3.07 2.99 2.90 2.63 2.52 2.62 8250083
2.95 2.41 2.98 2.60 3.01 2.19 2.59 2.58 2.81 2.54 2.88 2.97 2.35 2.43 2.72 2.29 2.44 2.78 2.48 2.74 2.64 3.22 2.18 2.58 0.00 2.79 2.70 2.03 3.00 3.03 2.85 4.47 8263173
2.22 2.35 3.19 2.75 3.08 2.64 3.63 2.65 2.49 2.39 3.44 3.80 3.79 2.71 2.81 3.31 2.08 3.37 2.60 2.44 2.34 0.00 2.73 2.08 0.00 3.13 2.46 0.00 2.23 3.19 2.43 3.44 8276263
2.77 2.40 2.96 2.58 2.38 2.28 2.42 2.72 2.79 2.97 2.80 3.72 3.77 2.11 6.88 3.46 2.03 2.51 2.42 3.13 2.61 3.31 2.72 2.48 0.00 3.21 2.58 3.46 2.86 2.74 2.72 3.09 8289353
3.12 2.69 2.36 2.57 2.49 3.10 3.01 3.75 2.27 2.51 4.40 4.44 2.57 3.12 2.24 3.06 2.09 2.31 2.61 2.50 2.43 0.00 2.34 0.00 0.00 2.89 2.10 2.15 2.80 2.41 2.39 3.69 8302443
3.48 2.83 2.49 2.39 2.58 2.32 2.25 4.32 2.85 2.63 3.31 2.26 3.03 2.67 3.04 2.81 2.33 3.27 2.85 2.57 2.26 0.00 2.41 2.60 0.00 2.93 2.93 2.50 2.68 4.74 2.09 3.66 8315533
3.08 2.50 3.18 2.46 4.63 2.30 2.62 2.76 2.49 3.88 4.46 5.00 3.04 3.24 7.09 5.24 2.46 2.97 3.01 2.85 2.45 0.00 2.74 3.82 0.00 2.97 2.88 0.00 2.54 3.30 3.33 2.09 8328623
2.75 2.36 4.68 2.16 5.37 2.88 3.19 3.78 2.41 2.82 2.43 4.92 4.70 2.38 3.36 2.30 2.08 3.01 3.16 0.00 2.94 2.15 3.00 2.42 0.00 3.17 2.91 2.79 4.18 3.42 2.18 4.32 8341713
2.79 2.82 4.72 2.18 6.77 3.28 3.35 5.28 2.38 2.61 2.48 4.16 2.53 3.18 6.11 2.47 2.44 2.76 3.59 0.00 2.42 6.01 2.73 2.49 0.00 3.18 2.74 2.68 3.19 3.87 2.73 3.70 8354803
4.42 2.64 4.18 2.49 3.69 2.73 3.26 3.64 3.07 3.16 4.91 6.62 4.03 2.44 3.20 4.39 0.00 3.17 3.57 2.75 2.88 2.44 2.35 2.14 0.00 3.06 3.30 0.00 3.74 3.27 2.48 4.43 8367893
3.35 2.81 4.04 2.72 5.68 2.26 3.21 2.98 3.47 2.22 6.10 5.20 5.31 2.25 6.99 6.46 0.00 3.19 2.98 5.72 5.53 0.00 2.42 0.00 0.00 2.94 3.53 0.00 5.12 3.92 3.69 4.19 8380983
5.51 2.82 4.14 2.26 6.60 2.41 3.33 5.41 3.13 3.23 3.91 6.15 4.79 3.89 6.93 2.16 2.04 3.54 3.02 2.62 3.36 0.00 2.64 3.21 0.00 2.97 3.77 0.00 2.58 5.59 2.49 3.58 8394073
5.21 2.91 3.87 2.60 4.34 6.86 3.27 3.22 2.65 2.56 5.26 6.17 5.30 3.14 6.87 2.68 2.06 3.67 2.82 2.44 3.99 0.00 2.51 4.22 0.00 2.97 3.77 0.00 3.87 3.52 2.79 4.35 8407163
5.49 2.73 3.67 2.49 7.04 5.94 3.38 4.04 3.55 3.21 4.37 6.05 5.44 5.84 6.92 6.56 2.81 3.40 2.60 8.74 6.04 0.00 4.19 3.69 0.00 3.00 3.36 6.07 3.31 6.03 4.08 3.95 8420253
4.31 3.06 4.70 2.84 7.11 7.57 3.37 2.11 4.95 2.60 6.19 5.89 5.68 2.78 5.43 6.44 2.02 2.86 4.21 6.86 2.88 5.83 2.82 4.72 0.00 3.09 3.52 0.00 3.34 6.06 3.01 4.55 8433343
5.31 3.12 4.89 2.77 0.00 6.74 3.21 5.57 3.63 4.68 6.02 4.97 5.90 5.27 7.20 6.54 2.09 3.47 5.98 8.85 5.70 5.82 3.08 4.42 0.00 2.82 3.40 6.36 4.85 6.04 3.19 4.37 8446433
0.00 3.01 5.16 2.57 7.10 7.96 3.18 4.20 5.20 5.85 6.33 6.17 5.62 5.92 7.20 6.45 2.03 2.51 6.14 9.16 4.63 5.50 3.98 2.32 0.00 0.00 3.62 0.00 5.04 6.10 4.01 4.32 8459523
5.31 2.91 4.68 2.51 7.02 2.57 3.24 5.33 5.16 5.68 6.33 6.16 5.58 6.84 7.03 6.67 0.00 3.63 2.54 8.95 5.56 6.05 3.05 2.07 0.00 3.01 2.95 0.00 5.73 6.03 3.94 4.35 8472613
0.00 3.06 4.68 2.90 7.26 8.02 3.71 5.40 4.92 5.75 5.66 5.91 5.45 0.00 6.99 6.55 0.00 3.06 6.56 0.00 5.23 5.47 4.36 4.54 0.00 3.02 3.80 3.31 5.65 6.07 4.01 4.34 8485703
0.00 3.00 4.38 2.93 5.85 6.93 3.22 4.96 4.09 6.20 5.34 5.96 5.47 6.68 7.11 0.00 2.11 3.41 6.40 8.73 5.75 5.95 4.42 4.92 0.00 3.05 3.67 0.00 5.58 6.05 3.94 4.39 8498793
0.00 3.00 4.55 2.67 7.48 8.21 3.47 5.26 5.28 5.81 6.30 5.84 5.26 6.71 7.09 6.59 2.76 3.38 3.68 8.40 3.16 0.00 10.59 4.61 0.00 3.00 3.70 0.00 5.69 6.10 4.08 4.40 8511884
5.36 2.91 4.95 3.35 7.41 8.04 3.52 5.34 4.86 6.13 5.76 5.81 5.60 5.17 7.03 6.67 2.62 3.43 6.69 8.64 6.25 5.56 9.19 2.09 0.00 3.00 3.64 0.00 5.67 6.02 4.10 4.37 8524973
5.19 0.00 4.76 3.06 6.74 8.01 4.26 5.44 5.09 6.67 5.93 5.86 5.29 6.69 7.54 6.62 2.18 3.61 6.77 8.84 5.69 5.92 4.76 0.00 0.00 3.00 3.65 5.86 5.71 6.04 4.06 4.52 8538063
5.58 3.01 4.53 3.76 6.99 8.03 3.58 5.33 0.00 6.64 5.73 5.98 5.51 6.75 7.75 6.67 0.00 3.37 6.43 8.47 5.25 5.78 10.54 4.50 0.00 2.93 3.74 0.00 5.74 6.09 4.06 4.33 8551154
0.00 3.05 4.68 2.94 6.86 8.36 3.49 5.56 0.00 6.63 5.90 6.07 5.38 6.81 7.01 6.57 2.04 3.39 6.87 8.37 5.75 5.46 2.97 4.81 0.00 3.00 3.82 6.34 6.11 6.04 3.94 0.00 8564243
0.00 3.02 4.53 3.21 7.22 8.83 3.23 5.63 0.00 6.72 5.96 5.57 5.43 6.69 7.07 6.68 0.00 3.55 6.49 8.85 5.92 6.11 10.22 4.59 0.00 2.98 3.83 0.00 5.74 6.16 4.18 4.31 8577334
0.00 3.03 4.47 3.57 6.85 8.13 3.27 5.49 5.25 6.35 6.09 5.67 5.46 6.85 7.07 6.82 0.00 3.43 6.57 8.53 5.79 0.00 0.00 4.63 0.00 2.97 3.78 5.94 5.69 0.00 4.03 4.37 8590423
0.00 2.95 4.53 0.00 6.93 8.24 3.30 5.37 5.27 6.63 6.12 5.99 5.42 6.81 0.00 6.56 0.00 3.81 6.15 8.43 5.73 5.60 10.80 4.01 0.00 3.04 3.70 6.29 5.77 6.05 3.97 4.34 8603514
0.00 2.94 4.53 0.00 6.99 8.18 3.41 5.26 5.22 6.66 5.70 5.55 5.75 6.78 6.99 7.23 2.07 3.92 5.95 8.91 5.74 5.53 0.00 4.54 0.00 3.00 3.79 5.96 5.72 6.12 4.09 4.37 8616603
0.00 2.87 4.49 3.47 6.95 8.14 3.25 5.35 5.37 6.68 5.89 5.47 5.42 6.82 7.04 6.66 2.04 3.66 5.85 9.12 5.71 0.00 10.61 5.44 0.00 3.01 3.69 6.07 5.68 6.03 3.94 4.28 8629694
0.00 2.92 4.47 3.44 6.96 8.13 3.61 5.32 0.00 6.68 5.95 5.49 5.68 6.69 7.15 6.42 2.07 3.79 6.18 8.49 5.71 6.05 10.86 0.00 0.00 2.88 3.71 5.80 5.74 6.06 3.95 4.39 8642784
0.00 3.11 4.50 6.30 7.34 8.17 3.54 5.38 5.22 6.69 5.65 5.60 5.35 0.00 7.12 6.45 2.85 3.71 6.22 8.93 5.69 0.00 10.68 4.38 0.00 2.88 3.71 0.00 5.75 6.03 4.32 5.01 8655874
0.00 2.97 4.51 0.00 6.95 8.16 3.63 5.59 5.20 6.68 5.70 5.79 5.81 6.68 7.06 6.54 2.05 3.77 6.22 8.48 5.74 0.00 10.78 4.72 0.00 0.00 3.71 5.90 5.70 6.03 4.11 4.27 8668964
0.00 2.93 4.54 5.14 7.13 8.16 3.40 5.49 5.31 6.69 5.68 5.54 5.28 6.73 7.03 6.52 2.76 3.89 6.29 8.63 5.73 5.54 10.78 4.53 0.00 2.93 3.70 5.95 5.70 6.04 4.02 4.29 8682054
0.00 2.96 4.42 0.00 6.88 8.17 3.47 5.29 5.13 6.68 5.69 5.58 5.56 6.70 7.10 7.33 0.00 4.00 6.75 8.52 5.72 5.46 10.55 4.79 0.00 2.82 3.71 0.00 5.69 6.01 3.99 4.25 8695144
0.00 3.05 4.43 0.00 6.93 8.12 3.54 6.03 5.22 6.68 5.62 5.61 5.59 6.68 7.03 7.07 0.00 0.00 6.72 8.77 5.71 5.41 10.01 0.00 0.00 2.85 3.70 5.99 5.69 6.03 3.99 4.34 8708234
0.00 3.05 4.45 0.00 6.97 8.09 3.46 5.60 5.17 6.69 5.77 5.94 0.00 6.76 7.17 0.00 2.14 3.71 6.32 8.56 5.74 5.66 10.56 4.59 0.00 2.83 3.85 0.00 5.70 6.03 4.00 4.23 8721324
0.00 3.05 4.54 0.00 6.99 8.17 3.47 5.40 0.00 6.70 5.73 5.36 5.30 6.76 7.04 6.75 2.21 3.70 6.41 9.62 5.72 5.51 10.81 4.65 0.00 2.79 3.88 6.06 5.74 6.03 0.00 4.43 8734414
0.00 3.08 4.72 6.65 7.10 8.23 3.49 5.88 5.23 6.71 5.83 5.32 5.25 6.76 7.03 6.60 2.08 3.71 6.73 0.00 5.73 0.00 0.00 4.84 0.00 2.81 3.71 0.00 5.67 6.03 3.96 0.00 8747503
0.00 2.97 4.67 0.00 6.89 8.22 3.42 5.50 5.21 6.69 5.80 5.75 5.52 6.72 7.10 6.57 2.41 0.00 6.53 8.53 5.82 5.64 10.78 0.00 0.00 2.82 3.86 6.11 5.69 6.04 3.95 4.43 8760594
0.00 2.97 4.73 0.00 6.85 8.11 3.49 5.83 0.00 6.69 5.71 5.36 5.45 6.88 7.13 6.59 2.56 3.56 6.21 9.03 5.92 5.43 10.54 0.00 0.00 2.78 3.86 0.00 5.68 6.02 4.00 4.49 8773684
0.00 2.95 4.73 0.00 6.87 8.13 3.50 5.59 0.00 6.69 5.71 5.37 5.26 6.72 7.16 6.61 2.17 3.71 6.55 8.97 5.92 5.47 10.78 4.53 0.00 2.79 3.87 5.96 5.70 6.01 3.95 4.28 8786774
0.00 2.94 5.09 0.00 7.11 8.20 3.42 5.37 5.25 6.67 5.72 6.07 5.41 6.79 7.13 7.33 2.15 3.74 6.36 8.51 5.91 5.48 10.53 5.20 0.00 2.80 3.87 0.00 5.69 6.02 4.24 4.48 8799864
0.00 2.95 4.55 0.00 6.93 8.11 3.51 5.32 0.00 6.68 5.72 5.29 5.45 6.79 7.17 6.63 2.15 3.90 6.31 8.55 5.93 5.46 10.78 5.14 0.00 2.97 3.87 0.00 5.70 6.01 3.94 4.28 8812954
0.00 3.06 4.77 0.00 6.90 8.31 3.52 5.29 0.00 6.67 5.79 5.36 5.48 6.80 7.20 7.29 2.15 3.89 6.31 8.90 5.95 5.47 10.79 4.73 0.00 2.98 3.88 0.00 5.70 6.02 3.93 5.02 8826044
0.00 0.00 4.70 0.00 6.90 8.09 3.53 5.32 0.00 6.67 6.04 5.33 5.41 6.77 7.19 6.59 2.13 3.89 6.40 8.77 5.92 5.47 10.72 5.12 0.00 0.00 3.87 0.00 5.69 6.01 4.21 4.30 8839134
0.00 2.98 4.73 0.00 6.93 8.08 3.55 5.71 5.16 6.66 6.12 5.29 5.53 6.75 7.68 6.56 2.19 3.87 7.04 8.33 5.94 5.48 10.74 5.03 0.00 0.00 3.87 0.00 5.71 6.03 4.00 4.42 8852224
0.00 3.00 4.73 0.00 6.94 8.13 3.55 5.27 0.00 6.67 5.63 5.30 5.95 6.72 7.18 6.59 2.20 3.87 6.51 8.43 5.93 5.44 10.77 5.14 0.00 0.00 3.87 6.44 5.69 6.02 3.95 4.31 8865314
0.00 3.01 4.71 0.00 7.07 8.26 3.56 5.88 5.22 6.68 5.98 5.49 5.38 6.82 7.16 6.59 2.11 3.89 6.54 8.64 5.92 5.45 10.53 5.15 0.00 0.00 3.86 0.00 5.71 6.01 4.00 4.28 8878404
0.00 3.01 4.72 0.00 6.93 8.51 3.53 5.59 5.22 6.67 5.99 5.47 5.34 7.16 7.19 6.55 2.24 3.84 7.13 8.58 5.92 5.49 10.62 5.07 0.00 2.82 3.86 5.82 5.70 6.01 3.97 4.28 8891494
0.00 3.03 4.75 0.00 6.84 8.11 3.40 5.32 5.22 6.69 5.74 5.66 5.40 6.77 7.12 6.54 2.45 3.89 6.58 8.83 5.90 5.47 10.57 5.15 0.00 2.79 3.86 6.38 5.70 6.02 4.02 4.29 8904584
0.00 3.06 4.53 0.00 6.93 8.06 3.46 5.23 5.17 6.66 5.73 5.43 6.02 6.75 7.11 6.54 2.06 3.87 6.54 8.99 5.91 5.47 10.53 5.04 0.00 2.76 3.86 0.00 5.70 6.01 3.99 4.32 8917674
0.00 3.07 4.51 0.00 7.09 8.10 3.47 5.29 0.00 6.66 5.73 5.50 5.26 6.99 7.11 6.55 2.22 3.87 6.39 9.03 5.91 5.68 10.53 0.00 0.00 2.99 3.85 5.82 5.68 6.02 4.03 4.36 8930764
0.00 3.17 4.52 0.00 7.02 8.04 0.00 5.50 5.20 6.68 5.75 5.27 5.22 6.97 7.10 6.56 2.03 3.84 6.57 8.43 5.91 5.52 10.72 0.00 0.00 2.75 3.86 5.83 5.72 6.02 3.98 4.27 8943854
0.00 3.47 4.62 0.00 6.90 8.83 3.49 5.52 5.19 6.67 5.74 5.95 0.00 6.89 7.10 6.57 2.01 3.90 6.57 9.04 5.90 5.84 10.71 5.16 0.00 2.75 3.86 0.00 5.70 6.01 3.98 0.00 8956944
0.00 3.08 4.84 0.00 6.88 8.05 3.63 5.61 5.18 6.69 6.66 5.37 5.45 6.77 7.14 6.57 2.84 4.31 6.63 8.46 5.88 5.43 10.53 0.00 0.00 2.97 3.86 0.00 5.71 6.01 3.96 4.42 8970034
0.00 0.00 4.71 0.00 6.89 8.04 3.50 5.33 5.22 6.71 5.62 5.52 5.33 6.89 7.12 6.62 2.36 3.87 6.73 8.93 5.87 5.46 10.53 5.09 0.00 2.75 3.86 0.00 5.69 6.02 3.99 4.36 8983124
0.00 3.02 4.67 0.00 0.00 8.20 3.51 5.48 5.20 6.70 6.08 5.17 5.41 6.94 7.11 6.93 2.82 3.75 6.39 0.00 5.86 5.54 10.52 0.00 0.00 2.74 3.86 0.00 5.70 6.00 4.01 0.00 8996214
0.00 3.07 4.69 0.00 7.55 8.05 3.52 5.52 5.21 6.71 5.55 5.44 5.43 6.97 7.11 6.86 2.84 3.80 6.34 8.83 5.88 5.48 10.65 0.00 0.00 2.73 3.86 5.83 5.71 6.02 4.03 4.40 9009304
0.00 3.07 5.04 0.00 0.00 8.07 3.51 5.39 5.22 6.71 5.75 0.00 5.45 6.93 7.12 6.93 2.84 3.76 6.23 0.00 5.87 5.49 10.53 4.60 0.00 2.77 3.87 0.00 5.71 6.01 4.73 4.32 9022394
0.00 3.00 4.69 0.00 7.38 8.09 3.60 5.47 5.22 6.70 5.80 0.00 5.31 6.85 7.09 7.12 2.67 3.79 6.62 8.94 5.91 5.50 10.55 4.57 0.00 2.78 3.86 0.00 5.70 6.00 4.01 4.30 9035484
0.00 2.99 4.70 0.00 6.85 8.04 3.46 5.64 5.18 6.70 5.64 5.17 5.42 6.87 7.10 6.87 2.83 4.02 6.46 8.67 5.94 5.44 0.00 5.24 0.00 2.77 3.88 0.00 5.72 6.01 4.04 4.35 9048573
0.00 2.99 4.67 0.00 6.88 8.05 3.61 5.54 0.00 6.70 5.86 5.15 5.45 6.88 7.17 6.93 2.85 3.86 6.54 8.71 5.93 5.43 10.55 4.59 0.00 2.76 3.87 0.00 5.71 6.00 3.99 4.41 9061664
0.00 2.98 4.43 0.00 7.04 8.05 3.60 5.38 5.25 6.69 5.66 0.00 5.40 6.93 7.53 6.85 0.00 3.99 6.73 8.92 5.92 5.46 10.53 4.55 0.00 2.76 3.88 0.00 5.70 6.01 4.25 4.38 9074754
0.00 2.99 4.44 0.00 0.00 8.15 3.65 5.41 0.00 6.71 5.64 5.45 5.46 6.83 7.16 6.92 0.00 3.99 6.48 8.77 5.92 5.47 10.56 4.54 0.00 2.76 3.86 6.33 5.70 6.02 3.98 4.37 9087844
0.00 3.00 4.43 0.00 7.36 8.03 0.00 5.38 0.00 6.70 5.87 5.25 5.33 6.80 7.15 6.59 0.00 4.05 6.51 8.55 5.94 5.46 10.53 4.55 0.00 2.75 3.84 6.31 5.71 6.07 4.04 0.00 9100934
0.00 2.99 4.45 0.00 6.87 8.06 3.59 5.38 5.22 6.69 6.04 5.23 5.36 6.81 7.53 6.62 0.00 3.96 6.34 8.88 5.94 5.46 10.63 4.39 0.00 2.76 3.88 0.00 5.71 6.03 4.00 4.38 9114024
0.00 2.99 4.43 0.00 6.78 8.05 0.00 5.42 5.26 6.70 5.58 5.27 5.44 6.81 7.15 6.61 0.00 3.83 6.61 8.81 5.95 5.51 10.53 4.79 0.00 2.75 3.87 0.00 5.70 6.04 3.99 4.37 9127114
0.00 3.01 4.49 0.00 7.08 8.03 3.49 5.62 5.28 6.68 5.68 6.07 5.43 7.01 7.15 6.60 2.01 4.02 6.59 8.93 5.96 5.55 10.56 4.90 0.00 2.76 3.86 0.00 5.72 6.04 4.01 4.39 9140204
0.00 3.00 4.67 0.00 0.00 8.04 3.51 5.54 0.00 6.69 5.60 5.71 6.10 6.91 7.15 6.61 2.02 4.07 6.50 9.07 5.95 5.83 10.55 0.00 0.00 2.75 3.87 0.00 5.75 6.06 4.69 4.36 9153294
0.00 3.02 4.67 0.00 6.86 8.04 3.54 5.53 0.00 6.68 5.66 5.18 0.00 6.87 7.13 6.59 2.02 4.05 6.62 8.41 5.95 5.77 10.56 4.98 0.00 2.77 3.87 0.00 5.75 6.05 4.01 4.59 9166384
0.00 2.99 4.67 0.00 6.81 8.03 3.49 5.56 0.00 6.69 6.11 5.37 5.28 6.82 7.15 6.60 0.00 4.16 6.69 9.03 5.92 5.57 10.53 0.00 0.00 2.76 3.86 0.00 5.76 6.03 4.06 4.42 9179474
0.00 3.01 4.67 0.00 6.78 8.03 3.49 5.60 0.00 6.68 5.98 5.15 5.36 6.89 7.14 6.59 0.00 4.31 6.36 8.86 5.95 5.55 10.55 5.04 0.00 2.76 3.85 0.00 5.76 6.06 4.12 4.38 9192564
0.00 3.01 4.67 0.00 0.00 8.04 3.53 5.53 0.00 6.69 5.58 5.37 5.38 6.82 7.14 6.61 0.00 4.30 6.18 8.94 5.73 5.54 10.59 0.00 0.00 2.77 3.85 0.00 5.77 6.04 4.01 4.34 9205654
0.00 3.00 4.68 0.00 7.23 8.03 3.54 5.48 5.21 6.70 5.97 5.19 5.37 6.86 7.25 6.89 0.00 4.33 6.19 8.90 0.00 0.00 10.54 4.99 0.00 2.77 3.85 0.00 5.76 6.04 4.03 4.36 9218744
0.00 3.02 4.68 0.00 7.52 8.03 3.50 5.49 5.20 6.67 6.02 5.25 0.00 6.84 7.06 6.61 0.00 4.30 6.24 8.67 0.00 5.57 10.74 4.96 0.00 2.76 3.86 0.00 5.76 6.03 4.01 4.54 9231834
0.00 3.04 4.68 0.00 6.77 8.04 3.52 5.37 5.21 6.67 6.07 0.00 5.82 6.74 7.10 6.63 0.00 4.24 6.25 8.60 6.00 5.57 10.56 5.28 0.00 2.76 3.85 0.00 5.74 6.03 4.01 4.26 9244924
0.00 3.01 4.68 0.00 7.10 8.04 3.49 5.39 0.00 6.68 0.00 5.22 5.26 6.72 7.66 6.82 0.00 3.90 6.34 8.91 5.91 5.56 10.79 4.99 0.00 2.76 3.86 0.00 5.73 6.05 4.03 4.35 9258014
0.00 3.02 4.68 0.00 7.05 8.03 3.54 5.36 5.23 6.68 6.24 5.20 5.25 6.86 7.69 6.65 0.00 3.84 6.20 8.55 5.74 6.14 10.37 4.67 0.00 2.76 3.87 0.00 5.74 6.04 4.03 4.34 9271104
0.00 3.02 4.67 0.00 7.16 8.04 3.56 5.36 5.23 6.68 5.70 5.48 5.27 6.87 7.69 6.90 0.00 3.84 6.37 9.05 5.75 6.13 10.83 5.00 0.00 2.77 3.81 0.00 5.74 6.04 4.03 0.00 9284194
0.00 3.02 4.67 0.00 7.28 8.05 3.51 5.37 5.24 6.68 5.58 5.31 5.26 6.88 7.69 6.97 0.00 3.83 6.12 8.61 5.96 5.60 10.80 4.75 0.00 2.76 3.79 0.00 5.72 6.03 4.04 0.00 9297284
0.00 3.03 4.67 0.00 7.31 8.05 3.53 5.37 5.22 6.67 5.62 5.19 5.26 6.88 7.70 0.00 0.00 3.83 6.35 8.86 5.76 5.55 10.76 4.67 0.00 2.77 3.81 0.00 5.72 6.03 4.04 0.00 9310374
0.00 3.03 4.68 0.00 7.36 8.04 3.55 5.36 5.22 6.67 5.51 5.20 5.25 6.88 7.70 0.00 0.00 3.82 6.42 8.25 5.75 5.55 10.76 4.67 0.00 2.76 3.78 0.00 5.72 6.05 4.03 4.38 9323464
0.00 3.03 4.69 0.00 7.36 8.05 3.53 5.36 5.24 6.67 5.53 5.20 5.27 6.87 7.71 0.00 0.00 3.82 6.52 8.78 5.75 5.55 10.79 4.70 0.00 2.76 3.89 0.00 5.72 6.05 4.02 0.00 9336554
0.00 3.03 4.69 0.00 7.35 8.05 3.54 5.37 5.24 6.68 5.54 5.21 5.26 6.87 7.70 0.00 0.00 3.82 6.47 8.43 5.74 5.54 10.79 4.71 0.00 2.76 3.89 0.00 5.71 6.04 4.03 0.00 9349644
0.00 3.03 4.69 0.00 7.36 8.04 3.55 5.37 5.23 6.68 5.56 5.24 5.26 6.88 7.70 0.00 0.00 3.81 6.40 8.43 5.76 5.52 10.81 4.69 0.00 2.75 3.87 0.00 5.71 6.04 4.03 0.00 9362734
0.00 3.03 4.70 0.00 7.37 8.04 3.55 5.37 5.24 6.68 5.53 5.30 5.26 6.88 7.71 0.00 0.00 3.83 6.41 8.43 5.74 5.55 0.00 4.69 0.00 2.75 3.90 0.00 5.73 6.05 4.04 0.00 9375823
0.00 3.03 4.70 0.00 7.37 8.04 3.55 5.38 5.22 6.68 5.53 5.32 5.26 6.87 7.69 0.00 0.00 3.82 6.40 8.42 5.76 5.53 0.00 4.68 0.00 2.74 3.88 0.00 5.71 6.04 4.03 0.00 9388913
0.00 3.03 4.70 0.00 7.36 8.04 3.56 5.37 5.22 6.68 5.50 5.29 5.27 6.87 7.70 0.00 0.00 3.82 6.40 8.45 5.75 5.54 0.00 4.67 0.00 2.75 3.86 0.00 5.72 6.05 4.02 0.00 9402003
0.00 3.04 4.74 0.00 7.36 8.04 3.54 5.37 5.22 6.69 5.48 5.31 5.25 6.86 7.70 0.00 0.00 3.79 6.39 8.45 5.74 5.54 0.00 4.69 0.00 2.74 3.86 0.00 5.72 6.05 4.03 0.00 9415093
0.00 3.03 4.73 0.00 7.36 8.04 3.55 5.37 5.23 6.68 5.49 5.35 5.26 6.86 7.69 0.00 0.00 3.79 6.38 8.45 5.75 5.52 0.00 4.71 0.00 2.76 3.85 0.00 5.73 6.05 4.03 0.00 9428183
0.00 3.03 4.74 0.00 7.36 8.04 3.55 5.38 5.24 6.68 5.48 5.36 5.26 6.87 7.70 0.00 0.00 3.79 6.34 8.46 5.75 5.53 0.00 4.73 0.00 2.74 3.85 0.00 5.73 6.05 4.03 0.00 9441273
0.00 3.04 4.74 0.00 7.36 8.04 3.53 5.38 5.24 6.68 5.51 5.27 5.26 6.86 7.70 0.00 0.00 3.78 6.34 8.44 5.75 5.53 0.00 4.79 0.00 2.76 3.83 0.00 5.72 6.04 4.04 0.00 9454363
0.00 3.03 4.83 0.00 7.37 8.04 3.54 5.38 5.24 6.67 5.53 5.27 5.27 6.86 7.70 0.00 0.00 3.77 6.33 8.45 5.73 5.52 0.00 4.95 0.00 2.75 3.85 0.00 5.72 6.04 4.04 4.38 9467453
0.00 3.05 4.97 0.00 7.35 8.03 3.54 5.37 5.23 6.68 5.46 5.26 5.26 6.87 7.70 0.00 0.00 3.67 6.54 8.43 5.71 5.52 0.00 4.83 0.00 2.76 3.82 0.00 5.72 6.05 4.03 4.39 9480543
0.00 3.04 5.06 0.00 7.36 8.04 3.53 5.38 5.24 6.68 5.46 5.68 5.26 6.87 7.71 0.00 2.00 3.67 6.44 8.43 5.73 5.51 0.00 4.95 0.00 2.75 3.75 0.00 5.72 6.05 4.02 4.38 9493633
0.00 3.03 5.04 0.00 7.20 8.04 3.55 5.37 5.24 6.68 5.45 5.83 5.26 6.88 7.70 0.00 0.00 3.67 6.21 8.42 5.73 5.52 0.00 4.99 0.00 2.75 3.73 0.00 5.73 6.05 4.04 4.38 9506723