3.54 2.73 0.00 0.00 3.96 4.57 0.00 0.00 2.31 2.68 4.54 5.32 0.00 6.90 8.41 0.00 2.97 3.78 6.94 8.17 0.00 0.00 9.49 4.00 4.24 2.01 2.70 4.66 5.59 6.00 0.00 4.93 4486215
3.53 2.73 0.00 0.00 3.98 4.57 0.00 0.00 2.29 2.70 4.55 5.32 0.00 6.88 8.42 0.00 2.97 3.78 6.94 8.20 0.00 0.00 9.47 4.01 4.25 2.03 2.57 4.65 5.59 5.99 0.00 4.92 4499305
3.54 2.72 0.00 0.00 3.97 4.58 0.00 0.00 2.31 2.70 4.67 5.32 0.00 6.88 8.40 0.00 2.96 3.78 6.94 8.19 0.00 0.00 9.48 4.17 4.25 2.03 2.58 4.66 5.60 6.00 0.00 4.92 4512395
3.53 2.72 0.00 0.00 4.00 4.57 0.00 0.00 2.34 2.70 4.67 5.31 0.00 6.90 8.41 0.00 2.96 3.77 6.94 8.13 0.00 0.00 9.48 4.42 4.25 2.02 2.58 4.66 5.60 6.00 0.00 4.92 4525485
3.54 2.73 0.00 0.00 3.99 4.58 0.00 0.00 2.35 2.70 4.66 5.32 0.00 6.89 8.42 0.00 2.97 3.78 6.96 8.13 0.00 0.00 9.48 4.33 4.25 2.03 2.63 4.65 5.61 6.00 0.00 4.93 4538575
3.54 2.73 0.00 0.00 4.00 4.57 0.00 0.00 2.35 2.70 4.68 5.32 0.00 6.89 8.42 0.00 2.96 3.78 7.19 8.21 0.00 0.00 9.47 4.27 4.24 2.03 2.67 4.66 5.61 6.01 0.00 4.92 4551665
3.54 2.73 0.00 0.00 4.02 4.56 0.00 0.00 2.36 2.69 4.63 5.34 0.00 6.89 8.42 0.00 2.96 3.78 7.35 8.18 0.00 0.00 9.47 4.00 4.19 2.02 2.67 4.64 5.60 6.00 0.00 4.93 4564755
3.54 2.73 0.00 0.00 4.03 4.58 0.00 0.00 2.37 2.70 4.67 5.35 0.00 6.90 8.43 0.00 2.96 3.78 6.94 8.18 0.00 0.00 9.46 4.26 4.20 2.02 2.57 4.65 5.61 6.01 0.00 4.92 4577845
3.53 2.73 0.00 0.00 4.03 4.67 0.00 0.00 2.31 2.70 4.42 5.34 6.47 6.81 8.42 0.00 2.96 3.78 6.95 8.16 0.00 0.00 9.44 4.42 4.24 2.02 2.58 4.65 5.60 6.01 4.96 4.91 4590935
3.54 2.74 0.00 0.00 4.01 4.67 0.00 0.00 2.19 2.72 4.40 5.33 6.87 6.81 8.41 0.00 2.96 3.77 7.15 8.19 0.00 0.00 9.44 4.01 4.22 2.02 2.58 4.64 5.59 6.00 4.90 4.92 4604025
3.54 2.73 0.00 0.00 4.01 4.63 0.00 0.00 2.35 2.71 4.68 5.34 0.00 6.85 8.42 0.00 2.97 3.79 6.92 8.15 0.00 0.00 9.44 4.42 4.22 2.02 2.67 4.64 5.60 6.00 4.99 4.92 4617115
3.53 2.73 0.00 0.00 4.01 4.61 0.00 0.00 2.31 2.69 4.70 5.35 6.25 6.81 8.41 0.00 2.97 3.78 6.95 8.15 0.00 0.00 9.45 4.42 4.25 2.03 2.64 4.64 5.60 6.01 5.00 4.90 4630205
3.55 2.71 0.00 0.00 3.99 4.59 0.00 0.00 2.40 2.68 4.44 5.36 6.22 6.82 8.41 0.00 2.97 3.78 6.91 8.15 0.00 0.00 9.44 4.44 4.19 2.02 2.67 4.64 5.59 5.97 5.00 4.90 4643295
3.54 2.73 0.00 0.00 3.99 4.63 0.00 0.00 2.32 2.72 4.69 5.34 6.15 6.81 8.41 0.00 2.97 3.79 7.04 8.16 0.00 7.18 9.48 4.43 4.21 2.02 2.67 4.63 5.61 5.98 4.87 4.91 4656385
3.54 2.73 0.00 0.00 4.00 4.64 0.00 0.00 2.22 2.70 4.69 5.36 6.16 6.80 8.41 0.00 2.97 3.78 6.91 8.16 0.00 7.17 9.48 3.99 4.21 2.01 2.68 4.63 5.62 5.97 4.89 4.90 4669475
3.72 2.72 0.00 0.00 4.01 4.65 0.00 0.00 2.42 2.73 4.81 5.35 6.19 6.87 8.42 0.00 2.97 3.77 7.17 8.16 0.00 7.16 9.46 4.34 4.19 2.01 2.68 4.62 5.62 5.97 4.92 4.90 4682565
3.74 2.73 0.00 0.00 4.00 4.67 0.00 0.00 2.19 2.71 4.54 5.36 6.21 6.79 8.42 0.00 2.96 3.80 7.01 8.16 0.00 7.17 9.46 3.98 4.22 2.02 2.68 4.63 5.62 6.00 4.92 4.91 4695655
3.74 2.72 0.00 0.00 4.00 4.66 0.00 0.00 2.20 2.70 4.55 5.36 6.19 6.79 8.42 0.00 2.97 3.79 7.08 8.14 0.00 7.18 9.47 4.43 4.22 2.03 2.67 4.63 5.61 5.98 4.93 4.91 4708745
3.74 2.73 0.00 0.00 4.01 4.67 0.00 0.00 2.44 2.71 4.55 5.36 6.20 6.82 8.42 0.00 2.97 3.79 7.04 8.15 0.00 7.18 9.47 3.99 4.21 2.02 2.66 4.65 5.61 5.98 4.91 4.90 4721835
3.77 2.72 0.00 0.00 4.02 4.65 0.00 0.00 2.42 2.67 4.53 5.35 6.41 6.82 8.42 0.00 2.96 3.79 6.92 8.15 0.00 7.18 9.48 4.25 4.22 2.01 2.67 4.63 5.60 5.99 4.90 4.90 4734925
3.73 2.72 0.00 0.00 4.01 4.70 0.00 0.00 2.40 2.65 4.53 5.35 6.28 6.83 8.41 0.00 2.96 3.79 7.16 8.16 0.00 7.16 9.48 4.00 4.23 2.03 2.67 4.62 5.61 5.96 4.93 4.92 4748015
3.71 2.73 0.00 0.00 4.02 4.79 0.00 0.00 2.40 2.66 4.52 5.36 6.23 6.85 8.42 0.00 2.97 3.79 6.93 8.15 0.00 7.17 10.24 4.01 4.21 2.03 2.67 4.61 5.62 5.97 4.92 4.92 4761106
0.00 2.72 0.00 0.00 4.01 4.77 0.00 0.00 2.44 2.94 4.53 5.35 6.20 6.88 8.42 0.00 2.97 3.79 6.92 8.15 0.00 7.18 9.48 4.42 4.22 2.03 2.68 4.63 5.61 5.98 4.91 4.91 4774195
0.00 2.72 0.00 0.00 4.03 4.78 0.00 0.00 2.41 2.76 4.53 5.36 6.20 6.79 8.42 0.00 2.97 3.80 6.90 8.16 0.00 7.18 9.48 4.42 4.24 2.03 2.68 4.61 5.62 5.98 4.94 4.92 4787285
0.00 2.73 0.00 0.00 4.02 4.79 0.00 0.00 2.34 2.66 4.54 5.36 6.22 6.80 8.42 0.00 2.98 3.80 6.91 8.16 0.00 7.18 9.48 4.42 4.27 2.03 2.67 4.60 5.61 5.98 4.88 4.92 4800375
0.00 2.72 0.00 0.00 4.01 4.78 0.00 0.00 2.29 2.65 4.46 5.36 6.21 6.82 8.41 0.00 2.97 3.79 6.90 8.17 0.00 7.17 9.49 3.98 4.26 2.03 2.67 4.60 5.61 5.96 4.87 4.92 4813465
3.54 2.73 0.00 0.00 4.02 4.79 0.00 0.00 2.32 2.65 4.54 5.36 6.24 6.81 8.42 0.00 2.96 3.81 6.90 8.16 0.00 0.00 9.46 3.98 4.26 2.02 2.69 4.62 5.60 5.95 4.87 4.92 4826555
3.53 2.73 0.00 0.00 4.03 4.79 0.00 0.00 2.32 2.66 4.54 5.37 6.27 6.87 8.42 0.00 2.95 3.80 6.93 8.16 0.00 0.00 9.47 3.98 4.27 2.03 2.67 4.62 5.59 5.97 4.88 4.92 4839645
3.52 2.72 0.00 0.00 4.03 4.76 0.00 0.00 2.25 2.65 4.51 5.38 0.00 6.84 8.41 0.00 2.96 3.80 6.90 8.17 0.00 0.00 9.47 3.99 4.23 2.04 2.68 4.61 5.60 5.98 4.86 4.93 4852735
3.53 2.72 0.00 0.00 4.04 4.76 0.00 0.00 2.25 2.65 4.51 5.37 6.27 6.85 8.42 0.00 2.97 3.80 6.89 8.15 0.00 0.00 9.49 3.97 4.22 2.02 2.68 4.60 5.59 5.98 4.88 4.94 4865825
3.54 2.73 0.00 0.00 4.02 4.75 0.00 0.00 2.24 2.67 4.51 5.37 6.42 6.85 8.41 0.00 2.96 3.80 6.93 8.16 0.00 0.00 9.48 3.97 4.22 2.02 2.67 4.60 5.59 5.99 4.95 4.93 4878915
3.53 2.71 0.00 0.00 4.03 4.77 0.00 0.00 2.25 2.79 4.52 5.37 6.42 6.84 8.41 0.00 2.96 3.81 6.90 8.16 0.00 0.00 9.47 3.97 4.21 2.04 2.68 4.61 5.58 5.97 4.87 4.92 4892005
3.52 2.73 0.00 0.00 4.02 4.76 0.00 0.00 2.26 2.96 4.70 5.37 6.20 6.84 8.42 0.00 2.97 3.81 6.96 8.16 0.00 0.00 9.47 3.99 4.24 2.03 2.69 4.62 5.60 5.97 4.87 4.92 4905095
3.52 2.72 0.00 0.00 4.03 4.75 0.00 0.00 2.25 2.98 4.76 5.39 6.21 6.86 8.41 0.00 2.97 3.82 7.26 8.16 0.00 0.00 9.47 4.42 4.23 2.03 2.69 4.61 5.59 5.97 4.88 4.93 4918185
3.55 2.72 0.00 0.00 4.03 4.75 0.00 0.00 2.26 2.97 4.56 5.37 6.17 6.80 8.42 0.00 2.96 3.82 7.36 8.16 0.00 0.00 9.47 4.18 4.22 2.03 2.68 4.62 5.61 5.97 4.88 4.92 4931275
3.78 2.73 0.00 0.00 4.04 4.75 0.00 0.00 2.26 2.97 5.19 5.39 6.19 6.84 8.41 0.00 2.96 3.80 6.92 8.16 0.00 0.00 9.46 3.99 4.25 2.03 2.68 4.62 5.60 5.96 4.89 4.91 4944365
3.51 2.73 0.00 0.00 4.03 4.91 0.00 0.00 2.25 2.68 4.54 5.40 6.23 6.88 8.42 0.00 2.96 3.81 7.03 8.15 0.00 0.00 9.51 4.42 4.27 2.04 2.68 4.61 5.61 5.98 4.86 4.93 4957455
3.76 2.73 0.00 3.39 4.02 4.91 0.00 0.00 2.25 2.66 4.43 5.40 6.26 6.87 8.41 0.00 2.97 3.81 7.35 8.14 0.00 0.00 9.50 3.99 4.19 2.03 2.67 4.65 5.61 5.96 4.88 4.96 4970545
4.15 2.73 0.00 0.00 3.97 4.93 0.00 0.00 2.31 2.71 4.46 5.41 6.20 6.84 8.42 0.00 2.59 3.82 6.96 8.14 0.00 0.00 9.50 4.42 4.26 2.07 2.66 4.66 5.63 5.95 4.88 4.91 4983635
3.56 2.73 0.00 0.00 4.00 4.91 0.00 0.00 2.31 2.63 4.69 5.41 6.18 6.79 8.40 0.00 2.39 3.83 6.93 8.16 0.00 0.00 9.50 4.42 4.27 2.70 2.67 4.63 5.63 5.94 4.89 4.91 4996725
3.81 2.74 0.00 0.00 3.95 4.76 0.00 0.00 2.20 2.62 4.43 5.36 6.21 6.79 8.42 0.00 2.03 3.83 6.93 8.15 0.00 0.00 10.22 4.42 4.24 2.44 2.69 4.70 5.62 5.95 4.91 4.97 5009816
0.00 2.72 0.00 0.00 4.05 4.77 0.00 0.00 2.47 2.72 4.51 5.37 6.15 6.79 8.41 0.00 2.03 3.81 6.78 8.34 0.00 0.00 10.20 3.98 4.13 2.07 2.54 4.71 5.64 6.02 4.94 4.90 5022906
3.50 2.73 0.00 0.00 4.00 4.74 0.00 0.00 2.25 2.77 4.67 5.37 6.15 6.80 8.42 0.00 2.08 3.81 6.92 0.00 0.00 0.00 9.51 4.44 4.34 0.00 2.65 4.71 5.65 5.96 4.93 4.95 5035995
3.54 2.73 0.00 0.00 0.00 4.73 0.00 0.00 2.20 2.84 0.00 5.36 6.24 6.79 8.41 0.00 2.10 3.82 6.96 8.16 0.00 0.00 10.13 3.98 4.23 2.12 2.61 4.63 5.63 6.13 4.90 5.00 5049086
4.03 2.73 0.00 0.00 4.00 4.79 0.00 0.00 2.20 2.83 4.48 0.00 6.16 6.79 8.41 0.00 2.09 3.81 7.01 8.15 0.00 0.00 9.52 4.41 4.15 0.00 2.62 5.27 5.61 5.99 4.90 4.98 5062175
4.29 2.72 0.00 0.00 4.02 4.82 3.33 0.00 2.32 2.67 4.55 5.35 6.16 6.79 8.41 0.00 2.08 3.82 7.02 8.30 0.00 0.00 9.50 4.44 4.17 2.57 2.62 5.32 5.63 6.07 4.85 0.00 5075265
3.50 2.73 0.00 0.00 3.96 4.81 0.00 0.00 2.21 2.67 4.54 5.34 0.00 6.80 8.41 0.00 2.10 3.82 7.22 8.73 0.00 0.00 9.53 4.48 4.43 2.05 2.71 0.00 5.62 6.11 4.92 4.90 5088355
3.55 2.73 0.00 0.00 3.99 4.77 3.99 0.00 2.21 2.66 4.72 5.39 6.13 6.89 8.45 0.00 2.10 3.82 7.04 8.02 0.00 0.00 9.54 4.43 4.18 0.00 2.54 0.00 5.60 5.91 4.87 4.93 5101445
3.56 2.74 0.00 0.00 3.99 4.76 0.00 0.00 2.24 2.67 4.54 5.42 6.03 6.75 8.44 0.00 2.44 3.81 6.92 8.27 0.00 0.00 9.51 4.43 4.17 2.06 2.55 0.00 5.61 5.96 4.86 5.61 5114535
3.51 2.71 0.00 0.00 3.93 4.75 0.00 0.00 2.20 2.66 4.74 5.27 6.14 6.74 8.43 0.00 2.11 3.81 6.92 8.33 0.00 0.00 9.53 4.46 4.17 2.01 2.55 0.00 5.57 5.91 4.87 4.90 5127625
3.56 2.73 0.00 0.00 3.94 4.75 0.00 0.00 2.18 2.66 4.48 0.00 0.00 6.75 8.45 0.00 2.15 3.80 6.91 8.30 0.00 0.00 9.54 4.43 4.30 0.00 2.57 0.00 5.58 5.90 4.88 4.90 5140715
3.55 2.73 0.00 0.00 3.94 4.76 0.00 0.00 2.22 2.65 4.59 5.37 6.18 6.74 8.43 0.00 2.27 3.79 7.04 8.31 5.92 0.00 10.09 4.55 4.29 2.06 2.55 4.87 5.60 6.14 4.92 5.02 5153806
3.57 2.73 0.00 0.00 3.94 4.72 0.00 0.00 2.20 2.67 4.46 5.31 6.22 6.74 8.44 0.00 2.36 3.83 7.03 8.27 0.00 0.00 10.41 4.53 4.22 2.28 2.56 4.88 5.65 5.92 4.88 5.18 5166896
3.51 2.75 0.00 0.00 3.94 4.72 0.00 0.00 2.25 2.66 4.48 5.38 6.29 6.74 8.45 0.00 2.28 3.82 7.03 8.09 0.00 0.00 10.40 4.36 4.23 2.04 2.59 0.00 5.56 6.59 4.88 5.05 5179986
3.49 2.74 0.00 0.00 3.94 4.76 0.00 0.00 2.19 2.66 4.60 5.41 6.28 6.76 8.44 0.00 2.34 3.82 6.93 8.50 0.00 7.54 10.41 3.98 4.21 2.07 2.58 0.00 5.70 5.89 4.97 5.02 5193076
4.20 2.74 0.00 0.00 3.94 4.77 0.00 0.00 2.31 2.66 4.67 5.42 6.31 6.77 8.44 0.00 2.34 3.82 6.98 8.53 0.00 0.00 10.37 4.02 4.26 2.05 2.56 5.29 5.70 5.99 4.88 4.94 5206166
4.32 2.73 0.00 0.00 3.97 4.78 0.00 0.00 2.22 2.66 4.47 5.28 6.28 6.80 8.42 0.00 2.34 3.83 7.04 8.52 0.00 0.00 10.41 4.74 4.66 2.03 2.56 5.11 5.69 5.91 4.86 4.93 5219256
3.55 2.74 0.00 0.00 4.07 4.77 0.00 0.00 2.30 2.67 4.68 5.29 6.29 6.84 8.44 0.00 2.51 3.94 7.00 8.27 0.00 7.40 10.34 3.97 4.24 0.00 2.59 5.14 5.56 5.91 4.88 5.00 5232346
3.81 2.73 0.00 0.00 0.00 4.75 0.00 0.00 2.44 2.67 4.62 5.30 6.19 6.79 8.41 0.00 2.27 3.96 6.99 8.25 0.00 7.46 10.36 4.49 4.54 0.00 2.60 5.58 5.55 5.89 4.87 4.96 5245436
0.00 2.74 0.00 0.00 4.30 4.73 0.00 0.00 2.21 2.67 4.71 5.27 6.28 6.77 8.41 0.00 2.23 3.97 7.03 8.22 0.00 0.00 10.40 4.54 4.35 2.02 2.61 0.00 5.56 6.60 4.87 5.00 5258526
0.00 2.74 0.00 0.00 4.24 4.71 0.00 0.00 2.20 2.66 4.73 5.29 6.35 6.77 8.41 0.00 2.23 3.93 7.01 8.22 0.00 0.00 10.33 4.56 4.38 2.14 3.31 0.00 5.55 5.90 4.95 4.98 5271616
0.00 2.73 0.00 0.00 4.68 4.70 0.00 0.00 2.21 2.65 4.48 5.27 6.19 6.78 8.42 0.00 2.24 3.94 6.66 8.18 0.00 0.00 10.31 4.45 4.21 2.70 2.68 4.88 5.56 5.91 0.00 0.00 5284706
4.17 2.74 0.00 0.00 3.95 4.60 0.00 0.00 2.21 2.66 4.48 5.27 6.18 6.82 8.43 0.00 2.61 3.91 6.66 8.20 0.00 7.79 10.37 0.00 4.21 2.21 2.60 0.00 5.55 5.90 0.00 4.93 5297796
3.74 2.85 0.00 0.00 4.02 4.58 0.00 0.00 2.22 2.65 4.68 5.28 6.35 6.87 8.41 0.00 2.22 3.91 6.63 8.19 0.00 7.74 10.25 4.56 4.18 2.33 2.61 4.90 5.58 5.89 4.90 4.91 5310886
3.88 2.83 0.00 0.00 3.97 4.60 0.00 0.00 2.19 2.67 4.73 5.28 6.35 6.83 8.40 0.00 2.24 3.92 6.92 8.22 0.00 7.85 10.21 4.54 4.44 2.20 2.59 4.89 5.65 5.91 4.95 0.00 5323976
3.49 2.85 0.00 0.00 3.97 4.60 0.00 0.00 2.20 2.71 4.50 5.27 0.00 6.86 8.41 0.00 2.22 3.94 6.84 8.44 0.00 0.00 9.83 4.55 4.37 2.11 2.57 0.00 5.69 5.91 4.96 4.97 5337065
3.49 2.84 0.00 0.00 3.95 4.59 0.00 0.00 2.19 2.78 4.78 5.27 6.35 7.05 8.41 0.00 2.12 3.94 6.89 8.30 0.00 7.27 10.19 4.56 4.26 2.67 2.55 0.00 5.63 6.07 4.94 5.07 5350156
4.16 2.85 0.00 0.00 3.96 4.61 0.00 0.00 2.19 2.72 4.51 5.27 6.31 6.86 8.41 0.00 2.48 4.67 6.62 8.50 0.00 7.20 10.19 4.55 4.24 0.00 2.56 4.85 5.72 5.98 4.88 4.97 5363246
3.55 2.85 0.00 0.00 3.96 4.60 0.00 0.00 2.18 2.65 4.48 5.27 6.31 6.83 8.41 0.00 2.46 4.73 6.88 8.52 0.00 7.27 10.17 4.53 4.21 2.01 2.59 0.00 5.69 6.10 5.14 4.92 5376336
3.46 2.75 0.00 0.00 3.96 4.73 0.00 0.00 2.24 2.83 4.50 5.28 6.28 6.84 8.42 0.00 2.46 4.71 7.00 8.20 0.00 7.86 10.30 4.55 4.14 2.75 2.59 0.00 5.73 5.94 4.94 0.00 5389426
0.00 2.85 0.00 0.00 3.99 4.61 3.79 0.00 2.19 2.65 4.54 5.24 0.00 6.84 8.42 0.00 2.81 3.98 6.97 8.19 0.00 0.00 10.31 4.74 4.27 2.29 2.73 0.00 5.69 5.99 4.99 4.88 5402516
3.54 2.85 0.00 0.00 4.04 4.62 0.00 0.00 2.19 2.83 4.54 5.25 0.00 6.83 8.43 0.00 2.62 3.99 7.02 8.45 0.00 0.00 10.33 4.92 4.24 0.00 2.68 5.04 5.93 5.94 4.99 4.90 5415606
3.64 2.75 0.00 0.00 3.97 4.61 0.00 0.00 2.28 2.73 4.48 5.26 6.36 6.80 8.42 0.00 2.42 3.98 7.04 8.47 0.00 0.00 10.34 0.00 4.25 2.18 2.56 0.00 5.66 5.95 4.95 5.02 5428696
3.56 2.73 0.00 0.00 3.95 4.61 0.00 0.00 2.26 2.68 4.50 5.23 0.00 6.90 8.43 0.00 2.43 4.06 7.01 8.30 0.00 0.00 10.34 4.56 4.26 2.05 2.69 5.04 5.61 6.05 5.15 5.04 5441786
3.69 2.74 0.00 0.00 3.96 4.61 0.00 0.00 2.24 2.73 4.51 5.25 6.40 6.90 8.43 0.00 2.05 4.05 7.03 0.00 0.00 0.00 10.34 4.53 4.18 2.01 2.55 4.94 6.31 6.03 4.99 4.91 5454876
3.79 2.73 0.00 0.00 3.94 4.60 0.00 0.00 2.21 2.75 4.67 5.25 6.42 6.99 8.41 0.00 2.05 4.25 7.10 8.01 0.00 7.13 10.14 4.57 4.36 2.07 2.64 0.00 5.71 6.00 4.96 0.00 5467966
3.45 2.83 0.00 0.00 4.00 4.80 0.00 0.00 2.20 2.65 4.51 5.28 6.35 6.98 8.41 0.00 2.44 3.79 7.07 8.01 0.00 7.15 10.35 4.54 4.22 2.39 2.54 5.33 5.56 5.96 4.95 5.49 5481056
3.60 2.74 0.00 0.00 3.98 4.79 0.00 0.00 2.22 2.71 4.51 5.27 0.00 6.94 8.43 0.00 2.43 3.80 7.06 8.01 0.00 7.17 10.13 0.00 4.34 2.01 2.54 4.94 6.28 6.11 4.90 0.00 5494146
3.49 2.80 0.00 0.00 4.14 4.79 0.00 0.00 2.24 2.65 4.52 5.29 0.00 6.92 8.42 0.00 2.81 0.00 7.08 8.28 0.00 0.00 10.13 4.46 4.32 0.00 2.70 4.66 5.80 5.98 4.92 0.00 5507236
3.59 2.83 0.00 0.00 3.99 4.78 0.00 0.00 2.27 2.70 4.71 5.29 0.00 6.96 8.41 0.00 2.99 3.75 7.05 8.28 0.00 7.15 10.17 4.53 4.66 2.01 2.66 4.90 5.67 5.98 4.93 4.98 5520326
3.51 2.85 0.00 0.00 4.13 4.78 0.00 0.00 2.25 2.63 4.52 5.28 0.00 6.97 8.40 0.00 3.01 3.71 7.27 8.29 0.00 0.00 9.51 4.85 4.20 2.72 2.62 4.89 5.73 6.03 4.93 4.97 5533415
3.55 2.76 0.00 0.00 3.93 4.75 0.00 0.00 2.18 2.62 4.51 5.34 0.00 6.96 8.40 0.00 3.00 3.69 7.37 8.09 0.00 7.15 10.22 4.44 4.32 0.00 2.63 4.91 6.44 5.98 4.94 4.93 5546506
3.64 2.76 0.00 0.00 4.02 4.70 0.00 0.00 2.24 2.63 4.58 5.33 0.00 6.85 8.40 0.00 2.99 3.68 7.38 8.08 0.00 7.14 10.18 0.00 4.16 2.33 2.65 4.85 5.64 6.03 4.92 0.00 5559596
3.49 2.76 0.00 0.00 4.06 4.69 0.00 0.00 2.24 2.62 4.58 5.33 0.00 6.86 8.41 0.00 2.99 3.72 7.03 8.30 0.00 7.11 10.18 3.95 4.16 2.43 2.63 4.83 5.78 6.07 4.93 4.95 5572686
3.48 2.74 0.00 0.00 3.97 4.69 0.00 0.00 2.21 2.64 4.63 5.32 0.00 6.85 8.40 0.00 3.00 3.70 7.02 8.25 0.00 0.00 9.51 3.96 4.20 2.01 2.60 4.84 5.60 5.90 4.99 4.96 5585775
3.49 2.75 0.00 0.00 4.07 4.65 0.00 0.00 2.25 2.64 4.63 5.31 6.23 6.80 8.42 0.00 3.01 3.71 7.03 8.25 0.00 7.18 10.35 3.95 4.19 2.23 2.60 4.90 5.66 5.91 4.93 0.00 5598866
3.58 2.74 0.00 0.00 3.96 4.64 0.00 0.00 2.23 2.66 4.68 5.36 6.28 6.76 8.41 0.00 3.00 3.65 7.08 8.39 0.00 0.00 10.32 3.97 4.64 2.74 2.59 4.82 5.62 5.96 4.86 0.00 5611956
3.54 2.73 0.00 0.00 4.13 4.66 0.00 0.00 2.27 2.67 4.61 5.42 6.15 6.76 8.41 0.00 3.00 3.66 7.04 0.00 0.00 0.00 10.20 3.95 4.22 2.08 2.57 4.86 5.75 5.90 0.00 4.91 5625046
3.57 2.73 0.00 0.00 4.14 4.63 0.00 0.00 2.21 2.67 4.58 5.40 6.17 6.77 8.40 0.00 3.01 3.66 6.94 8.35 0.00 0.00 10.35 4.00 4.22 0.00 2.56 4.79 5.65 6.03 4.95 4.91 5638136
3.57 2.74 0.00 0.00 3.97 4.64 0.00 0.00 2.26 2.66 4.57 5.40 6.16 6.80 8.41 0.00 3.02 3.66 7.03 8.34 0.00 7.18 10.30 4.46 4.98 2.08 2.55 4.78 5.57 5.91 4.92 5.30 5651226
3.49 2.75 0.00 0.00 3.96 4.66 0.00 0.00 2.23 2.76 4.63 5.40 6.15 6.82 8.42 0.00 3.00 3.66 7.04 8.16 0.00 0.00 10.26 3.97 5.11 2.68 2.59 4.79 5.61 5.88 4.97 0.00 5664316
3.60 2.75 0.00 0.00 3.96 4.67 0.00 0.00 2.20 2.74 0.00 5.42 6.15 6.81 8.42 0.00 3.01 3.65 7.07 8.35 0.00 0.00 10.40 4.00 4.78 0.00 2.61 4.76 5.74 5.89 4.95 4.95 5677406
3.63 2.75 0.00 0.00 3.96 4.68 0.00 0.00 2.24 2.65 4.50 5.42 6.16 6.82 8.43 0.00 3.01 3.66 7.05 8.49 0.00 0.00 10.61 0.00 4.27 2.07 2.62 4.76 5.65 5.89 4.95 4.89 5690496
3.61 2.75 0.00 0.00 3.99 4.66 0.00 0.00 2.22 2.73 4.91 5.42 6.15 6.83 8.51 0.00 3.02 3.66 7.03 8.21 0.00 0.00 10.62 0.00 4.24 2.05 2.61 4.75 5.57 5.93 4.92 0.00 5703586
3.49 2.74 0.00 0.00 4.02 4.66 0.00 0.00 2.23 2.70 4.65 5.41 6.23 6.82 8.66 0.00 3.00 3.70 7.37 0.00 0.00 0.00 10.62 3.97 4.30 2.48 2.62 4.80 5.61 5.95 4.87 0.00 5716676
3.47 2.75 0.00 0.00 4.02 4.67 0.00 0.00 2.27 2.75 4.69 5.25 6.23 6.82 8.42 0.00 3.01 3.71 6.90 8.77 0.00 0.00 10.52 4.60 4.32 2.23 2.56 4.70 5.59 6.09 4.93 4.91 5729766
3.53 2.86 0.00 0.00 0.00 4.65 0.00 0.00 2.25 2.73 4.92 5.29 0.00 6.82 8.41 0.00 3.00 3.81 7.06 8.21 0.00 7.13 10.27 3.96 4.65 0.00 2.58 4.67 5.68 6.00 4.94 4.93 5742856
3.54 2.84 0.00 0.00 0.00 4.81 0.00 0.00 2.22 2.71 4.64 5.24 0.00 6.98 8.42 0.00 3.03 3.74 7.03 8.30 0.00 0.00 10.24 4.56 4.53 2.24 2.56 4.68 5.58 5.94 4.93 4.94 5755946
3.50 2.87 0.00 0.00 4.00 4.81 0.00 0.00 2.23 2.72 4.68 5.37 6.55 6.82 8.51 0.00 3.00 3.77 6.86 8.16 0.00 0.00 10.55 3.99 4.52 2.03 2.56 4.64 5.59 5.95 4.94 5.03 5769036
3.54 2.74 0.00 0.00 3.96 4.55 0.00 0.00 2.22 2.62 4.55 5.38 6.49 6.80 8.44 0.00 0.00 4.03 6.85 8.13 0.00 0.00 10.27 4.00 4.67 2.04 2.65 4.68 5.63 5.97 4.95 0.00 5782126
3.74 2.71 0.00 0.00 3.96 4.65 0.00 0.00 2.17 2.62 4.66 5.42 6.27 6.87 8.44 0.00 0.00 3.80 6.98 8.76 0.00 0.00 9.53 4.54 4.27 0.00 2.56 4.72 5.68 5.97 4.87 0.00 5795215
3.54 2.74 0.00 0.00 4.00 4.38 3.99 0.00 2.21 2.77 4.76 0.00 6.65 7.02 8.50 0.00 2.98 3.64 7.04 8.96 0.00 0.00 10.23 5.09 4.35 2.01 2.65 5.41 5.69 5.97 4.92 5.09 5808306
3.64 2.76 0.00 0.00 4.06 4.40 0.00 0.00 2.28 2.68 4.52 5.35 6.78 6.88 8.43 0.00 0.00 3.92 6.30 8.20 0.00 7.29 9.69 4.48 4.23 0.00 2.57 4.82 5.61 5.98 5.06 4.93 5821395
3.48 2.81 0.00 0.00 4.32 4.51 0.00 0.00 2.19 2.69 4.55 5.36 5.91 6.85 8.46 0.00 2.96 3.80 6.23 8.37 0.00 7.11 10.55 5.32 4.34 2.01 2.64 5.24 5.64 6.12 5.03 0.00 5834486
3.59 2.79 0.00 3.77 3.99 4.75 3.66 0.00 2.34 2.66 4.74 5.33 0.00 6.88 8.42 0.00 3.10 4.08 6.54 8.40 5.98 0.00 10.20 0.00 4.74 2.06 2.56 4.78 5.60 5.97 5.20 4.95 5847576
3.50 2.74 0.00 0.00 4.01 5.05 0.00 0.00 2.20 2.75 4.56 5.40 6.57 6.73 8.47 8.42 0.00 3.82 6.11 8.16 0.00 0.00 10.17 0.00 4.54 2.09 2.51 4.77 5.69 0.00 4.88 5.24 5860666
3.52 2.80 0.00 3.02 3.99 4.61 3.29 0.00 2.23 2.66 4.61 5.39 5.96 6.71 8.41 0.00 2.45 3.70 6.29 8.47 5.65 7.08 10.53 5.64 4.61 2.07 2.58 0.00 6.02 5.96 4.89 0.00 5873756
3.55 2.74 0.00 0.00 3.98 4.77 0.00 0.00 2.24 2.68 4.77 5.41 6.16 6.78 8.51 0.00 2.45 3.65 6.16 8.47 5.69 0.00 10.24 4.93 4.26 2.02 2.54 4.93 5.60 5.97 4.85 4.98 5886846
3.66 2.75 0.00 3.17 3.99 4.34 0.00 0.00 2.28 2.83 4.69 5.38 6.01 6.82 8.41 0.00 2.47 3.78 6.45 8.28 0.00 7.64 2.34 5.27 4.23 2.75 2.64 0.00 5.76 6.06 4.89 5.59 5899935
3.65 2.82 0.00 2.60 3.96 4.31 3.86 0.00 2.28 2.71 4.57 5.37 6.14 6.88 8.40 0.00 2.83 3.79 6.30 8.46 5.71 7.11 9.96 4.40 4.20 2.03 2.57 4.89 5.70 5.96 4.92 4.99 5913025
3.66 2.87 0.00 3.92 3.95 4.25 3.78 0.00 2.26 2.76 4.55 5.45 6.00 6.19 8.42 0.00 2.79 3.60 6.20 0.00 5.94 0.00 0.00 5.48 4.25 2.14 2.55 5.26 5.62 6.08 4.85 4.98 5926115
3.58 2.96 0.00 2.83 4.03 4.14 3.71 0.00 2.27 2.80 4.68 5.64 5.86 6.65 8.40 7.90 2.11 3.74 6.28 8.35 5.60 7.05 9.70 3.03 4.26 2.02 2.72 4.99 5.76 6.16 4.91 5.00 5939205
3.64 2.73 0.00 3.73 3.90 4.27 3.36 0.00 2.41 2.78 4.78 5.85 0.00 6.83 8.40 8.10 2.95 3.55 6.06 8.12 0.00 0.00 9.77 4.32 4.17 2.25 2.59 0.00 5.85 6.08 4.95 4.95 5952295
3.61 2.79 5.11 2.72 4.47 4.10 3.38 0.00 2.26 2.24 5.36 5.46 5.78 5.78 7.95 0.00 0.00 3.63 6.39 8.32 0.00 6.96 3.66 0.00 4.29 2.13 2.59 5.56 5.80 6.01 4.86 5.49 5965385
3.69 2.83 5.07 3.78 3.91 4.03 3.60 0.00 2.33 2.80 5.01 5.56 5.74 6.11 8.23 8.08 2.36 3.63 6.52 0.00 5.78 0.00 4.18 5.07 4.53 2.17 2.64 5.09 5.60 6.34 5.01 4.97 5978475
3.58 2.88 0.00 0.00 4.55 4.13 3.99 0.00 2.41 2.69 4.77 5.43 5.54 4.77 8.68 7.91 2.25 3.69 6.18 8.39 5.64 7.04 9.77 4.46 4.48 2.03 2.58 5.18 5.72 6.13 4.99 0.00 5991565
3.56 2.89 4.81 3.48 3.87 3.90 3.67 5.92 2.56 2.86 4.66 5.63 4.87 5.26 8.47 7.37 2.19 3.80 6.24 8.50 6.02 6.80 8.18 5.53 4.33 2.02 2.51 5.17 5.72 6.10 5.20 4.98 6004655
3.59 2.85 0.00 2.60 4.17 3.95 3.60 4.23 2.38 2.86 4.91 5.63 5.09 6.72 8.80 7.28 0.00 3.74 6.38 8.42 3.73 2.24 7.41 4.42 4.47 2.04 2.56 5.14 5.74 6.19 4.99 5.27 6017745
3.66 3.00 0.00 2.59 4.08 3.88 3.32 0.00 2.41 2.90 4.79 5.51 5.14 2.68 7.41 7.49 2.24 3.74 6.52 8.47 0.00 0.00 3.77 3.58 4.43 2.03 2.59 5.23 5.74 6.08 5.29 4.96 6030835
3.56 2.92 0.00 2.62 3.91 3.83 2.70 0.00 2.43 3.10 5.17 5.53 5.40 6.14 7.22 4.43 2.48 3.53 6.27 8.50 5.96 0.00 8.66 4.76 4.31 2.05 2.55 5.13 5.68 6.10 4.99 5.06 6043925
3.73 2.96 0.00 3.35 3.91 3.88 0.00 0.00 2.41 2.56 4.91 5.68 4.77 2.70 7.01 7.00 0.00 3.97 6.37 8.42 5.82 6.52 2.46 0.00 4.39 2.10 2.49 5.88 5.81 6.18 4.16 5.29 6057015
3.64 2.99 4.62 3.51 3.91 3.80 0.00 0.00 2.41 2.99 4.96 5.65 4.63 5.66 4.93 4.60 2.81 3.48 6.30 8.60 6.05 0.00 3.07 3.09 4.25 2.07 2.59 5.33 5.80 6.15 5.11 5.14 6070105
3.66 2.97 0.00 3.14 4.00 3.85 3.40 2.81 2.38 3.00 4.94 5.04 4.72 5.42 6.41 6.62 2.07 3.56 6.20 8.48 5.68 0.00 4.81 4.17 4.39 2.06 2.70 5.26 5.73 6.10 5.22 5.29 6083195
3.96 3.01 5.05 2.56 4.20 3.85 2.90 0.00 2.51 2.99 4.96 5.70 4.60 4.54 6.43 6.31 2.95 3.64 6.48 8.47 5.60 5.84 3.47 2.12 4.35 2.04 2.67 0.00 5.69 5.51 5.35 4.36 6096285
3.74 3.09 4.87 2.49 4.06 3.69 3.11 0.00 2.27 3.09 4.96 5.73 4.51 3.60 6.27 5.84 0.00 3.68 3.51 8.46 3.31 5.82 3.60 2.13 4.29 2.09 2.72 0.00 5.30 5.64 3.46 5.87 6109375
3.83 3.04 4.98 3.26 4.03 3.28 3.21 4.46 2.22 2.71 5.10 5.82 4.56 5.05 6.15 5.65 2.05 3.33 5.75 8.63 5.12 6.01 3.44 2.60 2.88 2.04 2.66 5.45 3.72 2.44 4.34 5.31 6122465
3.77 2.84 4.82 2.46 3.85 3.70 3.34 3.99 2.46 3.22 5.05 5.80 4.65 4.83 5.70 5.86 2.17 3.61 6.16 8.86 4.53 0.00 2.61 3.85 4.60 2.15 2.74 6.01 5.72 5.67 2.61 5.39 6135555
3.76 2.92 5.11 2.52 3.96 3.74 3.14 4.47 2.42 3.15 5.24 6.05 4.70 3.41 5.39 4.24 2.18 3.41 5.69 8.70 3.18 5.33 3.36 2.53 4.35 2.12 2.83 5.78 5.19 5.90 4.51 4.88 6148645
3.80 2.76 4.78 2.71 3.90 3.72 3.54 5.57 2.49 3.07 5.24 5.83 4.25 4.40 5.71 5.39 2.04 3.04 4.91 8.68 2.72 0.00 2.36 0.00 4.76 2.14 2.92 0.00 5.80 5.91 4.34 5.38 6161735
4.02 3.05 5.05 2.67 3.21 3.75 3.82 5.73 2.25 3.33 5.25 4.75 4.72 3.67 5.06 4.29 2.05 3.43 2.89 8.84 3.16 2.13 2.55 2.37 4.18 2.17 2.74 0.00 4.92 2.70 4.29 5.42 6174825
4.05 2.98 4.89 2.33 2.74 3.73 2.96 5.80 2.36 2.57 5.24 5.95 4.53 3.25 5.23 5.71 2.04 3.56 4.11 8.59 3.39 4.96 3.96 3.99 4.13 2.05 2.27 6.05 5.62 5.87 5.57 5.37 6187915
4.00 2.84 3.72 2.35 4.08 3.74 3.35 6.12 2.35 2.55 2.29 6.06 3.60 3.54 5.46 5.64 3.18 3.51 3.72 8.70 4.91 4.98 3.09 3.05 3.69 2.31 2.70 0.00 5.85 5.66 3.52 5.44 6201005
3.84 2.93 4.92 2.49 4.16 3.83 3.18 5.67 2.51 3.16 5.47 6.28 3.20 3.21 5.20 4.49 2.40 2.98 2.71 8.96 2.96 5.07 3.40 3.73 4.01 2.03 2.79 0.00 4.00 5.89 5.38 5.51 6214095
3.89 3.08 5.21 2.59 3.96 3.38 3.20 3.83 2.51 2.83 5.36 6.03 4.41 3.20 5.37 5.86 2.09 3.77 6.61 8.84 3.91 0.00 3.33 3.05 2.82 2.04 2.55 0.00 4.41 4.68 5.02 5.47 6227185
3.88 2.92 4.76 2.83 3.74 3.81 2.74 5.39 2.58 2.67 4.74 6.41 4.43 2.94 2.69 5.98 2.03 3.40 3.12 8.62 4.54 5.15 4.66 2.47 4.05 2.48 2.69 6.26 3.44 5.63 5.08 5.57 6240275
3.88 3.03 5.13 2.50 3.99 3.74 0.00 5.53 2.53 2.77 5.33 5.41 2.98 3.53 5.52 5.31 3.05 3.43 4.34 8.63 4.13 5.21 2.72 2.93 4.28 0.00 2.90 4.02 3.95 5.66 2.97 5.54 6253365
3.75 3.08 4.90 2.43 4.00 3.57 3.44 5.01 2.55 2.81 5.42 6.10 4.39 2.29 5.73 4.16 2.12 3.74 5.70 8.77 4.94 0.00 2.65 0.00 4.16 0.00 2.88 0.00 6.00 4.12 4.06 4.88 6266455
3.96 2.91 3.38 2.68 4.00 3.09 3.50 5.30 2.62 3.00 5.54 6.11 4.40 3.38 5.60 5.43 2.11 3.40 6.89 8.67 4.73 4.56 7.28 3.50 3.99 0.00 2.85 0.00 3.62 3.55 3.06 5.79 6279545
0.00 3.38 4.86 2.58 3.99 3.46 3.06 3.97 2.57 3.25 5.35 6.24 4.34 3.85 5.88 6.43 2.04 3.49 6.84 8.82 4.21 4.52 3.09 3.18 2.83 2.08 2.59 0.00 5.20 5.75 5.56 5.65 6292635
3.82 3.07 4.66 2.86 4.06 3.73 3.11 5.06 2.56 2.20 5.34 6.10 0.00 4.11 5.58 6.56 2.87 3.52 6.85 8.92 3.12 0.00 5.68 2.54 4.17 2.03 2.94 6.13 6.13 5.77 5.61 5.85 6305725
3.85 3.08 4.88 2.60 4.05 3.26 3.12 5.36 2.60 2.42 5.43 6.29 4.35 4.51 5.88 6.59 2.69 3.34 6.74 8.87 4.42 4.32 10.32 4.45 4.08 2.16 2.97 5.79 6.21 5.63 6.38 5.76 6318816
4.01 3.15 5.05 2.89 4.06 3.78 3.35 5.30 2.39 3.39 5.58 6.22 4.35 4.22 5.84 6.60 0.00 3.54 6.94 8.71 4.48 4.31 3.09 4.01 4.13 2.31 2.88 0.00 6.26 6.18 5.65 5.73 6331905
3.93 2.95 3.64 2.91 4.08 2.97 4.08 4.66 2.33 3.14 5.53 6.38 4.56 3.34 5.82 6.78 2.32 3.85 6.85 8.77 4.38 4.47 2.80 4.34 4.13 2.27 2.94 0.00 3.29 5.63 4.10 5.76 6344995
0.00 3.18 5.04 2.91 4.78 3.74 3.48 5.09 2.55 3.07 5.50 6.43 4.43 3.39 5.91 6.82 2.02 4.10 6.79 8.83 4.38 4.35 3.34 0.00 4.08 2.37 3.01 0.00 5.99 5.82 5.64 5.63 6358085
4.25 3.08 4.68 2.71 4.07 3.70 3.29 4.86 2.67 3.37 5.58 6.30 4.26 5.21 6.02 7.05 2.02 3.64 7.35 8.90 4.32 4.36 9.81 4.92 4.08 2.18 3.00 6.00 6.24 5.68 6.08 5.76 6371175
3.88 3.07 0.00 2.82 4.19 3.82 3.28 4.92 2.56 3.22 5.51 6.29 4.30 3.74 5.98 6.81 2.03 3.75 6.16 8.68 4.07 4.38 9.67 4.41 4.24 2.20 3.13 5.83 5.52 5.71 5.68 5.61 6384265
3.93 3.04 5.01 2.27 4.03 3.69 3.58 5.00 2.35 3.55 5.65 6.51 4.38 5.29 6.07 6.88 2.07 3.57 5.84 8.70 4.19 4.26 4.35 4.41 4.32 2.31 3.01 5.74 6.26 5.77 5.73 6.26 6397355
4.23 3.13 4.63 3.16 4.04 3.72 3.31 4.75 2.55 3.52 5.48 6.25 4.46 3.38 6.20 6.93 2.10 3.74 6.60 8.70 4.08 4.75 10.21 3.31 4.28 2.35 3.18 0.00 6.22 6.37 5.72 5.71 6410446
3.90 3.14 5.01 2.55 4.13 3.77 0.00 4.81 2.55 3.51 5.67 6.34 4.21 4.98 6.25 7.27 0.00 3.79 6.57 8.67 4.20 4.25 9.68 0.00 4.47 2.37 3.11 5.78 6.34 5.66 5.71 0.00 6423535
3.96 3.06 5.07 3.20 4.31 3.79 0.00 4.68 2.62 3.55 5.58 6.35 4.35 5.24 6.20 7.02 2.75 4.04 7.06 8.79 3.94 0.00 9.63 5.33 4.23 2.35 3.09 5.93 6.36 5.71 5.73 5.71 6436625
4.29 3.06 5.01 2.59 4.11 3.67 4.01 4.61 2.59 3.67 5.80 6.41 4.28 5.39 6.07 6.93 2.12 3.79 6.60 0.00 3.98 4.11 9.65 4.24 4.22 2.35 3.06 5.92 6.21 0.00 5.79 5.63 6449715
3.79 3.13 4.66 2.79 4.08 3.71 3.61 4.67 2.62 3.04 5.72 6.30 4.17 5.32 6.21 7.17 2.71 3.96 6.56 8.71 4.04 4.08 9.60 4.88 4.28 2.46 3.14 0.00 6.30 5.73 5.88 5.69 6462805
3.90 3.13 5.02 2.90 4.05 3.71 0.00 4.69 2.61 3.73 5.73 6.31 4.87 5.45 6.27 7.12 2.19 4.13 6.55 8.72 3.96 4.12 9.60 0.00 4.36 2.41 3.29 0.00 6.31 5.74 5.74 5.60 6475895
4.45 3.14 5.19 3.81 4.20 3.70 0.00 4.57 2.59 3.77 5.68 6.33 4.63 5.41 6.59 7.46 2.02 4.42 6.05 8.66 4.07 4.11 9.55 4.21 4.46 2.44 3.24 0.00 6.28 5.76 5.89 0.00 6488985
3.92 3.13 4.94 2.76 4.08 3.72 0.00 4.69 2.62 3.51 5.65 0.00 4.22 5.47 6.17 7.07 2.02 3.81 6.88 9.26 3.94 4.45 9.67 4.43 4.66 0.00 3.13 0.00 6.27 5.75 5.81 0.00 6502075
3.82 3.07 4.95 2.71 4.09 3.75 0.00 4.60 2.60 3.66 5.61 6.35 4.32 5.50 6.34 7.09 2.04 3.81 6.84 8.73 4.04 0.00 9.79 0.00 4.67 2.49 3.23 5.96 6.34 6.01 5.79 6.40 6515165
3.93 3.09 0.00 2.66 4.18 3.77 0.00 4.39 2.61 3.49 5.65 6.30 4.31 5.53 6.25 7.21 2.06 3.82 7.09 8.53 3.34 4.09 9.85 4.26 4.42 2.43 3.33 6.07 6.39 5.78 5.78 5.62 6528255
3.82 3.07 0.00 0.00 4.12 3.71 3.81 0.00 2.55 3.55 5.53 6.41 4.52 5.61 6.35 7.23 2.00 3.78 6.87 8.77 4.24 4.12 9.75 4.76 4.43 2.72 3.15 0.00 6.37 5.70 5.82 5.85 6541345
3.80 3.13 5.06 3.47 4.88 3.84 0.00 4.40 2.59 3.43 5.57 6.31 4.21 5.56 6.40 7.18 2.02 3.82 7.01 8.73 3.81 0.00 9.78 4.54 4.24 2.50 3.36 0.00 6.35 5.72 5.87 5.89 6554435
3.85 3.14 0.00 3.40 4.24 3.84 0.00 4.29 2.57 3.74 5.67 6.30 4.34 4.66 6.30 7.29 2.04 3.73 6.38 8.79 3.75 4.02 9.55 0.00 4.47 2.47 3.18 0.00 6.52 0.00 5.75 5.94 6567525
3.88 3.14 0.00 3.11 4.15 3.75 3.74 4.41 2.53 2.71 6.19 6.33 4.28 5.61 6.50 7.30 2.02 4.14 6.99 9.11 4.11 4.06 10.32 4.91 4.33 2.57 3.33 0.00 6.36 5.82 5.79 5.82 6580616
3.83 3.00 0.00 3.23 4.09 3.79 0.00 4.37 2.59 3.52 5.64 6.30 4.28 5.71 6.49 7.44 2.06 4.02 7.22 8.89 3.95 4.58 9.84 4.21 4.37 2.67 3.29 0.00 6.64 5.91 5.81 6.21 6593705
3.90 3.14 0.00 3.38 4.41 3.86 3.35 4.40 2.68 3.53 5.60 6.41 4.30 5.20 6.35 7.36 2.01 3.77 7.16 0.00 3.85 4.17 9.79 4.06 4.41 2.70 3.25 0.00 6.52 5.81 5.82 5.66 6606795
3.90 3.04 0.00 0.00 4.18 3.79 0.00 4.17 2.61 3.60 5.69 6.41 4.22 5.35 6.46 7.30 0.00 3.79 6.97 0.00 3.93 4.07 9.81 0.00 4.38 2.59 3.25 0.00 6.41 5.84 6.02 5.78 6619885
3.98 0.00 5.00 3.02 4.25 3.77 0.00 4.25 2.58 3.50 5.79 6.56 4.30 5.49 6.48 7.48 2.01 3.85 6.60 8.69 3.73 4.21 9.79 4.53 4.46 2.61 3.30 0.00 6.02 5.76 6.06 5.70 6632975
3.92 3.13 0.00 3.90 4.17 3.88 0.00 3.93 2.69 3.42 5.64 6.41 4.26 5.50 6.64 7.39 2.02 3.82 0.00 8.75 3.69 4.20 9.60 4.53 4.56 2.96 3.22 0.00 6.46 5.73 5.83 5.71 6646065
3.83 3.05 0.00 3.02 4.21 3.77 0.00 4.49 2.56 3.42 5.72 6.41 4.39 5.58 6.56 7.56 2.04 3.86 0.00 9.20 3.68 4.75 9.77 4.54 4.55 2.64 3.27 0.00 6.49 5.72 5.92 5.77 6659155
3.94 3.71 0.00 0.00 4.26 3.80 3.65 4.08 2.69 3.14 5.85 6.63 4.47 5.50 6.55 7.51 2.26 3.89 6.87 8.71 3.68 4.15 9.81 4.04 4.33 3.04 3.27 0.00 6.39 5.71 6.60 5.99 6672245
4.37 3.03 0.00 3.13 4.21 3.80 0.00 4.36 2.53 3.59 6.15 6.45 4.89 5.63 6.57 7.52 0.00 3.76 6.97 8.79 3.52 4.23 7.35 4.41 4.70 2.68 3.39 0.00 7.02 5.80 6.04 5.65 6685335
3.94 3.13 4.74 3.06 4.22 3.84 0.00 3.93 2.61 3.58 5.68 6.44 4.53 5.45 6.66 7.92 0.00 3.76 6.76 8.72 3.48 4.13 9.94 4.45 4.35 2.82 3.54 0.00 6.38 5.76 6.01 6.02 6698425
4.08 3.05 4.95 2.53 4.40 3.82 0.00 3.74 2.56 3.49 5.93 6.51 4.39 5.64 6.76 7.85 2.57 3.65 6.96 0.00 3.44 4.32 9.75 4.52 4.42 2.90 3.36 0.00 6.51 5.77 5.95 6.32 6711515
3.78 3.03 0.00 0.00 4.23 3.86 0.00 3.97 2.59 3.58 5.82 6.47 4.48 5.23 6.78 7.83 0.00 3.65 6.98 8.74 3.44 4.08 10.70 0.00 4.42 2.81 3.48 0.00 6.38 5.76 5.97 5.94 6724606
3.93 3.12 5.33 0.00 4.23 4.02 3.44 3.85 2.67 3.49 5.96 6.54 4.61 5.54 6.95 8.24 0.00 0.00 6.93 8.71 3.42 4.11 10.48 4.15 4.57 3.10 3.39 0.00 6.52 5.79 6.01 6.44 6737696
4.23 3.00 5.05 3.63 4.34 3.93 0.00 3.97 2.64 3.59 5.82 6.53 4.33 5.62 6.85 7.66 2.11 3.76 6.92 8.86 3.60 4.11 5.97 4.35 4.54 3.05 3.48 0.00 6.55 6.25 6.44 6.02 6750785
3.83 3.19 4.92 0.00 4.21 3.86 0.00 3.69 2.60 3.64 5.74 6.59 4.31 5.54 6.76 7.76 2.01 3.96 6.70 8.61 3.30 4.13 10.56 5.15 4.59 2.91 3.42 0.00 6.58 5.83 6.05 6.25 6763876
4.44 3.11 0.00 3.19 4.29 3.88 3.27 3.87 2.59 3.65 5.67 6.59 3.92 5.57 6.86 7.78 0.00 3.79 6.74 8.61 3.46 4.24 3.51 3.73 4.58 3.09 3.54 0.00 6.59 5.69 5.99 6.15 6776965
3.84 3.10 5.06 0.00 4.45 3.87 3.69 3.74 2.61 3.74 5.73 6.65 4.66 5.63 7.43 7.92 2.93 3.65 6.64 8.75 3.36 4.10 0.00 0.00 4.58 2.92 3.63 0.00 6.80 5.82 6.07 0.00 6790055
3.86 3.11 0.00 3.34 4.34 3.90 3.79 3.73 2.73 3.71 5.86 6.60 4.47 5.66 7.25 7.69 2.19 0.00 0.00 9.07 3.31 4.10 10.49 4.33 4.40 2.97 3.54 0.00 6.54 5.78 6.46 5.94 6803146
3.98 3.07 4.80 0.00 0.00 3.95 0.00 3.65 2.60 3.63 5.95 6.62 4.76 5.29 6.96 7.95 0.00 4.08 6.87 8.68 3.24 4.25 9.74 4.59 4.45 3.03 3.61 0.00 6.57 5.80 6.10 5.92 6816235
3.86 3.08 5.08 0.00 4.30 4.00 3.91 3.69 2.59 3.80 5.85 7.09 4.57 5.70 6.99 7.67 2.16 4.07 6.52 8.85 3.30 4.11 9.62 4.24 4.57 3.08 3.66 0.00 6.44 5.74 6.30 5.99 6829325
4.06 3.05 0.00 3.37 4.27 3.89 3.83 3.65 2.70 3.55 5.97 6.67 4.64 5.73 7.03 7.62 2.59 3.70 6.70 9.12 3.35 4.20 9.65 4.39 4.74 3.04 3.61 0.00 6.90 6.59 6.03 5.78 6842415
3.93 3.13 0.00 0.00 4.27 3.84 3.79 3.67 2.59 3.67 5.98 6.78 4.45 5.78 6.78 7.74 2.73 3.97 6.69 8.79 3.23 4.16 9.76 4.50 4.53 3.21 3.63 0.00 6.57 5.80 5.98 5.84 6855505
3.90 3.08 0.00 3.13 4.27 4.05 0.00 3.73 2.54 3.66 6.36 6.65 4.68 5.71 6.78 0.00 0.00 3.89 6.51 8.76 3.53 4.19 9.81 4.95 4.61 3.11 3.74 0.00 6.60 5.81 6.01 5.83 6868595
3.75 3.11 0.00 3.40 4.32 3.95 3.66 3.73 2.60 3.72 5.85 6.63 4.67 5.66 6.76 7.71 0.00 3.74 6.52 8.94 3.32 4.15 10.65 4.42 4.59 3.07 3.66 0.00 6.49 5.80 5.97 5.91 6881686
3.81 3.02 0.00 3.54 4.20 3.91 0.00 3.70 2.54 3.52 6.16 6.69 4.58 5.86 6.81 0.00 0.00 3.76 6.54 8.60 3.29 4.20 5.71 5.38 4.62 3.12 3.65 0.00 6.62 5.74 6.08 5.92 6894775
3.82 3.08 0.00 3.50 4.27 3.91 0.00 3.67 2.58 3.69 5.93 6.59 4.65 5.74 6.72 7.58 0.00 4.20 6.35 9.13 3.41 4.84 9.79 4.11 4.65 3.17 3.71 0.00 6.49 5.79 6.37 6.06 6907865
3.81 3.07 0.00 2.92 4.21 3.92 0.00 3.69 2.59 3.58 5.90 6.61 4.86 5.70 6.75 7.58 0.00 3.82 6.64 0.00 3.61 4.21 9.88 5.24 4.76 3.18 3.70 0.00 6.53 6.43 6.18 6.22 6920955
3.83 3.08 4.68 3.16 4.32 3.92 0.00 3.73 2.57 3.42 5.83 6.69 4.61 5.71 6.90 7.89 0.00 3.98 6.62 8.73 3.39 4.22 9.86 4.70 4.58 3.55 3.86 0.00 6.57 5.71 6.11 6.35 6934045
3.80 3.05 0.00 2.99 4.24 3.95 3.36 3.68 2.53 3.53 5.96 6.63 4.56 5.74 6.75 7.64 0.00 4.01 0.00 9.05 3.48 4.36 0.00 4.93 0.00 3.23 3.70 0.00 6.49 5.74 6.07 6.21 6947135
3.89 3.09 4.97 0.00 4.26 3.89 4.01 3.69 2.56 3.46 5.88 0.00 4.66 5.65 6.70 7.65 2.75 3.94 0.00 0.00 3.41 4.46 10.54 4.17 4.67 3.17 3.90 0.00 6.60 5.78 6.11 6.04 6960226
3.89 3.08 0.00 3.57 4.24 3.90 3.71 3.64 2.59 3.62 5.98 7.31 4.53 5.00 6.66 7.79 2.41 3.92 6.57 8.76 3.53 4.64 9.94 0.00 4.86 3.27 3.79 0.00 6.51 5.71 5.96 6.08 6973315
3.87 2.99 0.00 3.08 4.25 3.95 3.30 3.99 2.56 3.47 5.93 7.02 4.84 5.55 6.68 7.55 2.68 3.91 6.50 8.86 3.31 4.52 9.82 3.90 4.93 0.00 3.81 0.00 6.55 5.73 6.26 6.09 6986405
3.89 3.00 0.00 2.89 4.23 3.93 3.66 3.60 0.00 3.56 6.01 7.27 4.77 3.59 6.72 7.50 0.00 4.02 6.77 8.80 3.51 4.23 4.96 4.95 4.87 3.44 3.88 0.00 6.74 5.70 6.09 6.24 6999495
4.01 3.05 0.00 0.00 4.29 3.93 3.66 3.59 2.59 3.54 6.14 6.73 4.66 5.63 6.78 7.49 2.16 3.75 6.81 8.69 3.49 4.32 10.82 4.32 4.79 3.65 3.85 0.00 6.59 5.71 6.11 6.23 7012586
3.88 3.09 0.00 0.00 4.23 3.94 3.63 3.69 2.65 3.54 5.94 0.00 4.61 4.05 6.77 7.47 2.45 3.95 6.79 8.88 3.45 4.40 0.00 4.31 4.83 3.34 3.92 0.00 5.83 5.69 6.31 6.16 7025675
3.89 3.08 5.16 0.00 4.26 3.98 4.31 3.66 2.69 3.39 5.91 6.99 4.88 5.49 6.64 7.64 2.12 3.92 6.45 8.94 3.37 4.43 10.35 4.69 5.07 0.00 3.91 0.00 6.53 5.77 6.23 6.61 7038766
3.87 3.01 4.92 0.00 4.27 3.99 3.79 3.72 2.87 3.60 6.08 6.69 4.71 4.01 6.65 7.44 2.64 3.85 7.30 8.65 3.52 0.00 10.82 4.53 4.80 3.36 3.91 0.00 6.50 5.76 6.11 0.00 7051856
3.87 3.15 0.00 0.00 4.28 4.03 3.32 3.73 2.65 3.61 6.06 6.69 4.81 5.38 6.59 7.47 2.07 3.57 6.73 8.74 3.59 4.35 10.48 4.40 4.98 3.37 3.93 0.00 6.68 5.74 6.27 6.31 7064946
3.97 3.04 0.00 0.00 4.33 4.04 3.78 3.63 2.66 3.64 5.99 6.72 0.00 5.20 6.58 7.59 2.85 3.68 6.36 8.72 3.51 4.30 5.33 5.23 4.79 3.55 3.93 0.00 0.00 5.88 6.08 6.27 7078035
3.84 3.05 0.00 0.00 4.30 4.04 3.46 3.64 2.63 3.34 5.93 6.74 4.96 4.57 6.49 7.59 2.65 3.74 6.73 8.80 3.45 4.59 0.00 4.06 5.19 3.50 4.01 0.00 6.73 5.75 6.10 6.19 7091125
3.93 3.11 0.00 3.01 4.32 3.99 3.84 3.51 2.67 3.62 6.09 7.57 5.05 5.44 6.58 7.35 2.62 3.61 6.96 8.77 3.47 4.41 10.46 5.31 4.94 3.62 4.06 0.00 6.53 5.74 6.16 6.34 7104216
4.04 3.02 5.16 3.21 4.27 4.02 3.54 3.70 2.69 2.85 6.20 6.73 5.64 5.28 6.53 7.40 2.18 3.86 7.17 8.83 3.36 0.00 10.35 5.23 5.03 3.48 4.06 0.00 6.63 6.36 6.23 6.39 7117306
4.03 3.11 0.00 3.38 4.44 4.02 3.75 3.83 2.57 3.69 6.16 6.86 4.85 4.21 6.55 7.13 0.00 3.56 6.53 8.79 3.63 4.42 10.76 4.07 5.03 3.44 4.02 0.00 6.66 5.70 6.04 6.36 7130396
3.97 3.12 0.00 3.26 4.32 4.01 3.64 3.74 2.71 3.57 6.22 7.03 4.92 5.30 6.28 7.12 0.00 3.71 7.28 8.72 3.49 5.04 10.22 4.04 5.18 3.53 4.10 0.00 6.57 5.70 6.06 6.34 7143486
4.00 3.03 0.00 3.66 4.44 4.04 3.63 3.67 2.68 3.84 6.09 6.94 4.82 5.38 6.27 7.04 2.73 3.78 6.82 8.83 3.49 4.35 0.00 5.59 5.03 3.69 4.22 0.00 6.60 5.69 6.08 6.48 7156575
3.95 2.99 0.00 0.00 4.81 4.06 3.37 3.80 2.85 3.64 6.27 6.84 4.80 5.27 6.14 6.49 0.00 3.64 6.41 8.94 3.52 4.49 0.00 3.86 5.13 0.00 4.18 0.00 6.67 5.68 6.40 6.87 7169665
4.01 3.12 0.00 3.19 4.32 4.04 3.47 3.68 2.87 3.37 6.27 6.92 4.88 4.27 6.10 6.87 0.00 3.72 6.97 8.75 3.44 4.38 0.00 0.00 5.26 3.66 4.11 0.00 3.09 5.66 6.17 6.75 7182755
3.97 3.07 0.00 3.05 4.27 4.40 3.75 3.83 2.76 3.49 6.08 6.96 4.77 5.20 5.75 6.33 0.00 3.62 7.03 9.50 3.62 4.45 10.76 4.02 5.29 3.62 4.24 0.00 6.52 5.65 6.08 6.71 7195846
4.05 3.10 0.00 2.99 4.29 4.03 3.46 3.79 2.81 3.71 6.45 6.97 4.80 5.49 5.74 6.35 0.00 3.75 6.89 0.00 3.56 4.53 0.00 0.00 5.20 3.72 4.12 0.00 6.54 5.66 6.25 6.44 7208935
4.05 3.18 0.00 2.84 4.33 4.03 3.41 3.74 2.72 3.51 6.24 6.95 4.85 4.29 5.51 6.06 2.74 3.74 6.74 8.85 3.46 4.45 10.13 5.11 5.12 3.72 4.16 0.00 6.61 5.67 6.05 7.06 7222026
4.07 3.07 0.00 3.16 4.39 4.29 3.53 3.85 2.59 3.64 6.30 7.07 4.79 4.86 5.38 5.88 0.00 3.86 6.89 8.79 3.59 4.73 2.96 4.74 5.28 3.72 4.22 0.00 6.63 6.03 5.96 6.58 7235115
3.99 3.14 0.00 2.73 4.40 4.01 3.28 3.75 2.79 3.61 6.32 7.18 4.73 5.10 5.51 5.68 2.17 4.06 7.27 8.86 3.50 0.00 10.44 5.10 5.31 3.84 4.19 0.00 6.54 5.65 6.06 6.50 7248206
4.08 3.04 0.00 0.00 4.76 3.93 3.43 3.86 2.82 3.54 6.57 7.14 4.62 5.42 5.30 5.76 0.00 3.72 7.56 8.84 3.62 4.58 10.77 4.12 5.24 3.81 4.34 0.00 6.67 5.64 6.14 6.77 7261296
4.02 3.11 4.71 0.00 4.39 3.91 3.59 3.67 2.84 3.67 6.51 7.02 4.65 4.98 5.45 6.06 2.17 3.76 7.51 8.99 3.61 5.33 9.79 4.67 5.36 3.96 4.25 0.00 6.63 5.74 6.12 0.00 7274385
4.04 3.07 0.00 2.58 4.43 3.91 3.40 4.47 2.83 3.84 6.32 7.07 4.62 4.97 5.24 5.72 2.62 3.65 0.00 8.80 3.41 4.80 10.45 3.36 5.49 3.92 4.33 0.00 6.49 5.59 6.09 6.67 7287476
4.22 3.05 5.22 3.37 4.28 3.92 3.27 3.82 2.79 3.72 6.48 7.31 3.16 5.01 5.26 5.66 2.71 3.65 7.08 8.76 3.59 4.73 9.88 5.71 5.64 3.88 4.35 0.00 6.53 5.61 6.21 0.00 7300565
4.08 3.03 0.00 2.77 4.30 4.07 3.33 3.95 2.82 3.72 6.34 7.08 4.48 4.53 5.25 5.67 0.00 3.69 6.81 8.84 3.65 4.73 10.56 4.68 5.58 0.00 4.43 0.00 6.53 5.62 6.12 0.00 7313656
4.06 3.06 0.00 3.68 4.42 3.69 3.40 3.67 2.86 3.56 6.33 7.06 4.58 4.33 5.42 5.63 2.13 3.67 6.58 8.79 3.57 4.49 9.62 3.94 5.52 4.00 4.47 0.00 2.87 5.95 6.10 6.48 7326745
4.13 3.09 0.00 2.96 4.28 4.00 3.41 4.00 2.88 2.50 6.65 7.14 4.69 3.92 5.21 5.63 2.51 3.66 6.67 0.00 3.67 4.96 5.29 5.12 5.80 3.97 4.47 0.00 6.39 5.73 6.10 6.53 7339835
4.17 3.09 0.00 3.13 4.35 3.94 3.35 3.75 2.81 3.91 6.55 7.03 4.13 4.30 5.38 5.60 2.82 3.74 6.85 8.92 3.58 0.00 10.79 4.74 5.86 4.00 4.54 0.00 6.34 5.56 6.68 6.70 7352926
4.34 3.07 4.94 3.35 4.38 3.91 3.35 4.09 2.81 4.00 6.40 7.15 5.18 3.01 5.27 5.97 0.00 3.73 0.00 8.99 3.61 4.65 10.31 4.59 5.96 3.98 4.46 0.00 6.54 5.62 6.47 6.69 7366016
4.01 3.07 4.95 3.27 4.40 3.95 3.31 3.73 2.83 4.02 6.55 7.29 3.62 4.09 5.28 5.69 2.59 3.76 7.05 8.76 3.72 5.19 10.62 5.43 6.12 4.08 4.47 0.00 6.42 5.42 6.33 6.38 7379106
4.02 3.12 0.00 3.63 4.32 3.97 3.46 3.82 2.92 3.69 6.40 7.31 3.65 4.26 5.40 5.67 0.00 3.64 6.70 8.77 3.44 4.61 10.56 4.88 6.06 4.32 4.52 0.00 6.40 5.54 6.34 6.54 7392196
4.44 3.07 0.00 3.86 4.34 3.96 3.33 4.07 3.02 3.79 6.60 7.17 3.55 4.19 5.32 5.75 2.57 3.71 6.33 8.79 3.81 4.75 10.59 4.33 6.00 4.11 4.66 0.00 6.32 5.41 6.20 7.06 7405286
4.01 3.07 0.00 3.06 4.31 3.94 3.40 3.94 3.12 3.85 6.45 7.23 3.58 4.05 5.33 6.01 2.69 3.94 6.76 9.23 3.64 4.90 10.49 5.15 6.33 4.21 4.63 0.00 6.10 5.42 6.36 6.43 7418376
4.02 3.05 5.04 3.05 4.39 3.89 3.30 3.69 2.92 4.02 6.57 7.43 3.35 4.11 5.27 5.77 2.11 3.72 6.90 9.50 4.09 0.00 9.81 4.41 6.96 4.49 4.18 0.00 6.01 4.83 6.15 6.55 7431465
3.91 3.12 0.00 0.00 4.29 3.91 3.31 3.83 3.09 3.33 6.58 7.22 3.44 3.97 5.33 5.81 0.00 3.88 7.19 8.85 3.75 4.73 10.40 3.69 6.48 4.29 4.00 0.00 5.85 5.48 6.78 6.37 7444556
4.38 3.08 0.00 3.44 4.32 3.96 3.25 3.84 3.04 3.58 6.80 7.25 3.43 4.13 5.38 0.00 2.29 4.02 6.63 8.71 3.67 4.69 9.77 5.56 6.51 0.00 4.60 0.00 5.67 5.25 6.30 6.65 7457645
4.44 3.23 5.20 3.17 4.31 3.97 3.28 3.97 3.13 3.88 7.02 7.24 3.47 4.13 5.15 5.81 2.08 3.89 7.10 9.42 3.77 4.81 9.41 3.94 6.45 4.21 4.67 0.00 5.77 5.18 6.28 6.49 7470735
4.01 3.15 0.00 2.69 4.31 3.98 3.27 4.22 2.91 4.07 6.67 0.00 3.58 4.05 5.17 6.01 0.00 3.78 6.62 8.86 4.25 4.92 2.92 5.12 6.67 0.00 4.80 5.98 5.61 5.11 6.18 6.66 7483825
3.93 3.17 0.00 3.16 4.41 3.92 3.29 4.26 2.95 4.27 6.96 7.59 3.28 3.85 5.24 5.92 0.00 3.84 6.58 8.83 3.76 4.86 9.78 4.42 6.66 4.78 4.82 6.12 5.79 5.04 6.24 6.50 7496915
4.10 3.07 0.00 3.16 4.40 4.04 3.31 4.05 3.09 4.40 6.60 7.23 3.35 3.89 5.35 6.02 2.60 3.91 6.17 9.03 3.99 0.00 0.00 4.51 6.79 4.39 4.86 0.00 5.70 5.16 6.32 6.57 7510005
4.05 3.04 5.41 2.89 4.65 3.19 3.28 3.84 3.19 4.36 6.78 7.38 3.38 3.77 5.18 5.88 0.00 3.82 6.25 8.94 3.78 4.93 2.88 3.98 6.75 4.50 4.89 6.19 5.61 5.00 6.42 0.00 7523095
4.01 3.08 0.00 3.18 4.46 4.06 3.26 3.95 3.20 3.97 6.62 7.32 3.81 3.62 5.08 5.96 2.18 4.19 6.07 8.89 4.01 0.00 9.77 4.19 6.89 4.63 4.91 6.21 5.68 5.07 6.38 6.38 7536185
4.16 3.08 5.06 2.80 4.39 4.02 3.30 3.87 3.04 3.96 6.65 7.28 3.43 4.03 5.38 5.95 2.61 3.77 6.96 8.84 3.96 5.42 4.06 4.31 6.96 4.45 5.04 0.00 5.41 5.01 6.40 6.63 7549275
4.13 3.16 0.00 0.00 4.55 4.00 3.24 3.87 3.21 2.48 6.72 7.26 3.65 4.12 5.26 6.08 2.76 4.09 6.80 8.87 4.04 0.00 3.51 4.15 7.11 4.39 5.21 5.79 3.50 4.97 6.37 6.50 7562365
4.03 3.11 0.00 2.85 4.41 4.00 3.29 4.04 3.10 4.47 6.77 7.55 3.49 4.04 5.18 6.03 2.14 3.70 6.77 8.88 4.00 4.96 10.48 4.67 7.21 4.91 5.24 5.81 5.35 4.93 6.40 7.07 7575456
3.99 3.04 0.00 2.49 4.44 3.91 3.27 4.06 2.78 4.23 6.76 7.51 3.61 3.95 5.11 6.01 0.00 3.95 3.46 9.03 4.00 5.04 6.02 5.51 6.95 4.39 5.25 5.97 5.15 4.90 5.16 6.43 7588545
3.98 3.10 0.00 2.95 4.40 3.93 3.31 3.92 3.40 4.50 6.88 7.30 3.48 4.05 4.98 6.13 2.05 4.14 6.52 8.86 4.07 5.62 7.95 4.39 7.02 4.46 5.39 5.90 5.26 4.99 6.46 6.47 7601635
3.98 3.04 5.09 3.18 4.48 4.02 3.24 3.94 3.36 4.54 6.86 7.89 3.53 3.96 5.10 6.07 2.67 3.93 7.20 8.79 4.04 4.95 10.06 4.71 5.49 4.63 5.50 5.58 4.77 4.88 6.35 6.42 7614726
4.66 3.09 0.00 3.36 4.43 3.96 3.15 4.00 3.47 4.51 6.83 7.98 3.52 4.12 5.08 6.09 2.66 4.44 6.84 8.88 4.09 5.02 0.00 4.77 7.49 4.54 5.47 5.69 3.97 4.89 6.40 6.70 7627815
4.32 3.14 4.90 3.32 4.42 3.99 3.34 3.96 3.70 4.60 6.71 7.36 3.60 4.17 5.07 6.12 0.00 3.62 6.52 8.91 4.12 5.09 10.16 4.85 6.93 4.67 5.34 0.00 5.20 4.84 6.38 6.46 7640906
4.02 3.03 0.00 0.00 4.46 3.98 3.21 3.91 3.39 3.63 6.99 0.00 3.46 4.28 5.27 6.22 2.36 3.66 6.68 9.17 4.02 5.01 10.61 0.00 6.93 4.69 5.42 5.83 5.00 4.89 6.29 6.34 7653996
4.17 3.07 0.00 3.69 4.45 3.95 3.30 3.97 3.38 4.62 6.89 7.32 3.62 4.24 5.67 0.00 2.01 3.57 6.75 8.90 4.04 5.29 9.78 4.47 6.82 4.74 5.49 6.03 4.99 5.15 6.38 6.54 7667085
4.02 2.96 0.00 3.34 4.55 4.00 3.25 4.44 3.50 4.54 7.21 7.38 3.69 4.29 5.09 6.29 2.01 3.63 6.72 8.77 4.21 4.91 0.00 5.03 7.69 4.71 5.42 5.38 4.77 4.96 6.05 6.49 7680175
4.02 3.02 5.27 3.10 4.51 4.00 3.23 4.04 3.40 4.58 6.80 7.60 3.75 4.39 5.24 6.29 0.00 3.76 7.11 8.95 4.60 0.00 10.53 4.45 6.77 0.00 5.52 5.47 4.83 4.89 6.40 6.34 7693266
4.22 2.97 4.98 2.97 4.47 4.00 3.25 3.97 3.34 4.57 6.72 7.37 3.46 4.38 5.13 6.19 2.76 3.60 6.49 8.88 4.13 5.20 10.63 4.27 6.82 4.66 5.53 5.31 4.86 4.89 6.29 6.61 7706356
3.98 3.04 0.00 3.37 4.48 3.98 3.27 4.01 3.33 4.16 6.96 8.11 3.63 4.36 5.07 6.20 2.77 4.73 6.93 8.82 4.22 5.60 9.95 4.50 6.75 4.77 5.57 5.23 5.03 4.93 6.27 0.00 7719445
4.06 3.05 0.00 3.37 4.48 4.11 3.32 4.07 3.36 4.78 6.93 7.38 3.58 4.47 5.32 6.39 0.00 3.90 6.80 8.97 4.07 5.00 9.67 0.00 6.90 4.87 5.68 0.00 4.65 4.95 6.34 6.51 7732535
4.35 3.01 0.00 3.34 4.47 4.00 3.23 4.36 3.54 4.72 6.70 7.54 3.81 4.40 5.19 6.20 0.00 4.17 6.59 9.67 4.23 5.72 10.45 0.00 6.81 5.24 5.65 5.34 4.67 4.97 6.34 0.00 7745626
3.97 3.06 0.00 3.42 4.51 4.02 3.39 4.15 3.46 4.85 6.84 7.33 3.52 4.38 5.01 6.51 0.00 3.80 6.55 9.39 4.34 5.28 0.00 0.00 6.87 4.76 5.55 5.39 4.53 5.07 6.52 6.45 7758715
4.04 3.03 0.00 3.33 4.51 4.01 3.21 4.12 3.42 4.92 6.70 7.29 3.75 4.35 5.50 6.27 0.00 3.92 6.52 9.21 4.14 5.21 10.66 4.30 7.09 4.68 5.54 5.19 4.49 5.02 6.26 7.19 7771806
4.51 3.11 0.00 3.41 4.56 4.12 3.20 4.33 3.49 4.83 6.89 7.29 3.51 4.38 5.09 6.29 0.00 4.00 6.48 8.83 4.21 5.21 10.98 5.37 7.06 4.73 5.51 5.16 4.73 4.90 6.28 6.30 7784896
4.04 3.00 0.00 0.00 4.47 4.10 3.21 4.23 3.39 4.92 6.72 7.32 3.83 4.43 5.21 0.00 0.00 3.81 6.46 9.08 4.13 5.00 10.65 0.00 7.00 4.73 5.52 5.31 4.63 5.04 6.33 6.45 7797986
3.97 3.16 0.00 3.33 4.50 4.10 3.22 4.07 3.46 4.84 6.78 7.50 3.85 4.36 5.20 6.94 2.68 3.90 6.40 9.44 4.28 0.00 10.74 0.00 7.01 4.82 5.72 0.00 4.62 4.98 6.33 6.67 7811076
3.95 3.06 0.00 3.17 0.00 4.11 3.25 3.95 3.53 4.90 6.71 7.40 3.69 4.43 5.11 6.31 2.62 4.03 6.50 8.90 4.19 0.00 10.13 4.49 6.78 4.80 5.57 4.93 4.57 4.89 6.32 0.00 7824166
3.98 3.11 0.00 3.51 4.45 4.05 3.21 4.01 3.38 4.93 7.31 7.44 3.54 4.53 5.32 6.96 2.07 3.96 6.69 8.82 0.00 4.97 10.39 4.13 6.76 4.78 5.57 5.08 4.59 4.99 6.27 7.11 7837256
3.98 3.09 0.00 3.56 4.44 4.18 3.25 4.43 3.55 4.80 6.76 7.36 3.72 4.43 5.21 6.39 2.12 3.96 6.29 9.08 4.28 4.96 10.58 4.42 6.80 4.78 5.63 5.32 4.57 4.90 6.30 6.44 7850346
4.18 3.09 0.00 3.50 4.52 4.01 3.23 3.96 3.39 4.89 6.81 7.44 3.68 4.53 5.18 6.25 2.07 3.93 6.32 8.92 4.33 5.03 9.49 5.26 6.88 4.65 5.50 4.89 4.58 4.94 6.27 7.02 7863435
3.94 3.15 0.00 3.30 4.45 4.09 3.24 3.98 4.04 4.11 6.78 7.41 3.52 4.39 5.43 6.23 2.01 3.91 6.39 8.80 4.23 5.02 10.96 5.50 7.18 4.66 5.67 5.14 4.50 4.98 0.00 6.51 7876526
4.07 3.14 0.00 3.66 4.42 4.11 3.23 4.11 3.59 4.91 6.80 7.44 3.53 4.42 5.14 6.25 2.14 3.94 6.66 9.15 4.23 4.99 10.97 5.25 6.87 4.67 5.63 5.54 4.67 5.00 6.33 0.00 7889616
3.92 3.15 0.00 0.00 4.63 4.01 3.22 4.07 3.53 4.88 6.78 7.39 3.59 4.42 5.11 6.29 2.09 3.95 6.62 8.79 4.41 5.02 0.00 4.24 6.71 4.74 5.55 5.19 4.52 4.88 6.35 7.06 7902705
4.01 3.10 0.00 3.16 4.44 4.02 3.24 4.02 3.44 4.81 6.82 7.38 3.81 4.48 5.37 6.29 2.12 4.09 6.53 8.89 4.28 4.99 0.00 4.25 6.68 4.60 5.61 5.28 4.66 0.00 6.30 6.54 7915795
4.09 0.00 0.00 3.15 4.50 4.25 3.22 4.02 3.44 4.83 6.67 7.45 3.59 4.40 5.56 6.69 2.08 3.96 6.21 9.01 4.21 5.01 10.25 4.02 6.77 5.00 5.58 5.36 4.32 5.09 6.34 6.43 7928886
4.19 0.00 5.09 3.17 5.14 4.08 3.21 3.93 3.55 4.92 7.12 8.16 3.95 4.50 5.13 6.28 2.02 3.77 6.24 9.02 4.18 5.08 10.26 4.70 6.67 4.85 5.56 5.61 4.38 4.91 6.26 7.02 7941976
4.12 3.11 0.00 3.18 4.45 4.11 3.21 3.97 3.55 4.90 6.79 7.41 3.57 4.41 5.32 6.29 2.10 3.82 7.13 9.05 4.25 5.68 10.95 4.47 6.68 4.66 5.83 5.37 4.36 4.94 6.33 6.60 7955066
4.33 3.12 0.00 3.46 4.46 4.14 3.21 4.14 3.40 4.79 6.81 7.33 4.27 4.41 5.24 6.23 0.00 3.79 6.72 9.11 4.40 0.00 10.28 5.24 6.77 4.74 5.56 5.43 4.36 4.90 6.51 6.61 7968156
4.02 3.15 0.00 3.46 4.45 4.14 3.20 3.98 3.69 4.79 6.68 7.46 3.51 4.53 5.14 6.23 2.49 4.03 6.58 8.99 4.73 5.13 10.69 5.15 6.87 0.00 5.62 5.51 4.39 4.97 6.36 6.52 7981246
4.10 3.13 0.00 3.50 4.44 4.03 3.22 3.91 3.47 4.91 7.57 7.40 3.53 4.41 5.18 6.25 2.48 4.05 6.23 0.00 4.26 5.76 10.57 5.02 6.74 4.69 5.68 5.10 4.49 4.90 6.54 0.00 7994336
3.98 3.13 0.00 3.17 5.13 4.06 3.20 0.00 3.55 4.84 7.09 7.39 4.04 4.48 5.16 6.23 2.55 0.00 6.33 0.00 4.14 5.48 10.97 5.20 6.76 4.67 5.56 5.46 4.32 5.30 6.35 6.45 8007426
4.07 3.11 0.00 3.09 4.54 4.03 3.21 4.37 3.42 4.79 6.91 7.37 3.69 4.46 5.40 6.26 2.57 4.46 6.67 9.08 4.33 4.94 9.45 5.38 6.64 4.74 5.55 5.26 4.41 4.95 6.27 6.66 8020515
3.96 0.00 0.00 3.09 4.46 4.03 3.21 4.29 3.62 4.76 6.76 7.36 3.51 4.52 5.31 6.27 2.24 4.15 3.09 9.09 4.21 4.94 10.56 5.40 6.84 0.00 5.53 0.00 4.33 5.02 6.32 6.63 8033606
3.95 3.09 0.00 3.11 4.44 4.13 3.21 4.08 3.60 4.76 6.85 7.55 3.87 4.56 5.30 6.27 2.64 4.43 6.65 9.10 4.25 0.00 10.31 5.10 6.67 4.70 5.50 5.10 4.49 4.97 6.30 6.55 8046696
3.88 3.14 0.00 3.30 4.50 4.17 3.21 0.00 3.44 4.81 6.73 0.00 3.58 4.43 5.20 6.21 0.00 4.28 6.51 0.00 4.43 5.02 0.00 5.38 6.88 0.00 5.78 5.17 4.37 4.99 6.27 6.46 8059785
3.87 0.00 0.00 0.00 4.48 4.06 3.21 4.15 3.61 4.80 6.73 0.00 3.66 4.55 5.27 0.00 2.69 4.05 6.67 0.00 4.59 5.05 9.44 4.36 6.68 0.00 5.77 5.21 4.32 4.97 6.33 6.59 8072875
3.99 3.14 0.00 0.00 4.46 4.17 3.22 0.00 3.72 4.78 6.76 7.90 4.19 4.49 5.21 0.00 0.00 4.27 0.00 0.00 4.21 5.19 10.27 5.43 6.83 4.63 5.48 5.02 4.63 0.00 6.66 6.48 8085966
4.01 3.08 0.00 0.00 4.44 4.18 3.22 4.00 3.71 4.85 6.73 7.40 3.76 4.51 5.25 6.26 0.00 4.45 6.64 9.13 4.19 5.00 9.80 5.12 6.59 5.38 5.49 0.00 4.56 5.09 6.28 6.45 8099055
4.00 3.07 5.14 3.36 4.46 4.17 3.21 4.26 3.65 4.91 6.71 0.00 3.57 4.44 5.31 6.26 2.67 4.03 6.28 9.51 5.01 4.98 10.45 5.03 6.65 5.08 5.48 5.39 4.50 4.94 6.48 6.51 8112146
4.00 3.09 0.00 0.00 4.48 4.14 3.23 4.16 3.50 4.88 7.11 7.43 3.72 4.55 5.38 6.25 2.65 3.77 6.64 0.00 4.51 5.01 11.00 5.16 6.81 4.71 5.46 0.00 4.36 4.94 6.33 7.03 8125236
4.08 3.10 0.00 0.00 0.00 4.12 3.22 0.00 3.62 4.90 7.07 7.39 3.61 4.99 5.21 6.26 2.62 3.89 6.64 9.53 4.26 5.63 10.86 5.26 6.59 4.61 5.55 4.94 4.72 5.05 6.31 6.49 8138326
0.00 3.09 0.00 0.00 4.51 4.12 3.21 3.88 3.45 4.92 6.71 0.00 3.54 4.60 5.31 6.27 2.26 3.74 6.67 0.00 4.22 5.07 10.55 4.78 6.62 0.00 5.49 4.93 4.47 4.94 6.48 6.43 8151416
4.04 3.10 0.00 0.00 4.66 4.07 3.20 4.12 3.54 4.87 6.89 8.01 3.79 4.48 5.27 6.22 2.05 3.85 6.64 0.00 4.30 5.06 10.55 4.88 6.74 5.29 5.70 4.93 4.48 4.98 6.32 6.56 8164506
3.96 3.08 0.00 0.00 4.62 4.09 3.22 4.57 3.67 4.84 7.32 7.64 3.87 4.50 5.35 6.21 2.07 3.84 6.56 8.91 4.30 0.00 10.13 5.53 6.76 4.71 5.54 5.19 4.31 4.94 6.27 0.00 8177596
3.94 3.08 0.00 0.00 0.00 4.15 3.22 4.18 3.61 4.87 6.83 0.00 3.70 4.49 5.38 6.26 2.08 3.76 6.62 8.89 4.38 5.04 9.84 5.52 6.68 4.57 5.99 5.51 4.36 5.10 7.05 0.00 8190685
4.08 3.08 0.00 0.00 4.65 4.04 3.22 4.24 3.70 4.85 6.99 0.00 4.09 4.63 5.29 7.06 2.10 3.71 6.62 0.00 4.22 0.00 0.00 5.28 6.70 4.60 5.48 5.40 4.43 4.99 6.28 6.46 8203775
4.01 3.07 0.00 0.00 4.62 4.07 3.20 4.07 3.56 4.78 7.02 0.00 3.56 4.59 5.16 6.59 2.10 3.86 7.25 0.00 4.17 5.31 10.52 5.58 6.68 4.81 5.53 4.68 4.33 5.01 6.25 6.81 8216866
3.97 3.05 0.00 0.00 4.58 4.08 3.21 4.04 3.55 4.88 7.46 7.45 3.61 4.52 5.38 6.17 2.11 3.66 7.08 0.00 0.00 5.09 0.00 5.40 6.57 4.79 5.43 5.14 4.37 5.03 6.28 6.73 8229955
3.92 3.06 0.00 0.00 4.48 4.09 3.21 3.94 3.56 4.76 6.83 0.00 3.57 4.50 5.23 6.27 2.11 3.66 6.68 9.11 4.24 0.00 0.00 5.38 6.97 4.75 5.57 4.70 4.68 5.18 6.37 0.00 8243045
4.06 3.06 0.00 0.00 4.49 4.08 3.24 3.92 3.63 5.03 6.87 8.09 3.52 4.50 5.31 6.26 2.08 3.67 6.66 9.52 4.19 5.14 9.48 5.51 6.70 4.75 5.45 0.00 4.38 5.02 6.27 6.53 8256135
4.05 3.08 0.00 0.00 4.47 4.13 3.21 4.15 3.64 4.88 6.84 7.56 3.63 4.60 5.36 6.14 2.10 0.00 6.67 9.10 4.30 0.00 0.00 4.43 6.71 4.67 5.63 4.78 4.33 5.19 6.32 6.70 8269225
0.00 3.04 0.00 0.00 5.07 4.27 3.21 4.05 3.65 4.94 0.00 0.00 3.56 4.49 5.36 6.34 2.09 3.69 6.65 9.12 4.32 5.27 0.00 0.00 6.66 4.67 5.50 4.83 4.50 4.98 6.30 6.58 8282315
4.14 3.04 0.00 0.00 4.57 4.11 3.20 4.08 3.68 4.97 6.75 0.00 3.69 4.46 5.41 6.20 2.70 4.09 6.54 9.12 4.30 0.00 0.00 0.00 6.72 4.64 6.01 4.85 4.33 5.08 6.99 6.40 8295405
3.99 3.07 0.00 0.00 4.54 4.17 3.20 4.08 3.88 4.87 6.72 7.46 3.85 4.54 5.42 6.29 2.70 4.05 6.58 9.09 4.20 0.00 10.50 4.87 6.72 4.75 5.42 4.65 4.35 4.94 6.42 6.36 8308496
3.93 3.06 0.00 0.00 4.59 4.30 3.20 3.98 3.67 4.95 7.15 7.36 3.87 4.52 5.44 6.31 2.29 3.67 6.58 8.81 4.41 0.00 0.00 0.00 6.91 5.25 5.41 4.85 4.32 4.92 6.32 6.49 8321585
4.21 3.07 0.00 0.00 4.48 4.17 3.20 3.94 3.63 4.85 6.98 7.37 3.59 4.61 5.37 6.31 2.29 4.58 6.59 9.03 4.44 5.12 10.32 5.76 6.69 4.62 5.44 0.00 4.36 5.31 6.37 6.49 8334676
4.18 3.06 0.00 0.00 4.57 4.19 3.19 4.20 3.73 4.89 6.91 7.40 3.63 4.55 5.22 6.27 2.54 3.69 6.70 9.05 4.47 5.04 9.76 5.19 6.86 4.62 5.44 4.93 4.37 5.00 6.29 6.38 8347765
4.36 3.07 0.00 3.46 4.55 4.09 3.19 4.37 3.65 4.84 6.83 0.00 3.82 4.87 5.49 6.33 2.74 3.70 6.74 9.30 4.30 0.00 0.00 4.77 6.64 5.33 5.46 4.76 4.30 4.84 6.92 6.43 8360855
4.30 3.10 0.00 3.33 4.55 4.04 3.19 4.07 3.61 4.94 6.74 7.54 3.84 4.60 5.36 6.38 0.00 3.73 7.01 0.00 4.21 5.10 10.45 5.01 6.75 4.68 5.48 4.63 4.29 4.93 6.29 6.56 8373946
4.13 3.07 0.00 0.00 4.53 4.12 3.19 4.07 3.73 4.95 6.83 0.00 3.65 4.55 5.26 6.33 0.00 3.82 6.57 9.09 4.25 0.00 0.00 5.31 6.72 4.58 5.48 4.67 4.37 5.04 0.00 6.46 8387035
4.08 3.08 0.00 3.60 4.50 4.16 3.18 3.97 3.93 4.83 6.76 7.46 4.34 4.59 5.31 6.30 0.00 3.90 6.36 9.09 4.41 0.00 0.00 5.03 6.74 4.88 5.45 0.00 4.33 4.98 7.01 6.41 8400125
4.06 3.09 0.00 0.00 4.53 4.10 3.23 4.01 3.77 4.90 6.74 7.29 3.70 4.64 5.35 6.24 0.00 3.84 7.15 9.51 4.38 5.47 9.46 4.97 6.97 4.56 5.56 0.00 4.64 5.04 6.35 6.55 8413215
3.92 3.08 0.00 0.00 4.58 4.11 3.21 3.98 3.76 4.97 6.77 0.00 3.62 4.57 5.42 6.31 0.00 3.71 0.00 9.53 4.32 5.10 10.81 5.25 6.64 5.37 5.45 4.56 4.47 5.01 6.40 6.64 8426306
3.93 3.15 0.00 0.00 4.51 4.15 3.20 4.04 3.76 4.96 6.89 0.00 3.83 4.79 5.38 6.20 0.00 3.93 6.58 0.00 4.29 0.00 9.75 5.15 6.54 4.64 5.47 4.55 4.26 4.88 6.38 0.00 8439395
0.00 3.06 0.00 0.00 4.60 4.17 3.20 3.95 3.75 4.97 6.75 7.45 3.70 4.84 5.38 6.35 0.00 3.77 6.56 9.31 4.93 0.00 0.00 5.20 6.70 5.18 5.48 4.69 4.35 4.92 6.40 6.67 8452485
4.08 3.09 0.00 0.00 4.57 4.14 3.20 3.97 3.69 4.89 6.76 7.41 3.74 4.58 5.52 6.38 2.76 3.76 6.52 9.54 4.28 5.29 9.79 5.21 6.84 4.66 5.48 4.49 4.51 4.99 6.54 7.00 8465575
4.10 3.08 0.00 0.00 4.61 4.17 3.21 3.97 3.70 4.87 6.66 7.43 3.69 4.70 5.35 6.28 2.66 4.74 6.56 8.91 4.36 5.18 10.99 5.34 6.83 4.86 5.40 4.49 4.29 5.28 6.37 0.00 8478666
4.00 0.00 0.00 0.00 4.61 4.19 3.20 4.07 3.72 4.87 6.75 7.43 3.90 4.73 5.30 6.30 2.54 4.04 6.82 8.99 4.36 5.04 10.82 4.34 6.74 4.90 5.49 4.60 4.27 4.97 0.00 7.19 8491756
4.10 3.14 5.14 0.00 4.50 4.14 3.23 4.14 3.87 4.92 6.89 0.00 3.80 4.84 5.34 6.27 2.77 4.04 6.58 0.00 4.42 5.12 9.77 4.65 6.71 4.74 5.39 4.37 4.23 5.17 6.46 6.47 8504845
3.99 0.00 5.18 0.00 4.54 4.27 3.21 4.12 4.03 4.87 6.75 7.45 3.75 4.73 5.33 6.24 2.76 0.00 6.55 9.17 4.33 5.05 10.84 4.64 6.83 0.00 5.58 5.11 4.24 4.96 6.38 0.00 8517936
4.07 3.12 0.00 0.00 4.55 4.13 3.20 4.08 3.72 4.91 6.79 0.00 3.92 4.78 5.45 6.35 2.76 3.71 6.72 0.00 4.40 5.20 10.92 4.69 6.70 4.68 5.52 4.51 4.17 4.95 6.38 0.00 8531026
3.99 3.17 0.00 0.00 4.53 4.20 3.20 4.22 3.92 4.92 6.68 7.50 3.93 4.66 5.39 6.23 0.00 3.71 6.69 0.00 4.39 5.05 10.82 4.66 6.43 4.62 5.64 4.41 4.26 4.94 6.34 6.33 8544116
4.37 3.11 0.00 0.00 4.60 4.16 3.20 3.99 3.82 4.98 6.83 7.42 4.26 4.70 5.44 6.22 2.12 3.70 6.70 9.12 0.00 5.09 10.79 5.43 6.76 4.66 5.49 4.31 4.38 5.01 6.28 6.52 8557206
3.99 3.08 0.00 0.00 4.58 4.11 3.19 0.00 3.92 4.94 6.91 7.42 3.77 4.79 5.41 6.21 2.34 3.71 6.75 9.08 4.33 0.00 10.48 5.00 0.00 4.60 5.51 4.44 4.30 4.96 6.40 0.00 8570296
3.97 3.08 0.00 0.00 4.50 4.17 3.20 4.02 3.77 4.90 7.02 7.41 3.75 4.89 5.54 6.22 2.18 3.71 6.68 0.00 4.29 0.00 9.77 5.00 6.91 4.70 5.61 4.87 4.33 5.10 6.45 6.56 8583385
4.11 3.10 0.00 0.00 4.58 4.30 3.19 4.02 3.72 4.88 7.06 7.43 3.75 4.66 5.45 6.26 2.31 3.73 6.71 0.00 4.28 0.00 10.81 3.92 6.64 5.15 5.46 4.48 4.17 4.92 6.36 6.76 8596476
3.95 3.08 0.00 0.00 4.58 4.19 3.19 4.16 3.81 4.87 6.83 7.42 3.86 4.66 5.74 6.22 2.31 3.75 6.70 8.88 4.33 5.08 10.82 5.78 6.76 0.00 5.46 4.32 4.14 5.14 6.40 6.47 8609566
4.02 3.07 0.00 0.00 4.55 4.16 3.19 3.99 4.02 4.86 6.81 7.42 3.74 4.73 5.43 6.21 2.29 3.87 6.67 0.00 4.30 5.09 10.91 4.70 6.59 4.89 5.47 4.36 4.22 5.05 6.37 6.58 8622656
4.02 3.02 0.00 0.00 4.68 4.24 3.19 4.03 3.75 4.87 6.78 7.49 3.76 4.74 5.39 6.27 2.23 3.85 6.66 8.92 4.39 0.00 9.76 3.94 6.61 4.70 5.45 4.38 4.17 4.92 6.98 7.11 8635745
3.97 3.04 0.00 0.00 4.49 4.30 3.19 3.98 3.74 4.86 6.69 7.38 3.76 4.70 5.51 6.25 2.12 4.77 6.62 0.00 4.37 0.00 0.00 4.70 0.00 4.83 5.47 4.82 4.44 5.67 6.39 6.57 8648835
3.97 3.13 0.00 0.00 4.48 4.12 3.19 4.00 3.78 4.88 6.77 7.48 3.79 4.69 5.62 6.19 2.12 4.78 6.69 9.13 4.34 5.13 0.00 5.79 6.77 4.65 5.43 4.48 4.26 5.15 6.63 6.61 8661925
4.04 3.12 0.00 0.00 4.77 4.21 3.18 4.04 3.77 4.97 6.94 7.46 3.81 4.66 5.57 6.26 2.10 3.84 6.61 9.13 4.90 5.09 0.00 0.00 0.00 4.62 5.71 4.37 4.22 5.08 6.71 6.40 8675015
4.05 3.11 0.00 3.40 5.24 4.26 3.18 4.17 3.83 4.97 6.82 7.48 4.06 4.67 5.49 6.33 2.09 3.89 6.65 8.91 4.33 5.14 10.95 4.25 6.90 4.62 5.57 4.30 4.19 5.00 6.68 6.65 8688106
3.91 3.05 0.00 3.41 4.61 4.13 3.19 4.19 3.85 4.96 6.79 7.50 3.76 4.71 5.37 6.44 2.11 3.81 6.63 0.00 4.34 5.17 10.98 0.00 6.92 4.62 5.55 4.73 4.24 4.92 6.96 6.35 8701196
3.89 3.06 0.00 0.00 4.61 4.18 3.18 0.00 3.76 4.96 6.71 7.49 3.77 4.68 5.39 6.21 2.11 3.82 6.62 8.88 4.37 5.07 0.00 5.05 6.64 4.63 5.54 4.45 4.18 4.98 6.59 6.47 8714285
4.16 3.09 0.00 0.00 4.56 4.15 3.18 4.11 3.73 4.96 6.79 7.48 4.05 4.65 5.37 6.65 2.11 3.84 6.13 8.90 4.35 5.07 0.00 5.03 6.97 4.67 5.52 4.60 4.42 5.35 6.52 6.50 8727375
3.88 3.12 0.00 0.00 0.00 4.14 3.19 4.14 3.73 4.96 6.83 7.48 3.79 4.68 5.39 6.78 2.11 3.84 6.18 0.00 4.34 5.75 10.33 4.27 6.48 4.78 5.54 4.48 4.16 5.14 6.39 6.40 8740466
3.90 3.09 0.00 0.00 4.57 4.23 3.19 4.57 3.77 4.96 6.96 8.11 4.30 4.66 5.42 0.00 2.13 3.84 6.68 8.92 4.35 0.00 9.83 0.00 6.56 4.60 5.44 4.72 4.15 4.89 6.35 6.46 8753555
4.07 3.09 0.00 0.00 4.60 4.12 3.19 4.20 3.73 4.91 6.85 7.52 4.16 4.67 5.45 7.07 2.16 3.90 6.54 8.90 4.43 0.00 9.80 4.24 6.61 0.00 5.46 4.29 4.18 4.92 6.34 0.00 8766645
4.14 3.08 0.00 0.00 4.61 4.16 3.18 4.21 3.71 4.89 6.76 7.58 4.02 4.65 5.48 6.31 2.33 3.83 6.64 8.92 4.35 0.00 10.42 0.00 6.55 5.39 5.47 4.21 4.15 5.00 6.30 6.42 8779736
0.00 3.07 0.00 0.00 4.57 4.17 3.19 4.22 3.70 4.92 6.70 0.00 4.04 4.70 5.98 6.26 2.33 3.83 6.47 8.90 4.35 5.73 10.28 0.00 6.57 0.00 5.56 0.00 4.28 4.93 6.30 6.50 8792826
4.05 3.08 0.00 0.00 4.57 4.25 3.19 4.21 3.70 4.93 6.72 0.00 4.01 4.72 6.19 6.23 2.34 3.87 6.48 8.89 4.33 5.21 0.00 3.99 6.60 0.00 5.55 4.55 4.13 4.93 6.31 6.52 8805915
4.05 3.08 0.00 0.00 4.56 4.22 3.19 4.21 3.70 4.92 6.67 0.00 4.01 4.66 0.00 6.27 2.34 3.84 6.45 8.90 4.34 5.24 0.00 3.98 6.60 0.00 5.55 0.00 4.13 4.93 6.32 6.54 8819005
4.05 3.08 0.00 0.00 4.55 4.34 3.19 4.21 3.69 4.91 6.71 0.00 4.49 4.67 0.00 6.27 2.32 3.84 6.48 9.11 4.33 5.24 10.97 4.24 6.61 0.00 5.55 5.30 4.12 4.93 6.32 6.51 8832096
0.00 3.09 0.00 3.63 4.55 4.35 3.20 4.21 3.70 4.90 6.70 0.00 4.50 4.68 6.19 6.25 2.33 3.84 6.45 8.83 4.33 5.21 9.82 4.23 6.61 0.00 5.55 4.56 4.10 4.93 6.31 6.51 8845185
0.00 3.08 0.00 3.66 4.56 4.35 3.19 4.21 3.69 4.90 6.72 0.00 4.20 4.66 0.00 6.26 2.34 3.85 6.43 8.86 4.33 5.11 10.06 0.00 6.61 0.00 5.55 4.24 4.11 4.94 6.32 6.50 8858276
0.00 3.08 0.00 0.00 4.56 4.34 3.19 4.21 3.69 4.91 6.71 0.00 4.19 4.66 0.00 6.25 2.35 3.83 6.43 8.88 4.35 5.09 9.82 0.00 6.61 0.00 5.55 0.00 4.12 4.94 6.32 6.51 8871365
0.00 3.09 0.00 0.00 4.55 4.38 3.19 4.21 3.70 4.90 6.71 0.00 4.14 4.65 6.20 6.26 2.36 3.83 6.85 8.80 4.34 5.10 9.74 0.00 6.60 0.00 5.56 4.61 4.12 4.94 6.32 6.51 8884455
4.05 3.09 0.00 0.00 4.56 4.39 3.19 4.21 3.70 4.90 6.71 0.00 4.19 4.65 6.20 6.26 2.36 3.83 6.84 8.87 4.34 5.26 9.79 0.00 6.60 0.00 5.55 0.00 4.13 4.94 6.31 6.51 8897545
0.00 3.08 0.00 0.00 4.56 4.39 3.19 4.22 3.70 4.90 6.70 0.00 4.51 4.64 6.20 6.24 2.37 3.81 6.26 8.86 4.34 5.26 9.78 0.00 6.60 0.00 5.56 5.05 4.12 4.94 6.31 6.51 8910635
0.00 3.09 0.00 0.00 4.56 0.00 3.18 4.20 3.69 4.90 6.71 0.00 4.00 4.64 0.00 6.24 2.37 3.82 6.51 8.88 4.34 5.26 9.79 0.00 6.59 0.00 5.54 5.08 4.11 4.93 6.32 6.52 8923725
0.00 3.09 0.00 0.00 4.55 0.00 3.17 4.21 3.70 4.90 6.69 0.00 3.98 4.64 0.00 6.25 2.36 3.83 6.88 8.87 4.35 5.24 9.77 0.00 6.61 0.00 5.54 4.40 4.14 4.93 6.32 6.51 8936815
0.00 3.08 0.00 0.00 4.55 0.00 3.19 4.20 3.70 4.89 6.70 0.00 3.99 4.65 0.00 6.25 2.38 3.83 6.73 9.35 4.34 5.25 9.79 0.00 6.60 0.00 5.55 5.06 4.13 4.93 6.32 6.51 8949905
0.00 3.08 0.00 0.00 4.57 0.00 3.19 4.21 3.70 4.90 6.71 0.00 3.98 4.64 0.00 6.25 2.39 3.83 6.69 8.99 4.34 5.24 9.82 0.00 6.60 0.00 5.56 4.34 4.15 4.94 6.32 6.52 8962995
0.00 3.09 0.00 0.00 4.57 0.00 3.19 4.23 3.70 4.90 6.71 0.00 3.99 4.64 0.00 6.25 2.40 3.83 6.49 9.20 4.34 5.25 9.82 0.00 6.60 0.00 5.54 4.34 4.15 4.95 6.32 6.51 8976085
0.00 3.09 0.00 0.00 4.55 0.00 3.18 4.23 3.70 4.89 6.69 0.00 3.99 4.65 0.00 6.25 2.43 3.84 6.51 8.72 4.35 5.27 9.82 0.00 6.60 0.00 5.54 4.43 4.14 4.94 6.32 6.51 8989175
0.00 3.09 0.00 0.00 4.56 0.00 3.18 4.23 3.70 4.90 6.70 0.00 3.97 4.65 0.00 6.25 2.44 3.84 6.65 9.01 4.34 5.27 9.82 0.00 6.60 0.00 5.54 4.53 4.14 4.94 6.32 6.52 9002265
0.00 3.09 0.00 0.00 4.55 0.00 3.18 4.22 3.70 4.89 6.70 0.00 4.00 4.64 0.00 6.25 2.44 3.82 6.64 8.79 4.34 5.27 9.82 0.00 6.59 0.00 5.54 4.88 4.15 4.94 6.32 6.51 9015355
0.00 3.08 0.00 0.00 4.55 0.00 3.19 4.23 3.69 4.90 6.69 0.00 4.01 4.64 0.00 6.24 2.44 3.82 6.50 8.81 4.35 5.27 9.82 0.00 6.59 0.00 5.54 4.94 4.13 4.93 6.31 6.51 9028445
0.00 3.08 0.00 0.00 4.55 0.00 3.19 4.22 3.69 4.91 6.71 0.00 4.02 4.65 0.00 6.24 2.44 3.83 6.49 9.09 4.34 5.27 9.82 0.00 6.59 0.00 5.54 4.88 4.13 4.94 6.32 6.50 9041535
0.00 3.09 0.00 0.00 4.56 0.00 3.19 4.22 3.71 4.90 6.70 0.00 4.01 4.65 0.00 6.26 2.42 3.83 6.35 8.87 4.35 5.27 9.81 0.00 6.59 0.00 5.55 4.89 4.13 4.94 6.31 6.50 9054625
0.00 3.09 0.00 0.00 4.57 0.00 3.20 4.22 3.70 4.89 6.70 0.00 4.02 4.65 0.00 6.25 2.43 3.83 6.35 8.55 4.36 5.28 9.80 4.28 6.59 0.00 5.53 4.95 4.13 4.93 6.32 6.51 9067715
0.00 3.09 0.00 0.00 4.55 4.38 3.19 4.22 3.70 4.90 6.70 0.00 4.12 4.65 6.05 6.25 2.43 3.84 6.37 8.65 4.34 5.29 9.81 4.27 6.58 0.00 5.54 4.38 4.82 4.94 6.32 6.52 9080805
0.00 3.08 0.00 0.00 4.56 4.32 3.21 4.23 3.71 4.89 6.70 0.00 4.14 4.65 6.04 6.26 2.46 3.84 6.76 8.69 4.34 5.30 9.80 0.00 6.59 0.00 5.55 0.00 4.22 4.95 6.32 6.51 9093895
0.00 3.08 0.00 0.00 4.56 4.33 3.19 4.22 3.70 4.90 6.71 0.00 4.20 4.64 6.03 6.25 2.46 3.83 6.92 8.55 4.34 5.29 9.80 0.00 6.59 0.00 5.54 4.31 4.21 4.95 6.31 6.52 9106985