3.92 3.08 0.00 3.35 3.91 3.60 3.31 5.43 3.87 3.09 4.02 0.00 4.28 6.67 6.92 7.33 2.06 3.93 6.30 8.20 4.99 0.00 10.21 0.00 6.54 3.56 4.93 0.00 7.50 6.71 3.79 3.81 20552935
3.91 3.08 0.00 3.35 3.92 3.59 3.32 5.45 3.86 3.11 4.02 0.00 4.29 0.00 6.91 7.35 2.05 3.98 6.30 8.22 4.99 0.00 10.21 0.00 6.54 3.55 4.93 0.00 7.49 6.69 3.80 3.82 20566025
3.91 3.08 0.00 3.35 3.92 3.59 3.31 5.47 3.87 3.09 4.01 0.00 4.29 0.00 6.92 7.35 2.05 3.95 6.33 8.30 4.99 0.00 10.20 0.00 6.54 3.56 4.90 0.00 7.49 6.69 3.79 3.82 20579115
3.92 3.08 0.00 3.32 3.92 3.59 3.35 5.51 3.87 3.09 4.03 0.00 4.30 0.00 6.91 7.34 2.05 3.96 6.30 8.40 4.99 0.00 10.20 0.00 6.40 3.55 4.88 0.00 7.49 6.69 3.80 3.81 20592205
3.91 3.07 0.00 3.35 3.91 3.60 3.36 5.52 3.86 3.08 4.03 0.00 4.31 0.00 6.92 7.34 2.06 3.96 6.10 0.00 5.00 0.00 10.20 0.00 6.54 3.57 4.87 0.00 7.50 6.69 3.80 3.81 20605295
3.91 3.08 0.00 3.32 3.92 3.59 3.77 5.53 3.86 3.07 4.02 0.00 4.63 0.00 6.92 7.34 2.07 3.86 6.05 0.00 5.00 0.00 10.20 0.00 6.54 3.56 4.88 0.00 7.51 6.68 3.80 3.82 20618385
3.91 3.56 0.00 3.37 3.92 3.60 3.75 5.52 3.88 3.05 4.02 4.43 4.30 7.04 6.91 7.33 2.05 3.85 6.05 0.00 4.99 0.00 10.19 0.00 6.53 3.57 4.87 0.00 7.51 6.69 3.79 3.81 20631475
3.89 3.48 0.00 3.35 3.91 3.60 0.00 5.54 3.89 3.12 4.02 4.41 4.28 6.07 6.90 7.33 2.05 3.86 6.03 8.47 4.98 0.00 10.15 3.92 5.83 3.57 4.86 0.00 7.50 6.69 3.79 3.80 20644565
3.87 3.09 0.00 3.31 3.91 3.61 0.00 5.54 3.87 3.14 4.02 5.10 4.28 6.03 6.91 7.34 2.04 3.85 6.03 8.53 4.99 0.00 10.36 3.93 5.82 3.58 4.80 0.00 7.53 6.69 3.79 3.81 20657655
3.85 2.96 0.00 3.24 3.93 3.62 0.00 5.65 3.89 3.15 4.02 4.40 4.51 6.01 6.74 7.31 2.06 3.99 6.03 8.16 4.99 0.00 10.32 0.00 5.83 3.61 4.78 0.00 7.52 6.69 3.80 3.78 20670745
3.89 2.94 0.00 3.04 3.93 3.63 0.00 5.81 3.90 3.03 4.13 4.42 4.46 5.96 6.90 7.31 2.06 4.42 6.00 8.15 5.38 0.00 10.18 4.21 5.76 3.64 4.99 0.00 7.51 6.65 3.77 3.81 20683835
3.82 2.95 0.00 3.30 3.96 3.63 4.10 5.58 3.88 3.00 3.97 4.34 4.67 5.84 6.75 7.39 2.06 4.11 5.97 8.08 5.02 0.00 10.66 0.00 5.68 3.67 4.96 0.00 7.61 6.66 3.80 3.80 20696925
3.75 3.61 0.00 3.34 3.96 3.59 3.45 5.51 3.81 3.14 4.00 4.33 4.45 5.90 6.74 7.29 2.08 3.89 6.04 7.94 5.39 6.81 10.17 5.14 6.00 3.65 4.72 0.00 7.64 6.69 4.30 3.77 20710015
3.99 3.01 0.00 2.97 4.07 3.61 3.58 5.52 3.78 3.07 4.01 4.40 4.33 5.94 6.81 7.34 2.15 3.69 6.00 8.00 5.17 6.57 10.70 0.00 5.79 3.67 4.74 0.00 7.43 6.63 3.76 3.85 20723105
3.80 3.47 0.00 3.07 3.95 3.62 0.00 5.48 3.82 2.99 4.05 4.41 4.36 5.81 6.79 7.31 0.00 3.65 6.03 8.47 5.22 6.70 10.67 5.54 6.06 3.67 4.88 0.00 7.46 6.68 3.76 4.20 20736195
3.83 2.91 5.17 3.14 4.65 3.56 0.00 5.61 3.86 3.05 4.01 4.33 4.24 5.84 6.85 7.36 2.06 3.80 6.04 7.91 5.11 0.00 10.69 0.00 6.38 3.70 5.06 0.00 7.54 6.70 3.82 3.84 20749285
3.81 2.93 0.00 2.75 3.98 3.60 3.44 5.62 3.86 3.00 4.09 4.31 4.34 6.01 6.79 7.37 2.18 3.63 6.07 8.08 5.04 0.00 0.00 5.17 6.06 0.00 5.06 0.00 7.70 7.35 3.77 3.74 20762374
3.80 2.92 5.42 3.07 4.00 3.64 3.68 5.52 3.86 3.01 4.05 4.31 4.71 5.90 6.86 7.39 2.43 3.59 6.06 7.77 5.36 0.00 10.98 0.00 6.29 3.75 5.05 0.00 7.41 6.78 3.77 3.77 20775465
3.85 2.94 0.00 3.29 3.94 3.60 3.55 5.68 3.99 2.99 4.07 4.37 4.31 6.13 6.87 7.37 2.46 3.73 5.98 7.78 5.15 6.71 0.00 5.32 6.23 3.79 5.06 0.00 7.45 6.66 3.78 3.80 20788554
4.23 2.93 5.13 0.00 4.40 3.65 3.25 5.55 4.05 3.10 4.09 4.33 4.62 5.95 6.92 7.51 2.12 3.66 5.93 7.76 5.28 6.59 0.00 4.70 6.74 3.77 5.02 0.00 7.37 6.70 3.84 3.81 20801644
4.04 2.99 0.00 0.00 4.07 3.59 3.51 5.16 4.03 3.02 4.01 4.54 4.58 6.10 6.97 7.34 0.00 3.68 5.88 7.89 5.26 6.63 0.00 4.65 6.47 3.81 5.08 0.00 7.33 7.00 3.78 3.84 20814734
3.94 2.90 0.00 0.00 3.94 3.62 3.31 5.27 3.77 3.00 4.01 4.38 4.90 5.97 6.92 7.38 2.06 3.68 6.07 7.68 5.54 0.00 10.74 4.88 6.42 3.71 5.14 0.00 7.35 6.72 3.77 3.92 20827825
3.84 2.89 5.21 3.34 4.01 3.64 3.31 5.27 3.83 3.04 4.04 4.42 4.80 6.14 7.11 7.60 2.18 3.74 6.21 8.10 5.14 0.00 10.73 0.00 6.59 3.80 5.26 0.00 7.26 6.64 3.81 3.83 20840915
3.91 3.34 4.96 3.49 3.95 3.74 0.00 5.23 3.97 2.96 4.07 4.42 4.84 6.20 7.29 7.58 2.10 3.99 6.05 7.71 5.20 6.68 0.00 5.32 6.48 0.00 3.28 0.00 7.33 7.38 3.83 3.87 20854004
4.29 3.11 0.00 0.00 3.92 3.72 3.22 5.43 3.80 2.96 3.99 4.43 4.59 6.18 7.20 7.45 0.00 3.52 6.09 7.90 5.30 6.75 10.55 5.57 6.91 3.83 5.45 0.00 7.30 0.00 3.78 3.93 20867095
4.01 2.93 5.51 2.90 4.06 3.63 3.53 5.28 3.82 2.99 4.04 4.39 5.17 6.08 7.23 7.57 0.00 3.98 5.94 8.17 5.17 0.00 10.61 4.06 6.66 3.87 5.44 0.00 7.26 6.63 3.80 3.92 20880185
4.10 2.94 4.99 0.00 3.94 3.55 3.45 5.27 3.82 2.95 4.00 4.50 4.71 6.14 0.00 7.69 2.46 3.73 6.05 7.97 5.20 0.00 10.75 0.00 6.84 2.32 5.37 0.00 7.22 6.69 3.78 3.82 20893275
3.99 2.96 0.00 0.00 3.96 3.66 2.95 5.37 3.87 2.97 4.02 4.53 5.43 6.29 7.19 8.24 2.74 3.83 6.04 7.79 5.32 6.67 10.54 5.60 6.73 3.95 4.88 0.00 7.17 0.00 3.88 3.79 20906365
3.86 2.99 0.00 3.45 3.98 3.58 3.64 5.31 3.29 2.87 4.10 4.37 4.77 6.34 6.94 7.75 3.05 3.67 6.11 7.83 5.40 0.00 10.44 4.96 7.02 4.65 5.84 0.00 7.97 6.53 3.85 3.94 20919455
4.02 3.05 4.95 0.00 4.02 3.60 3.58 5.54 3.80 2.84 3.99 4.49 5.16 6.27 6.99 7.55 2.02 3.57 5.96 8.35 5.36 6.87 10.53 4.92 6.91 4.56 5.91 0.00 7.26 6.50 3.90 4.06 20932545
4.05 3.10 5.01 0.00 4.04 3.61 3.41 5.46 3.75 2.82 4.18 4.44 5.15 6.23 7.00 0.00 2.92 4.11 6.20 7.88 5.39 6.84 10.60 0.00 6.81 3.97 5.96 0.00 6.41 6.58 3.90 3.96 20945635
3.88 3.12 0.00 0.00 4.13 4.03 3.44 5.23 3.91 2.91 3.99 4.41 0.00 6.42 7.08 7.62 2.37 3.66 6.00 7.75 5.21 0.00 10.39 4.62 6.93 4.12 6.01 0.00 7.23 6.55 3.87 3.92 20958725
3.96 3.13 0.00 0.00 3.99 3.62 0.00 5.36 3.99 2.85 4.05 4.46 5.34 6.40 7.14 7.67 2.75 3.54 5.96 8.04 5.42 0.00 10.31 4.84 6.86 4.05 6.03 0.00 7.20 6.57 3.86 3.88 20971815
3.81 3.13 5.18 0.00 4.07 3.59 4.08 5.24 3.94 2.85 4.20 4.47 5.17 6.19 7.11 7.74 2.88 3.87 6.27 8.11 5.60 6.71 9.66 5.43 7.01 0.00 6.24 0.00 7.19 6.50 3.92 3.97 20984904
4.06 3.29 0.00 0.00 3.98 3.62 3.46 5.64 4.37 2.81 4.06 4.45 4.73 6.26 7.26 7.74 2.18 3.62 6.07 8.03 5.36 0.00 10.26 5.39 7.05 4.05 6.25 0.00 7.46 6.52 3.88 3.82 20997995
3.92 3.67 0.00 0.00 3.98 3.61 3.85 5.52 4.27 2.81 4.14 4.39 4.88 6.27 7.20 7.78 0.00 3.56 6.32 7.90 5.57 6.73 10.25 5.40 6.96 4.48 6.38 0.00 7.16 6.72 3.95 4.01 21011085
4.01 3.18 5.23 0.00 4.07 3.71 3.99 5.53 3.90 2.83 4.08 4.64 5.17 6.41 7.23 7.79 2.08 3.66 6.13 8.37 5.19 0.00 10.10 4.94 7.00 4.16 6.38 0.00 7.31 6.58 3.99 4.02 21024175
3.87 2.97 0.00 0.00 4.02 3.62 3.27 5.45 3.93 2.83 4.06 4.62 4.96 6.55 7.12 0.00 2.25 3.51 6.04 8.08 5.19 6.70 9.71 5.05 7.45 4.40 6.36 0.00 7.22 6.46 3.92 3.95 21037264
3.87 3.77 0.00 0.00 3.98 3.63 0.00 5.47 3.74 2.80 3.98 4.45 5.22 6.36 7.12 7.67 0.00 3.56 6.05 7.99 5.50 0.00 9.90 4.70 7.11 4.38 6.42 0.00 7.17 6.58 3.91 3.91 21050354
3.83 3.07 0.00 0.00 4.22 3.70 4.06 5.56 4.03 2.83 4.08 4.44 5.54 6.27 7.31 7.72 2.07 3.71 6.16 7.99 5.37 6.75 10.14 0.00 7.21 4.27 6.32 0.00 7.23 6.44 4.04 3.87 21063445
3.93 3.09 0.00 0.00 3.99 3.68 3.22 5.46 4.03 2.86 4.07 4.46 4.95 6.29 7.22 7.78 0.00 3.60 6.16 8.10 5.30 0.00 10.25 5.03 7.13 4.22 6.42 0.00 7.20 6.47 3.87 3.91 21076535
0.00 3.09 0.00 0.00 4.01 3.65 3.28 5.51 3.96 2.74 4.03 4.60 4.96 6.33 7.23 7.68 2.02 3.68 6.26 7.91 5.75 0.00 10.26 5.02 7.03 4.39 6.46 0.00 7.48 6.57 3.89 3.90 21089625
3.85 3.18 0.00 0.00 4.00 3.63 3.59 5.40 3.90 2.75 4.11 4.52 0.00 6.27 7.18 7.76 0.00 3.58 6.16 7.95 5.35 0.00 10.23 0.00 7.22 4.70 6.42 0.00 7.26 7.17 3.95 4.00 21102715
3.86 3.12 4.93 3.71 3.98 3.63 3.98 5.37 3.85 2.79 4.13 4.55 4.99 6.46 7.12 7.88 2.12 3.62 6.33 8.02 5.47 0.00 10.28 4.99 7.04 4.21 6.60 0.00 7.20 6.48 3.90 3.88 21115805
3.94 3.13 0.00 0.00 3.99 3.61 3.32 5.33 4.09 2.74 4.19 4.56 5.14 6.43 7.32 7.75 2.13 3.69 6.14 8.06 5.37 6.80 10.29 5.03 0.00 4.19 6.55 0.00 7.17 6.52 4.00 4.08 21128895
3.83 3.14 0.00 3.30 4.03 3.60 3.65 5.78 3.88 2.67 4.11 4.47 5.39 6.38 7.20 7.87 2.92 3.53 6.12 8.44 5.76 6.81 10.31 4.74 7.14 4.45 6.63 0.00 7.18 6.53 4.38 3.89 21141985
3.91 3.09 0.00 3.37 4.14 3.59 4.02 5.32 4.00 2.68 4.12 4.56 5.17 6.63 7.40 7.68 0.00 3.58 6.15 8.50 5.36 6.71 10.29 4.92 7.06 4.35 6.59 0.00 7.19 6.52 3.90 4.00 21155075
3.96 3.09 0.00 0.00 4.04 3.60 3.49 5.70 4.06 2.72 4.27 4.53 5.07 6.59 7.33 7.82 2.05 3.57 6.13 8.25 5.74 6.78 10.30 4.87 7.14 4.39 6.72 0.00 7.18 6.53 3.91 3.95 21168165
3.80 3.10 0.00 0.00 4.02 3.60 3.33 5.77 4.03 2.98 4.17 4.55 4.90 7.01 7.36 7.80 0.00 3.59 6.22 7.99 5.73 6.71 10.91 4.62 7.04 5.03 6.88 0.00 7.17 6.53 3.88 3.90 21181255
3.75 3.13 0.00 2.99 4.09 3.60 0.00 5.61 3.99 2.80 4.17 4.51 5.13 6.41 7.49 7.71 0.00 3.51 6.16 8.67 5.43 6.90 9.87 5.08 0.00 4.29 6.65 0.00 7.16 7.24 3.91 3.93 21194344
3.87 3.11 0.00 2.92 4.03 3.63 0.00 5.37 3.99 2.83 4.13 4.51 5.12 6.36 7.27 7.70 0.00 3.56 6.15 8.58 5.33 6.69 10.14 4.87 7.13 4.29 6.79 0.00 7.15 6.40 3.87 3.95 21207435
3.79 3.10 0.00 0.00 4.09 3.61 0.00 5.30 3.96 2.78 4.21 4.50 5.20 6.49 7.42 7.67 2.56 3.55 6.11 8.12 5.35 0.00 10.10 4.73 7.15 4.19 6.51 0.00 7.17 6.52 3.89 3.94 21220525
3.91 3.10 0.00 0.00 4.11 3.62 0.00 5.31 4.00 2.74 4.17 4.50 5.17 6.67 7.23 7.67 2.29 3.54 6.11 7.98 5.41 0.00 10.18 4.80 7.05 4.35 6.52 0.00 7.15 6.36 3.87 3.93 21233615
3.72 3.10 0.00 0.00 4.08 3.58 3.42 5.59 3.98 2.73 4.06 4.52 5.54 6.55 7.25 7.67 2.68 3.60 6.15 8.65 5.33 6.70 10.16 5.08 7.06 4.24 6.47 0.00 7.20 6.40 3.90 3.97 21246705
3.82 3.11 0.00 0.00 4.07 3.60 3.33 5.58 3.97 2.87 4.18 4.56 5.19 6.39 0.00 7.67 2.25 3.58 6.08 8.01 5.48 6.67 10.33 4.88 7.33 4.12 6.53 0.00 7.19 0.00 3.88 3.87 21259795
3.85 3.10 0.00 0.00 4.12 3.58 3.45 5.49 3.89 2.76 4.14 4.53 4.84 6.53 7.24 7.64 2.31 3.59 6.10 8.70 5.34 0.00 10.07 0.00 7.08 4.15 6.62 0.00 7.16 6.48 3.88 3.91 21272885
3.82 3.08 0.00 3.02 4.09 3.61 3.36 5.59 3.88 2.80 4.04 4.54 5.49 6.37 7.26 7.64 2.07 3.57 6.08 0.00 5.45 6.65 10.09 0.00 7.20 4.23 6.64 0.00 7.20 6.48 3.96 3.93 21285975
3.87 3.10 0.00 0.00 3.98 3.61 3.34 5.68 3.84 2.83 4.30 4.51 4.96 6.52 7.32 7.63 2.29 3.59 6.22 8.17 5.40 0.00 9.93 0.00 0.00 4.24 6.69 0.00 7.16 6.33 3.87 4.16 21299064
3.92 3.09 0.00 0.00 4.01 3.58 3.57 5.42 3.85 2.88 4.34 4.52 5.15 6.53 7.26 7.63 2.30 3.59 6.45 8.62 5.36 6.73 9.97 0.00 7.25 0.00 6.73 0.00 7.15 6.45 3.88 4.15 21312154
3.83 3.10 0.00 0.00 4.04 3.67 0.00 5.71 3.82 2.82 4.40 4.51 4.99 6.36 7.27 7.65 2.20 3.63 6.17 8.27 5.48 0.00 10.11 0.00 7.21 4.86 6.76 0.00 7.15 6.41 3.90 3.90 21325245
3.99 3.11 0.00 2.91 4.12 3.59 0.00 5.35 3.83 2.83 4.26 4.52 4.98 6.59 7.23 7.66 2.11 3.50 6.15 8.67 5.46 6.67 9.89 5.17 7.27 4.21 6.62 0.00 7.16 6.38 3.89 4.57 21338334
3.97 3.08 0.00 0.00 4.11 3.62 3.34 5.37 3.86 2.82 4.24 4.51 5.40 6.60 7.19 7.64 2.10 3.52 6.14 8.25 5.45 0.00 10.31 0.00 7.13 4.51 6.77 0.00 7.16 7.09 4.01 0.00 21351425
4.43 3.10 0.00 0.00 4.15 3.60 3.34 5.35 4.04 2.75 4.10 4.51 4.96 6.50 7.20 7.70 2.76 3.61 6.14 7.95 5.49 0.00 9.94 0.00 7.25 4.28 6.50 0.00 7.16 6.48 3.94 3.87 21364514
4.04 3.11 0.00 0.00 4.16 3.60 3.34 5.36 3.82 2.74 4.12 4.53 5.36 6.36 7.25 7.68 2.09 3.60 6.15 7.85 5.44 0.00 9.94 0.00 7.23 4.32 6.72 0.00 7.16 6.34 4.03 3.89 21377604
3.86 3.09 0.00 0.00 4.17 3.61 0.00 5.40 3.72 2.75 4.06 4.53 0.00 6.38 7.19 7.64 2.09 3.61 6.27 8.67 5.49 0.00 10.13 4.91 7.18 4.33 6.68 0.00 7.15 6.39 4.00 4.42 21390695
4.21 3.09 0.00 0.00 4.01 3.57 0.00 5.54 3.78 2.75 4.12 4.59 4.94 6.53 7.25 7.68 2.10 3.63 6.24 8.02 5.31 6.92 10.14 4.93 7.21 4.27 6.63 0.00 7.16 6.39 3.90 3.95 21403785
3.89 3.08 0.00 0.00 4.03 3.62 3.41 5.38 4.04 2.86 4.15 4.53 5.06 6.35 7.25 7.74 2.09 3.65 6.20 8.12 5.46 6.88 10.03 4.92 7.26 4.23 6.76 0.00 7.17 6.52 3.94 3.93 21416875
3.86 3.10 0.00 0.00 4.01 3.60 0.00 5.46 4.05 2.84 4.28 4.51 5.14 6.38 7.25 7.65 2.09 3.73 6.16 8.28 5.43 0.00 9.91 4.89 7.36 4.22 6.63 0.00 7.17 6.53 3.91 3.95 21429964
3.80 3.11 0.00 0.00 4.03 3.64 0.00 5.60 3.85 2.87 4.14 4.62 5.19 6.50 7.19 7.66 2.11 3.70 6.12 8.17 5.54 6.82 9.89 5.14 7.19 4.82 6.66 0.00 7.16 6.53 3.88 3.97 21443054
3.91 3.10 0.00 0.00 4.05 3.65 4.09 5.82 3.99 2.73 4.11 4.55 5.72 6.49 7.25 7.68 2.15 3.66 6.15 8.74 5.92 0.00 10.08 0.00 7.14 4.89 6.59 0.00 7.15 6.87 3.86 4.02 21456145
3.83 3.10 0.00 0.00 4.03 3.65 3.36 5.55 3.78 2.73 4.04 4.62 5.42 6.67 7.31 7.67 2.34 3.57 6.17 8.44 5.64 0.00 10.10 5.17 7.38 4.43 6.83 0.00 7.15 6.46 3.89 0.00 21469235
3.92 3.08 0.00 0.00 4.00 3.58 0.00 5.64 3.80 2.72 4.18 4.61 5.08 6.54 7.45 7.72 2.85 3.67 6.29 8.06 5.63 6.68 10.07 4.63 7.32 5.05 6.63 0.00 7.15 6.51 3.93 4.47 21482325
4.02 3.09 0.00 0.00 3.99 3.58 0.00 5.46 4.17 2.59 4.39 4.55 5.77 6.53 7.26 7.75 2.95 3.61 6.30 8.36 5.56 6.72 10.11 5.59 7.19 4.41 6.66 0.00 7.16 6.34 3.91 3.97 21495415
3.81 3.10 0.00 3.01 4.05 3.61 3.65 5.51 3.86 2.80 4.33 4.55 5.51 6.51 7.35 8.35 0.00 3.52 6.40 8.06 5.35 0.00 10.73 4.85 7.25 4.39 6.70 0.00 7.13 6.27 3.89 3.97 21508505
3.78 3.14 0.00 0.00 4.08 3.60 0.00 5.36 3.95 2.52 4.24 4.64 5.26 6.51 7.39 7.75 0.00 4.17 6.12 8.36 6.48 0.00 10.29 4.21 7.26 4.33 6.63 0.00 7.23 6.31 4.08 3.99 21521595
3.86 3.09 0.00 0.00 4.04 3.62 3.50 5.36 3.84 2.64 4.34 4.69 5.22 6.54 7.38 7.80 2.75 3.64 6.20 8.08 5.89 0.00 10.05 5.61 7.38 4.60 6.77 0.00 7.12 7.16 4.65 3.95 21534685
3.94 3.10 0.00 3.44 4.09 3.62 3.35 5.64 3.70 2.65 4.10 4.58 5.29 6.56 7.36 8.07 2.71 3.67 6.30 8.25 5.48 6.79 9.89 5.88 7.35 4.34 6.69 0.00 7.16 6.20 3.85 4.55 21547774
3.94 3.12 0.00 3.02 4.03 3.60 3.56 5.48 3.78 2.72 4.17 4.60 5.13 6.59 0.00 7.96 2.88 3.73 6.16 8.08 5.41 0.00 10.26 0.00 7.54 4.48 6.29 0.00 6.51 6.26 3.92 4.01 21560865
3.77 3.08 0.00 2.97 4.10 3.66 3.49 5.08 3.66 2.73 4.16 4.67 5.32 6.71 7.38 7.94 2.77 3.78 6.16 8.66 5.55 6.79 10.09 0.00 7.64 4.57 6.54 0.00 4.59 6.36 3.90 3.98 21573955
4.32 3.05 0.00 3.38 4.22 3.60 3.41 5.42 3.70 2.71 4.18 4.69 5.46 6.82 7.78 8.61 2.45 3.60 6.43 8.72 5.59 0.00 9.98 0.00 7.68 4.85 6.47 0.00 7.24 6.10 3.92 4.25 21587044
3.78 3.07 4.98 3.24 4.17 3.58 3.24 5.33 3.39 2.84 4.15 4.89 5.36 6.83 7.59 7.83 0.00 3.63 6.45 7.99 5.95 6.80 10.08 4.77 7.63 4.48 6.75 0.00 7.20 6.65 3.92 3.98 21600135
3.78 3.10 0.00 3.27 4.03 3.58 3.32 5.22 3.40 2.52 4.22 4.81 6.09 6.58 7.73 7.89 2.06 3.72 6.21 8.40 5.43 6.79 8.07 4.97 7.72 4.60 6.51 0.00 5.01 6.32 3.97 4.12 21613224
3.81 3.05 4.88 3.37 4.11 3.66 3.39 5.24 3.42 2.66 4.14 4.67 5.50 5.73 7.79 8.24 0.00 3.94 3.93 8.55 5.38 6.97 7.40 3.73 7.73 4.58 6.51 0.00 6.33 6.38 3.85 4.12 21626314
3.90 2.96 5.13 2.92 4.18 3.62 3.45 5.18 3.29 2.78 4.20 4.83 5.86 6.68 7.69 0.00 2.79 3.63 4.09 8.47 3.46 0.00 8.36 4.44 7.89 4.59 6.51 0.00 7.23 6.27 3.67 4.59 21639404
3.94 2.74 4.91 2.74 4.14 3.02 3.34 5.33 3.25 2.77 4.25 5.18 5.82 6.83 7.71 7.90 2.10 3.77 6.18 8.54 5.53 0.00 3.68 5.18 7.97 0.00 6.02 0.00 7.29 6.33 4.34 4.17 21652494
4.12 2.97 5.02 2.99 4.29 3.66 3.57 5.51 3.15 2.70 4.42 4.79 5.88 7.06 7.83 8.38 2.41 3.68 6.28 8.32 4.16 0.00 3.84 5.23 7.26 0.00 5.94 0.00 3.42 6.42 2.81 4.54 21665584
3.76 3.01 4.08 2.47 4.21 3.63 3.22 5.45 2.81 2.81 4.28 4.87 5.85 7.12 7.79 0.00 3.03 3.89 6.23 8.92 5.05 0.00 2.60 4.39 6.83 4.90 5.70 0.00 3.99 6.48 4.09 4.43 21678674
3.69 3.07 5.05 2.16 4.25 3.66 2.62 5.24 2.79 2.91 4.36 5.46 6.17 7.09 7.93 0.00 0.00 3.91 5.68 8.75 0.00 0.00 2.54 3.90 7.73 5.70 5.75 2.60 3.93 2.72 4.07 4.45 21691764
3.76 2.69 5.30 3.07 4.25 3.67 3.45 5.45 3.02 2.64 4.43 5.13 0.00 6.71 7.87 0.00 2.40 3.64 6.20 8.84 4.03 0.00 2.35 4.90 5.34 0.00 4.55 4.04 6.88 3.43 4.14 4.60 21704854
3.90 2.66 5.65 3.16 4.30 3.63 3.22 5.20 3.01 2.48 3.69 5.12 0.00 6.58 8.12 0.00 2.30 3.54 3.28 7.23 4.95 0.00 6.28 4.28 7.82 4.73 4.78 0.00 3.93 6.07 4.38 4.56 21717944
3.96 3.04 4.69 2.35 4.26 3.67 3.06 5.44 2.94 2.94 4.44 5.38 5.98 2.92 8.05 0.00 2.11 3.69 5.92 8.72 5.31 0.00 2.89 0.00 5.17 0.00 5.65 0.00 5.90 4.15 4.15 4.72 21731034
3.87 2.93 5.23 3.28 4.30 3.74 3.21 5.17 2.88 2.59 4.55 5.14 6.16 3.63 8.14 4.42 2.05 2.93 6.76 8.89 5.41 0.00 2.91 4.83 2.24 0.00 5.24 0.00 5.68 5.32 4.15 4.56 21744124
3.51 2.67 4.73 2.76 4.28 3.70 3.01 5.42 2.48 2.58 4.54 4.11 2.84 5.25 8.08 0.00 2.88 3.41 6.15 8.51 2.57 7.11 2.86 4.76 5.90 4.75 4.90 0.00 4.47 3.51 4.33 4.70 21757214
4.01 3.09 4.78 2.63 4.39 3.75 3.27 5.05 2.14 2.41 4.65 5.10 6.18 3.03 0.00 0.00 2.05 3.42 4.15 8.59 5.57 0.00 3.16 2.50 5.58 4.08 5.60 0.00 4.66 5.40 4.32 4.67 21770304
3.99 3.23 5.14 2.84 4.34 3.77 3.00 5.18 2.81 2.76 4.23 5.16 0.00 4.13 8.05 7.91 2.03 3.72 6.43 8.93 3.40 6.92 2.59 4.04 5.81 3.90 4.44 0.00 4.48 5.23 4.20 4.73 21783394
4.24 2.88 4.73 2.94 4.30 3.83 3.25 5.32 2.92 2.86 4.18 5.34 0.00 6.35 8.39 8.12 2.43 3.38 5.68 8.81 4.65 6.94 5.08 3.14 5.12 3.20 3.52 0.00 5.03 3.63 2.86 4.82 21796484
3.97 2.99 5.00 2.75 4.44 3.42 3.39 5.32 2.85 2.84 4.26 5.30 0.00 6.38 8.03 0.00 2.81 3.90 6.46 8.69 3.82 0.00 5.20 2.09 3.75 4.62 4.66 0.00 2.98 5.77 4.43 5.00 21809574
3.97 3.04 0.00 2.97 4.35 3.78 3.17 5.32 2.87 2.82 4.66 5.47 6.28 6.39 7.93 2.89 2.22 3.65 4.22 8.53 2.39 0.00 6.53 2.08 7.36 4.77 5.52 0.00 3.50 6.00 4.44 0.00 21822664
4.09 3.01 0.00 2.74 4.38 3.47 3.52 5.29 2.81 2.65 4.76 5.50 0.00 4.71 7.88 8.24 2.02 3.42 6.88 8.70 3.72 0.00 5.50 0.00 2.80 4.47 5.05 0.00 5.94 5.69 4.12 4.72 21835754
4.16 2.80 0.00 2.76 4.41 3.90 3.29 5.73 2.78 2.95 4.70 5.38 6.05 6.87 7.71 0.00 2.62 3.60 5.42 8.97 3.05 0.00 10.28 4.73 4.71 4.45 5.36 0.00 3.26 5.11 3.92 4.63 21848845
4.18 2.96 4.98 3.13 4.57 3.88 3.33 5.57 2.74 2.70 4.79 5.42 6.99 6.18 7.89 8.02 2.23 3.65 5.45 8.63 5.90 6.76 5.71 4.29 6.90 4.46 4.36 0.00 4.68 5.84 4.52 0.00 21861934
4.29 2.82 4.91 2.95 4.54 3.38 3.25 5.85 2.68 2.86 4.92 5.48 6.39 4.98 7.69 8.26 2.15 3.69 3.03 8.65 5.68 6.92 8.19 4.78 7.12 4.58 5.15 0.00 5.90 5.82 4.54 5.26 21875024
4.18 2.99 0.00 3.39 4.51 3.84 3.24 5.57 2.56 3.03 4.83 5.50 0.00 5.70 7.90 8.13 0.00 3.70 6.51 8.60 5.85 0.00 2.58 4.96 7.10 4.34 5.53 0.00 4.45 5.91 4.59 4.96 21888114
4.21 2.93 0.00 3.10 4.70 4.11 3.55 5.59 2.64 3.01 4.85 5.44 6.25 6.10 8.02 0.00 0.00 3.72 5.89 8.85 0.00 0.00 10.12 5.54 7.03 4.49 4.60 0.00 5.18 5.75 3.30 4.98 21901205
4.28 2.99 5.11 2.75 4.53 4.02 3.25 5.60 2.53 3.12 4.91 5.52 5.93 7.04 7.69 0.00 0.00 3.62 6.45 8.72 0.00 0.00 10.35 3.98 0.00 4.32 5.50 5.77 5.63 5.69 4.41 4.83 21914295
4.23 3.09 5.00 2.79 4.56 4.05 3.75 5.60 2.50 3.02 4.85 5.50 6.23 7.18 7.76 0.00 2.83 3.69 6.50 8.64 5.93 6.98 9.87 4.51 6.63 4.33 5.35 0.00 5.60 5.64 4.49 0.00 21927384
4.19 3.01 4.94 3.14 4.70 4.08 3.46 5.41 2.87 3.05 4.93 5.51 6.29 2.31 7.60 8.29 2.71 3.77 6.79 0.00 0.00 6.40 10.01 4.89 6.64 4.28 5.78 0.00 5.44 5.72 5.19 4.93 21940475
4.35 3.11 4.82 4.00 4.64 4.00 3.52 5.46 2.86 3.16 4.87 5.49 5.97 7.05 7.66 7.89 0.00 4.21 6.41 8.68 5.70 0.00 10.37 0.00 6.38 4.40 5.60 0.00 5.21 5.69 4.45 5.08 21953565
4.33 2.94 0.00 3.29 4.68 4.12 3.32 5.78 2.61 3.04 4.99 5.58 6.04 6.93 7.64 8.08 2.91 4.02 6.38 8.60 6.00 0.00 8.69 4.85 6.52 4.34 5.54 5.95 5.40 5.54 4.54 5.12 21966654
4.27 3.05 4.93 3.03 4.74 4.11 3.51 5.81 2.63 3.05 5.03 5.56 6.09 7.00 7.83 7.91 0.00 3.92 5.71 8.99 0.00 6.73 9.95 4.99 6.63 4.30 5.51 5.47 5.24 5.81 4.48 4.98 21979744
4.37 2.90 0.00 3.06 4.68 4.04 3.31 5.43 2.64 2.99 4.94 5.54 6.04 7.04 7.65 0.00 0.00 4.10 6.45 8.55 0.00 0.00 9.93 5.00 6.66 4.28 5.40 5.89 5.50 5.66 5.04 4.95 21992834
4.27 3.04 0.00 2.70 4.61 4.12 3.31 5.51 2.64 3.18 4.98 5.88 6.60 7.09 8.40 7.79 2.69 3.70 6.49 8.76 0.00 0.00 10.30 5.15 6.52 4.28 5.64 6.52 5.18 5.72 4.63 5.09 22005925
4.24 3.03 0.00 2.98 4.73 4.19 3.33 5.43 2.48 3.03 5.05 6.27 6.41 7.07 7.75 8.05 0.00 3.91 6.02 8.86 0.00 6.67 3.16 0.00 6.28 4.23 5.64 6.03 5.18 5.41 4.67 5.07 22019014
4.24 3.04 4.91 3.53 4.83 4.16 3.29 5.47 2.69 3.05 4.97 5.70 0.00 6.98 7.68 7.86 2.53 3.70 6.19 8.71 0.00 0.00 10.84 4.58 6.27 4.26 5.76 5.66 5.27 6.02 4.53 5.27 22032105
4.46 3.04 5.35 2.99 4.66 4.09 3.31 5.56 2.62 2.97 5.09 5.68 0.00 7.18 7.62 7.87 2.77 4.06 6.83 8.70 0.00 0.00 10.23 0.00 6.10 4.34 5.68 5.67 5.26 5.24 4.46 5.18 22045195
4.34 3.00 0.00 3.14 4.78 4.19 3.42 5.44 2.57 3.02 5.00 5.69 6.01 7.05 7.62 7.77 0.00 3.72 6.59 8.56 0.00 6.77 10.23 0.00 6.34 4.30 5.62 5.77 5.30 5.48 4.50 5.08 22058285
4.58 2.99 0.00 3.09 5.36 4.15 3.37 5.37 2.63 3.06 4.96 5.71 5.85 6.91 7.60 7.96 2.42 3.87 6.59 8.82 0.00 6.61 10.32 4.92 6.18 4.31 5.46 5.74 5.23 5.18 4.52 5.05 22071375
4.72 2.97 5.10 3.12 4.65 4.22 0.00 5.46 2.57 3.11 4.91 5.93 5.83 6.96 7.62 7.91 2.58 4.05 6.46 8.69 0.00 6.40 10.29 5.49 6.71 4.27 5.63 5.81 5.41 5.58 4.52 4.99 22084465
4.33 2.96 4.94 3.35 4.66 4.18 3.25 5.40 2.65 3.03 5.02 5.76 6.13 6.83 7.63 8.11 0.00 3.94 6.52 8.65 5.77 6.27 10.31 4.89 6.33 4.30 5.52 5.81 5.21 5.20 4.47 5.20 22097555
4.84 2.95 5.04 3.16 4.75 4.20 3.61 5.39 2.45 2.94 5.14 5.70 6.15 6.76 7.62 7.87 2.64 3.83 6.86 8.83 0.00 6.53 10.30 0.00 6.24 4.32 5.95 5.82 5.20 5.07 5.29 5.24 22110645
4.22 3.02 0.00 3.10 4.73 4.18 3.22 5.71 2.51 3.05 4.89 6.22 6.02 6.91 7.63 7.86 2.15 3.91 6.40 0.00 0.00 0.00 10.40 4.97 6.36 4.27 6.17 5.53 5.26 5.64 4.45 5.44 22123735
4.72 2.94 5.46 2.96 4.68 4.44 4.19 5.65 2.54 3.21 4.99 5.65 6.03 7.16 7.62 7.94 2.71 3.73 6.56 8.91 5.98 6.42 10.41 5.13 6.11 4.25 5.63 5.75 5.29 5.28 4.45 5.16 22136825
4.36 3.33 0.00 3.33 4.76 4.21 3.38 5.57 2.48 3.09 5.49 5.67 5.98 0.00 7.61 7.89 2.78 3.81 6.01 8.51 0.00 6.57 10.35 0.00 6.16 4.28 5.62 6.33 5.26 5.22 4.61 5.10 22149915
4.46 3.01 0.00 2.96 4.65 4.42 3.25 5.63 2.45 3.05 5.39 5.59 6.29 7.30 7.62 8.20 0.00 4.09 6.44 8.54 0.00 0.00 0.00 0.00 5.91 4.25 5.44 5.71 5.12 4.97 4.50 5.09 22163004
4.32 2.99 5.18 3.15 4.76 4.35 3.62 0.00 2.48 2.96 5.10 5.71 6.06 6.83 7.61 7.88 0.00 3.90 6.14 8.73 5.92 0.00 10.31 0.00 6.55 4.25 5.51 5.76 5.24 5.01 4.47 4.96 22176095
4.49 2.95 0.00 3.25 4.84 4.22 3.34 5.93 2.46 2.96 4.95 5.65 6.15 7.03 7.62 7.65 0.00 3.70 6.79 8.86 0.00 6.11 10.52 0.00 6.00 4.22 5.51 6.19 5.32 5.51 4.49 5.33 22189185
4.42 2.94 5.18 3.20 4.74 4.59 3.31 5.56 2.39 2.95 5.08 5.65 6.01 6.77 7.62 7.83 2.71 3.68 6.48 8.68 0.00 6.14 10.31 5.22 6.09 4.23 5.50 5.66 5.13 5.07 4.44 5.62 22202275
4.88 2.98 5.50 3.09 4.72 4.32 3.33 5.49 2.46 2.95 4.98 5.68 5.98 6.79 7.63 7.91 0.00 3.68 6.42 8.47 0.00 6.27 10.32 4.70 5.81 4.22 5.50 5.89 5.18 5.15 4.43 5.20 22215365
4.36 2.99 0.00 2.94 4.70 4.27 3.36 5.43 2.40 2.96 5.00 5.71 5.84 6.79 7.62 7.95 2.70 3.68 6.71 9.19 0.00 6.24 10.53 5.41 6.40 4.21 5.49 5.75 5.16 5.45 4.42 5.15 22228455
4.27 3.00 0.00 0.00 4.71 4.28 3.28 5.46 2.48 2.95 5.08 0.00 6.00 6.81 7.63 8.15 0.00 3.64 6.94 9.26 0.00 6.07 10.98 0.00 6.14 4.21 5.46 0.00 5.14 5.14 4.42 5.49 22241545
4.96 3.05 0.00 0.00 4.73 4.23 3.32 5.48 2.40 3.06 5.04 5.70 6.14 6.90 7.60 7.98 0.00 3.64 6.75 8.50 6.11 6.10 10.31 0.00 5.94 4.23 5.51 0.00 5.24 5.19 4.53 5.58 22254635
4.40 2.98 0.00 0.00 4.75 4.29 3.29 5.73 2.47 2.97 4.99 5.64 6.00 6.81 7.59 7.62 2.71 3.62 6.48 8.55 0.00 0.00 0.00 5.37 5.93 4.26 5.59 0.00 5.37 5.12 4.47 5.27 22267724
4.40 2.98 0.00 2.95 5.32 4.18 3.34 5.41 2.64 2.98 5.00 5.73 6.00 7.01 7.60 0.00 2.24 3.62 6.60 8.64 0.00 6.20 0.00 5.25 6.07 4.23 5.61 0.00 5.37 5.16 4.40 5.13 22280814
4.38 3.10 0.00 3.38 5.34 4.37 3.22 5.57 2.43 2.99 5.28 5.61 6.57 6.76 7.63 7.99 2.34 3.95 6.34 8.53 0.00 6.81 0.00 0.00 6.11 4.23 5.55 0.00 5.10 5.11 4.54 5.18 22293904
4.51 2.96 0.00 3.11 4.72 4.30 3.29 5.44 2.39 3.04 5.18 5.68 5.99 6.81 7.66 7.96 2.89 4.06 6.42 8.54 0.00 5.88 10.34 0.00 5.86 4.24 5.57 0.00 5.11 5.35 4.44 5.41 22306995
4.43 2.97 0.00 0.00 4.68 4.34 3.30 5.44 2.42 2.91 5.05 6.29 5.97 6.72 7.45 8.57 2.69 3.93 6.40 8.55 0.00 6.35 10.45 4.88 5.91 4.27 5.56 0.00 5.10 5.19 4.39 5.19 22320085
4.89 3.02 0.00 0.00 4.69 4.40 3.52 5.51 2.51 2.97 5.08 5.69 5.96 7.05 7.44 7.55 2.41 3.75 6.56 8.60 0.00 6.07 0.00 4.90 5.94 4.26 5.56 0.00 5.09 4.85 4.98 5.21 22333174
4.31 3.01 0.00 0.00 4.70 4.49 3.46 5.55 2.51 2.96 5.12 5.67 5.95 6.71 7.68 7.46 2.63 3.78 6.48 8.52 0.00 6.20 10.32 4.88 6.07 4.29 5.48 6.24 5.15 5.10 4.39 5.80 22346265
0.00 3.03 0.00 2.99 4.71 4.40 3.88 5.43 2.39 3.02 5.02 5.70 5.91 6.77 7.58 7.51 2.74 3.71 6.62 8.63 0.00 0.00 10.34 4.85 6.10 4.28 5.49 0.00 5.20 5.23 4.44 5.14 22359355
4.30 3.04 5.05 3.41 4.83 4.31 3.42 5.74 2.39 3.05 5.01 5.65 5.98 6.83 7.68 7.48 0.00 3.87 6.47 8.56 0.00 0.00 10.48 0.00 6.05 4.28 5.53 0.00 5.27 5.10 4.43 5.48 22372445
4.56 3.03 0.00 2.97 4.74 4.35 3.46 5.54 2.64 3.12 5.07 5.69 5.95 6.83 7.55 7.43 0.00 3.82 6.27 8.63 5.72 5.85 10.32 5.07 5.84 4.35 5.52 0.00 5.01 5.33 4.42 0.00 22385535
4.41 0.00 0.00 3.00 4.73 4.27 3.21 5.68 2.45 3.02 5.26 5.65 6.00 6.93 7.65 7.47 2.73 3.95 6.71 8.65 0.00 6.18 10.34 5.04 5.87 4.34 5.55 5.65 5.25 4.91 4.44 5.13 22398625
5.00 3.06 0.00 3.05 4.71 4.26 3.43 5.39 2.48 3.05 5.18 5.74 5.96 6.70 7.65 7.44 2.24 3.72 6.80 8.80 0.00 5.88 10.42 0.00 5.82 4.36 5.57 0.00 5.14 4.87 4.43 5.91 22411715
4.30 3.06 0.00 3.05 4.83 4.39 0.00 5.32 2.42 2.99 4.96 5.69 5.93 6.70 7.61 7.47 2.53 3.75 6.73 8.82 6.38 6.35 10.29 0.00 5.74 4.35 5.57 0.00 4.91 4.94 4.43 5.12 22424805
4.55 3.04 0.00 3.39 4.74 4.34 3.19 0.00 2.44 3.14 5.01 5.76 5.81 6.92 7.42 7.48 0.00 3.76 6.50 0.00 6.32 5.87 10.45 0.00 5.83 4.33 5.55 0.00 5.10 4.70 4.40 0.00 22437895
4.32 3.03 0.00 2.99 0.00 4.38 3.17 5.56 2.41 2.98 5.25 5.70 5.85 7.06 7.47 7.44 0.00 3.75 6.90 8.75 6.37 6.11 10.31 0.00 5.87 4.33 5.57 0.00 5.02 4.83 4.40 5.19 22450985
4.38 3.05 0.00 2.98 0.00 4.32 3.44 5.58 2.45 3.16 5.15 5.77 5.88 7.09 7.42 7.48 0.00 3.72 7.08 8.63 6.34 6.24 10.29 0.00 5.74 4.32 5.55 5.56 5.14 5.02 4.46 5.40 22464075
4.29 3.04 0.00 2.96 4.72 4.30 3.41 5.69 2.69 3.11 5.27 5.71 6.10 6.60 7.67 7.72 0.00 4.01 6.84 8.67 6.32 6.03 10.31 5.49 6.02 4.34 5.54 5.56 5.20 4.62 4.42 5.52 22477165
4.51 3.05 0.00 3.01 4.87 4.32 3.43 5.39 2.49 3.11 5.07 5.78 6.01 6.86 7.48 7.69 0.00 3.69 6.43 8.66 6.38 6.20 10.30 5.35 5.78 4.35 5.53 5.59 4.92 4.64 4.43 5.16 22490255
4.69 2.99 0.00 3.25 4.72 4.26 3.46 5.33 2.48 3.08 5.04 5.92 5.92 6.96 7.47 7.74 0.00 3.74 6.61 8.61 6.40 5.93 10.33 5.32 5.94 4.33 5.56 5.61 4.85 4.82 4.43 5.50 22503345
0.00 3.00 0.00 3.00 4.77 4.34 3.49 5.60 2.62 3.03 5.05 5.73 5.92 6.87 7.33 7.51 2.68 3.62 6.19 8.58 6.40 6.25 10.43 0.00 5.95 4.32 5.54 0.00 4.87 4.98 4.52 5.65 22516435
4.54 3.04 5.20 0.00 4.69 4.49 3.32 5.43 2.39 3.05 5.22 5.71 5.85 6.66 7.23 7.92 0.00 3.64 6.49 8.50 6.42 0.00 10.39 0.00 6.01 4.34 5.51 5.60 4.72 4.79 4.49 5.51 22529525
4.35 3.07 5.02 0.00 4.70 4.42 3.43 5.41 2.46 3.01 5.03 5.75 5.95 6.64 7.24 7.77 0.00 4.02 6.02 8.47 0.00 6.03 10.31 5.15 5.52 4.34 5.50 5.59 4.82 4.64 4.50 5.30 22542615
4.30 2.99 0.00 0.00 4.72 4.39 3.39 5.42 2.60 3.12 4.99 5.67 5.84 6.46 7.15 7.50 0.00 3.72 6.30 8.53 0.00 5.93 10.45 0.00 5.70 4.34 5.53 5.83 4.69 4.66 0.00 5.45 22555705
4.54 3.13 5.27 0.00 4.73 4.48 3.23 5.39 2.44 3.08 5.30 5.92 5.84 6.47 7.12 7.62 2.47 3.67 6.43 8.72 0.00 6.22 10.26 4.81 5.81 4.30 5.64 5.54 4.72 4.68 4.49 5.41 22568795
4.96 2.95 0.00 0.00 4.76 4.49 3.29 5.24 2.42 3.17 5.10 5.93 5.85 6.58 7.07 7.24 2.60 3.64 6.34 8.51 6.44 5.83 10.20 4.76 5.63 4.23 6.18 5.56 4.73 4.74 4.55 5.23 22581885
4.56 3.07 0.00 0.00 4.83 4.51 3.37 5.18 2.49 3.19 5.04 6.49 5.86 6.44 7.09 7.54 2.58 3.73 5.98 0.00 6.01 6.03 10.79 5.61 5.74 4.24 5.59 5.49 4.52 4.54 4.47 5.43 22594975
4.48 3.06 5.14 3.08 4.57 4.44 3.33 5.98 2.42 3.23 5.17 5.80 5.96 6.29 6.98 7.21 2.67 3.63 5.93 8.55 5.95 5.85 10.34 4.89 5.73 4.28 5.57 5.68 4.60 4.49 4.50 5.49 22608065
4.47 3.11 5.11 0.00 4.91 4.60 3.16 5.20 2.54 3.17 5.11 5.90 5.69 6.17 7.02 7.31 2.72 3.81 6.51 8.64 6.09 5.88 3.31 4.73 5.65 4.23 5.91 0.00 4.62 4.59 4.51 5.64 22621154
4.52 2.95 5.06 2.71 4.99 4.57 3.21 5.20 2.67 3.18 5.10 5.83 5.95 6.18 6.98 6.97 2.24 3.67 6.32 8.72 6.01 5.49 10.67 0.00 5.26 4.93 5.53 5.55 4.50 4.47 4.54 5.36 22634245
4.47 3.07 4.97 3.26 4.99 4.62 3.42 5.11 2.51 3.24 5.19 5.80 5.76 6.07 6.77 7.02 2.64 3.91 6.73 8.91 5.99 5.56 10.38 5.04 5.40 4.35 5.45 5.72 3.41 4.20 4.49 0.00 22647335
4.64 2.83 4.96 0.00 4.98 4.63 2.49 4.90 2.47 3.26 5.26 5.86 5.65 4.76 6.72 6.73 2.57 3.63 5.80 8.65 5.84 5.54 9.83 0.00 5.19 4.36 5.41 5.28 4.23 4.21 4.51 5.78 22660424
4.50 3.12 4.99 2.91 5.02 4.68 3.30 4.88 2.55 3.45 5.35 5.99 5.84 6.14 6.48 6.45 2.52 3.85 5.98 8.49 4.35 5.44 8.45 0.00 5.26 4.37 5.34 5.34 4.12 4.11 4.35 5.58 22673514
4.61 2.88 3.53 3.01 5.32 4.75 3.32 4.98 2.58 3.19 5.37 6.09 5.48 4.84 6.45 6.59 2.12 3.97 6.56 8.52 4.98 5.32 8.72 3.52 5.22 4.31 5.42 0.00 3.68 4.17 4.58 5.79 22686604
5.01 2.20 3.72 2.48 5.00 4.75 3.37 5.28 2.51 3.47 5.66 5.98 5.16 5.83 6.30 6.48 2.44 3.65 2.14 8.64 3.19 5.37 2.17 4.82 5.28 4.80 4.32 4.56 3.09 3.62 4.64 5.43 22699694
4.91 3.00 3.79 3.07 5.30 4.90 3.24 3.80 2.55 3.46 5.71 6.05 5.46 5.71 6.32 6.56 2.41 3.78 6.28 8.97 3.32 5.37 3.49 2.43 5.48 4.45 5.37 4.12 3.66 3.71 2.49 5.69 22712784
4.96 3.05 4.00 2.24 4.66 3.86 3.17 5.44 2.72 3.68 5.37 6.07 4.91 5.72 6.35 6.57 2.41 3.63 6.32 0.00 5.05 5.06 2.07 3.02 5.46 4.71 4.51 4.44 3.16 4.23 4.69 5.78 22725874
5.06 2.99 3.85 3.45 5.28 5.15 3.22 5.41 2.35 2.52 5.48 6.20 4.24 5.45 6.53 6.61 2.80 3.56 6.44 9.37 4.21 5.08 2.77 0.00 4.21 4.91 4.65 3.95 3.53 3.71 4.61 4.64 22738964
5.11 2.72 3.71 2.35 5.42 5.21 2.57 4.03 2.48 2.95 5.49 6.31 4.78 3.13 6.43 6.61 2.02 3.61 2.93 8.82 4.52 4.85 2.36 4.22 5.58 4.26 4.19 3.59 3.13 2.88 3.76 6.33 22752054
5.10 2.67 3.58 2.53 5.59 4.88 3.29 5.34 2.49 2.32 5.76 6.32 4.63 5.57 6.84 6.70 2.10 3.49 3.85 8.64 4.24 5.04 2.87 3.46 5.30 3.98 3.74 3.36 2.73 3.58 4.13 4.90 22765144
5.31 2.32 3.71 2.65 5.03 5.48 3.07 5.54 2.36 2.39 5.09 6.37 4.49 4.51 6.65 6.56 2.74 3.21 3.44 0.00 3.58 4.80 2.86 0.00 5.36 3.80 4.24 3.35 3.20 2.64 5.10 0.00 22778234
5.11 2.95 3.63 2.48 5.87 2.55 3.10 4.59 2.54 2.73 4.94 6.46 4.53 2.46 6.69 5.82 2.05 3.67 2.25 9.03 3.84 4.50 2.54 3.98 5.80 3.65 4.32 3.33 3.05 3.54 4.24 6.18 22791324
5.27 2.72 3.58 2.58 4.09 3.24 2.74 5.47 2.50 2.98 5.74 6.97 4.50 4.24 7.03 5.75 2.82 3.07 6.23 9.24 2.52 4.73 2.29 4.22 5.92 3.76 3.14 3.35 3.15 3.37 3.71 6.38 22804414
5.35 2.82 4.05 2.55 6.06 5.61 3.52 3.52 2.66 2.96 5.95 6.55 4.15 2.47 6.66 2.44 2.23 3.30 6.16 8.83 3.60 4.67 2.78 2.45 6.37 3.87 3.45 3.30 3.19 3.06 3.69 0.00 22817504
5.38 2.79 3.66 2.37 4.48 5.22 3.17 4.72 2.43 3.00 3.75 6.59 4.82 4.22 3.26 4.37 2.04 3.50 3.46 0.00 2.88 4.48 2.74 3.97 4.34 3.01 3.49 3.10 3.11 3.77 3.00 3.41 22830594
4.94 2.74 3.79 2.42 4.55 4.02 3.13 3.11 2.19 2.42 6.06 4.82 3.92 2.64 2.81 6.64 2.17 3.49 5.96 2.91 3.12 2.41 3.28 2.59 3.29 3.44 2.60 3.04 2.40 2.19 3.51 0.00 22843684
5.19 2.98 3.80 2.36 6.34 2.38 3.05 4.41 2.48 2.52 4.33 2.71 4.86 3.00 3.24 5.96 2.04 2.53 7.28 8.71 3.18 4.34 3.08 2.42 2.89 3.95 4.46 3.01 3.18 3.60 4.19 6.81 22856774
5.46 2.81 3.85 3.00 6.50 5.00 2.99 3.28 2.17 2.39 5.99 5.87 4.63 5.70 5.53 7.03 2.65 3.50 2.18 0.00 3.74 4.40 2.16 2.21 3.90 4.24 2.38 2.92 2.83 3.82 2.32 4.45 22869864
4.81 2.90 3.85 2.60 6.44 3.77 3.26 3.31 2.72 2.39 3.03 6.69 4.48 4.42 6.68 6.72 2.48 3.63 5.44 6.44 3.41 3.78 2.53 2.87 3.57 3.41 3.73 2.61 3.19 3.75 5.75 7.04 22882954
6.01 3.06 3.59 2.51 5.83 6.80 3.42 5.38 2.76 3.55 5.35 6.87 4.44 3.18 4.19 5.96 0.00 3.74 5.29 8.87 3.07 4.42 4.15 3.67 4.06 3.44 3.41 2.76 3.14 2.86 5.20 7.30 22896044
5.38 3.18 3.68 2.73 6.74 6.36 3.54 5.50 2.79 2.33 6.15 6.98 4.50 4.57 6.62 7.06 2.42 3.81 6.97 8.90 3.32 4.41 3.65 3.24 4.47 3.06 4.72 2.85 3.27 3.92 3.04 0.00 22909134
5.37 3.04 3.56 2.71 7.05 7.15 3.50 4.22 2.66 2.54 6.22 7.43 4.51 5.59 6.78 4.95 2.62 3.70 4.89 8.85 3.07 0.00 2.16 5.38 4.77 3.87 3.45 2.89 2.82 3.89 5.60 0.00 22922224
5.44 2.81 3.90 2.80 7.35 7.11 3.13 5.47 2.75 3.34 6.05 6.87 4.44 5.23 6.97 6.98 2.91 3.15 4.67 9.06 3.47 4.34 2.83 3.95 4.67 3.68 3.67 3.04 3.19 3.91 5.73 6.99 22935314
5.28 3.01 3.53 4.11 6.96 7.22 3.09 5.65 2.78 3.31 5.87 6.95 4.87 5.05 6.71 6.71 2.05 3.71 3.03 8.79 3.90 4.48 2.88 3.81 5.14 3.69 3.82 3.16 2.99 3.98 5.88 0.00 22948404
5.19 3.00 3.55 2.66 6.97 5.81 3.61 0.00 2.70 3.60 6.16 6.89 4.44 5.23 6.68 6.65 2.80 3.74 6.25 8.72 3.88 0.00 10.01 2.54 6.08 3.47 4.09 2.68 3.14 4.11 5.31 6.96 22961495
5.51 3.01 3.45 2.20 7.39 7.39 3.36 5.45 2.64 2.33 6.34 6.91 4.55 2.83 5.34 6.67 0.00 3.68 6.97 8.69 3.72 4.28 4.31 2.28 5.90 4.52 4.66 2.91 3.22 4.01 6.34 7.09 22974584
5.23 2.99 3.55 2.81 7.79 7.38 3.53 4.50 2.69 3.45 6.59 0.00 4.37 3.50 6.63 6.93 2.81 3.74 6.39 0.00 3.82 4.34 2.11 2.86 6.16 3.87 4.59 2.96 3.11 4.07 5.87 7.27 22987674
5.67 3.08 3.77 3.22 8.00 7.45 3.12 0.00 2.66 4.04 6.39 6.93 4.40 3.70 0.00 7.01 2.32 3.97 6.53 0.00 3.61 4.41 10.20 4.56 5.89 0.00 4.65 3.62 3.23 4.13 5.82 7.62 23000765
5.25 2.96 3.43 2.73 7.11 5.98 3.00 5.35 2.59 3.84 6.30 6.97 4.32 5.58 6.71 6.71 0.00 3.68 6.83 8.93 3.69 4.26 4.44 0.00 6.01 3.66 4.54 2.99 3.38 4.06 5.82 7.70 23013854
5.27 2.83 3.49 3.53 7.42 7.59 3.10 5.68 2.74 2.99 6.19 0.00 4.53 5.56 6.73 6.74 2.01 3.72 6.55 9.24 3.57 4.97 10.86 5.20 5.56 0.00 4.47 3.20 3.21 4.03 5.63 7.08 23026945
5.26 2.91 3.53 2.79 7.29 7.53 3.26 5.54 2.64 4.06 6.21 7.04 4.64 5.67 0.00 6.79 0.00 3.70 6.96 9.18 3.65 4.40 10.36 5.34 5.56 3.46 4.67 2.89 3.33 4.10 5.82 7.03 23040035
5.34 3.01 3.46 2.57 7.75 7.62 3.32 5.42 2.76 3.99 6.39 7.01 4.40 5.36 6.81 6.76 2.78 4.03 6.69 8.63 3.57 0.00 9.06 3.85 5.63 3.94 4.61 3.01 3.20 4.10 5.75 7.58 23053124
5.43 3.11 3.53 3.18 7.39 6.91 3.13 5.47 2.75 4.06 6.26 6.94 4.44 5.69 6.81 6.75 2.14 3.62 6.62 8.69 3.63 4.26 2.98 3.52 5.55 3.45 4.65 3.05 3.27 4.13 5.77 0.00 23066214
5.27 3.06 3.56 3.10 7.74 7.71 3.20 5.70 2.69 3.70 6.22 6.93 4.55 5.66 6.83 6.71 0.00 4.04 2.68 8.64 3.62 4.25 7.01 5.25 5.57 3.46 4.57 2.56 3.26 4.18 5.89 7.79 23079304
5.50 3.03 3.57 4.07 7.43 7.76 3.22 5.49 2.72 4.13 6.28 0.00 4.54 5.65 6.79 6.81 2.12 3.83 6.78 8.94 3.59 0.00 10.51 3.13 5.78 3.87 4.66 2.70 3.25 4.09 5.89 0.00 23092395
5.35 2.99 3.56 4.41 7.31 7.65 3.20 5.50 2.77 4.00 6.23 7.17 4.53 5.68 6.80 7.14 2.12 3.71 6.59 8.76 3.54 4.27 10.21 0.00 5.22 3.65 4.65 2.57 3.28 4.15 5.85 7.13 23105485
5.19 3.03 3.63 0.00 7.37 7.79 3.34 5.19 2.83 3.95 6.22 7.13 4.36 5.70 6.72 6.72 2.53 3.73 6.59 8.78 3.50 4.26 10.20 4.40 5.36 3.70 4.59 2.67 3.30 4.13 5.82 7.29 23118575
5.24 3.12 3.55 4.86 7.68 7.81 3.19 5.35 2.65 4.07 6.30 7.05 4.27 5.72 6.76 6.82 2.72 3.79 6.55 8.93 3.66 4.39 9.86 4.56 5.28 3.49 4.63 2.68 3.45 4.10 5.82 7.09 23131664
5.37 2.99 3.56 0.00 7.52 7.95 3.23 5.44 2.76 4.08 6.62 7.74 4.54 5.71 6.70 6.82 2.22 3.74 6.42 8.83 3.60 4.33 9.67 4.93 5.15 3.61 4.49 2.89 3.43 4.24 5.83 7.56 23144754
5.66 2.94 3.44 3.29 7.48 7.75 3.19 0.00 2.72 4.24 6.34 7.07 0.00 5.72 7.44 6.86 0.00 4.15 6.42 8.71 3.63 4.22 4.54 3.98 5.13 3.88 4.52 2.72 3.30 4.14 5.75 6.96 23157844
5.07 3.06 3.47 4.59 7.42 7.83 3.42 5.30 2.84 4.18 6.33 7.04 4.46 5.81 6.86 6.97 2.84 3.57 6.45 8.69 3.61 4.50 10.32 4.49 4.67 3.81 4.57 2.99 3.30 4.12 5.94 7.18 23170935
5.29 3.11 3.55 3.91 7.46 7.87 3.21 5.50 2.71 4.16 6.32 7.10 4.54 5.78 6.74 6.94 2.68 3.80 6.13 8.65 3.60 4.31 10.31 0.00 4.77 3.62 4.59 2.62 3.44 4.10 5.81 6.99 23184025
5.06 3.09 3.30 0.00 7.40 7.91 3.31 5.33 2.68 3.98 6.39 7.03 4.27 5.63 6.74 7.19 2.69 3.96 6.24 8.69 3.57 4.35 10.54 5.32 4.92 0.00 4.59 2.59 3.33 4.20 5.85 7.23 23197115
5.34 2.98 3.28 3.06 7.80 7.80 3.32 5.61 2.65 3.93 6.80 7.04 4.62 5.68 6.96 6.85 0.00 3.79 6.28 8.81 3.56 4.91 0.00 0.00 4.92 0.00 4.69 2.56 3.27 4.25 6.14 7.05 23210204
5.09 2.99 3.36 4.58 7.52 7.86 3.55 5.36 2.65 4.07 6.41 7.05 4.43 5.63 6.86 6.81 0.00 4.23 6.52 9.14 3.59 0.00 10.76 3.89 4.45 0.00 4.70 2.75 3.31 4.20 5.95 7.46 23223295
5.18 2.99 3.39 4.58 0.00 7.93 3.27 5.22 2.74 4.02 6.43 7.14 5.05 5.67 6.77 6.73 2.66 3.81 6.37 0.00 3.59 0.00 10.28 3.94 4.91 0.00 4.69 2.63 3.41 4.21 5.95 7.47 23236385
5.29 3.11 3.37 3.65 7.42 7.78 3.37 5.48 2.69 4.12 6.35 7.05 4.28 5.69 6.85 6.78 2.15 3.89 7.25 8.95 3.66 4.39 10.65 4.62 4.98 0.00 4.67 2.66 3.38 4.34 6.18 7.16 23249475
5.30 3.11 3.37 3.51 7.47 7.86 3.22 5.33 2.65 4.10 6.36 7.06 4.44 5.90 7.02 6.87 2.82 3.80 6.07 0.00 3.63 4.94 10.35 4.94 4.63 0.00 4.71 2.59 3.36 4.25 5.85 7.41 23262565
5.05 3.14 3.37 0.00 7.44 7.84 3.46 5.38 2.68 4.33 6.41 7.08 4.38 5.67 6.77 6.81 0.00 3.83 6.24 9.40 3.61 4.30 10.57 0.00 4.41 3.64 4.50 2.68 3.33 4.30 6.23 7.22 23275655
4.92 3.07 0.00 0.00 0.00 7.82 3.39 5.39 2.74 3.97 6.41 7.05 4.29 5.55 6.83 6.80 0.00 3.87 6.22 0.00 3.66 4.24 10.25 5.19 4.36 0.00 4.68 2.68 3.39 4.27 5.77 7.29 23288745
5.02 3.08 3.32 3.19 7.59 7.86 3.32 5.65 2.91 4.11 6.39 7.10 0.00 5.69 6.76 6.90 2.55 3.93 6.48 0.00 3.61 4.32 10.47 4.64 4.74 0.00 4.74 2.62 3.42 4.39 5.94 0.00 23301835
5.00 3.00 3.38 4.65 7.60 7.86 3.39 5.19 2.68 4.04 6.44 7.06 4.94 5.68 6.84 6.79 0.00 3.77 6.19 0.00 3.65 4.34 10.25 5.12 4.64 0.00 4.50 3.02 3.34 4.28 5.81 7.22 23314925
0.00 3.06 3.36 0.00 7.85 7.81 3.64 5.46 2.74 4.03 6.40 7.08 4.35 5.56 6.84 6.91 0.00 3.91 6.73 9.56 3.60 0.00 9.74 5.20 4.45 0.00 4.74 2.51 3.51 4.42 5.77 7.21 23328014
5.21 3.06 3.33 0.00 7.77 7.85 3.56 5.49 3.28 4.06 6.36 7.27 4.35 5.77 6.89 6.93 0.00 3.89 6.42 0.00 3.60 0.00 10.28 3.93 4.45 0.00 4.60 2.61 3.35 4.25 5.73 0.00 23341105
5.08 3.16 3.43 4.98 8.35 7.99 3.54 5.69 2.83 3.98 6.44 7.67 4.36 5.60 6.94 6.76 0.00 0.00 6.28 8.97 3.58 0.00 10.04 4.60 4.44 0.00 4.61 2.57 3.37 0.00 5.74 7.79 23354195
5.38 3.09 3.40 4.64 8.16 7.90 3.38 5.35 2.68 4.09 6.40 7.04 4.58 5.58 7.01 6.94 0.00 3.91 6.72 8.95 3.58 4.33 10.36 4.61 4.70 0.00 4.68 2.62 3.35 4.30 5.75 7.76 23367285
4.87 3.07 3.43 3.11 7.70 7.88 3.52 5.64 3.44 4.29 6.38 7.08 4.67 5.86 6.95 6.91 0.00 4.34 6.37 8.84 3.52 4.28 9.83 4.60 4.33 3.67 4.53 2.51 3.55 4.36 5.93 0.00 23380374
5.24 3.08 3.33 0.00 7.91 7.90 3.18 5.32 2.73 4.10 6.38 7.07 4.34 5.82 6.79 6.86 2.01 3.87 6.83 8.82 3.57 0.00 10.25 5.10 4.58 0.00 4.60 2.72 3.40 4.35 5.86 0.00 23393465
4.90 3.09 3.31 4.98 7.45 7.91 3.23 5.24 2.80 4.33 6.37 7.06 0.00 5.77 6.78 6.96 0.00 3.84 6.70 9.03 3.62 0.00 10.28 0.00 4.44 0.00 4.49 2.55 3.50 4.38 5.80 0.00 23406555
4.87 3.12 3.33 5.00 7.81 7.91 3.30 5.31 2.83 4.13 6.47 7.06 4.87 5.66 6.84 7.05 0.00 3.86 6.03 0.00 3.67 4.64 10.28 0.00 4.52 0.00 4.53 2.66 3.55 4.34 5.82 7.27 23419645
4.98 3.10 3.49 4.77 7.68 7.89 3.33 5.43 2.71 4.09 6.40 7.09 4.36 5.75 6.97 6.93 0.00 4.53 6.51 8.82 3.52 5.00 10.34 4.64 4.27 0.00 4.54 2.70 3.37 4.27 5.77 7.19 23432735
4.89 3.12 3.36 0.00 7.47 7.92 3.50 5.29 2.71 3.98 6.43 7.02 4.34 5.60 0.00 0.00 0.00 3.84 6.35 0.00 3.51 4.39 10.29 4.78 4.55 0.00 4.52 2.58 3.45 4.27 5.78 7.25 23445825
5.38 3.16 3.31 4.66 7.47 7.92 3.58 5.35 2.85 4.10 6.71 7.03 4.33 5.88 6.79 6.75 0.00 3.79 6.63 0.00 3.55 4.28 10.44 5.25 4.35 0.00 4.51 2.65 3.49 4.41 5.89 7.32 23458915
5.11 3.10 3.53 4.48 7.79 7.93 3.57 5.28 2.71 4.14 6.39 7.72 4.32 5.72 0.00 6.76 0.00 3.89 6.53 0.00 3.53 4.34 10.33 4.91 5.21 0.00 4.50 2.76 3.55 4.40 5.81 7.27 23472005
4.92 3.16 3.43 4.03 7.61 7.93 3.35 5.41 2.82 4.22 6.41 7.23 4.26 5.86 7.04 6.79 2.69 3.76 6.70 0.00 3.60 0.00 10.44 4.95 4.51 0.00 4.49 2.82 3.53 4.33 5.79 7.14 23485095
4.91 3.11 3.31 4.48 7.50 7.86 3.50 5.23 2.79 4.17 6.44 7.13 4.48 5.68 7.03 6.76 0.00 3.81 6.71 0.00 3.69 4.30 10.31 0.00 4.59 0.00 4.49 0.00 3.72 4.29 5.80 7.11 23498185
4.83 3.10 3.37 4.88 7.48 7.95 3.51 6.07 2.87 4.08 6.43 7.11 4.64 5.77 7.04 6.77 0.00 3.82 7.15 0.00 3.66 4.37 9.66 4.61 4.52 0.00 4.50 2.63 3.40 4.41 5.92 7.19 23511274
5.65 3.13 3.33 4.65 7.85 7.91 3.47 5.35 2.83 4.15 6.41 7.10 4.38 5.85 6.89 6.77 0.00 3.84 6.73 0.00 3.61 0.00 10.99 4.77 4.64 0.00 4.49 2.56 3.47 4.33 5.85 7.14 23524365
5.01 3.10 3.35 5.08 7.80 7.87 3.43 6.08 2.73 4.09 6.60 0.00 4.74 5.56 6.94 7.24 0.00 3.88 6.51 9.14 3.67 0.00 10.51 5.38 4.68 0.00 4.49 2.91 3.42 4.45 5.78 7.19 23537455
4.88 3.15 3.38 4.68 7.53 7.93 3.42 5.65 2.77 4.02 6.41 7.10 4.68 5.59 6.84 6.78 0.00 3.88 6.47 8.76 3.60 0.00 10.05 4.68 4.57 0.00 4.50 2.58 3.53 4.34 5.86 7.25 23550545
5.00 3.14 3.30 4.53 7.69 7.89 3.39 5.44 2.73 4.13 6.54 7.08 4.66 5.56 6.83 6.78 0.00 3.90 6.59 8.85 3.58 0.00 10.33 4.55 5.01 0.00 4.50 2.67 3.50 4.40 5.82 0.00 23563635
5.12 3.14 3.33 4.50 7.51 7.92 3.44 5.37 2.74 4.05 6.54 7.09 4.48 5.59 6.87 6.77 0.00 3.85 6.76 9.05 3.62 4.33 10.22 4.90 4.75 4.24 4.49 2.57 3.44 4.44 5.88 0.00 23576725
4.93 3.10 3.31 4.54 7.77 8.02 3.45 5.38 2.74 4.16 6.41 7.09 4.40 5.65 6.87 6.78 0.00 3.81 6.63 0.00 3.67 0.00 0.00 5.10 4.52 4.06 4.51 3.16 3.45 4.42 5.83 7.25 23589814
5.15 3.08 3.34 4.60 7.51 7.99 3.67 5.32 2.90 4.17 6.50 7.13 4.46 5.58 6.91 6.79 0.00 3.89 6.37 8.72 3.55 4.47 10.32 0.00 4.52 0.00 4.50 2.61 3.60 4.35 5.75 0.00 23602905
4.94 3.11 3.39 4.60 7.95 7.94 3.29 5.31 2.72 4.15 6.56 7.11 4.43 5.50 6.84 6.75 0.00 3.89 6.93 8.73 3.51 4.30 10.95 4.89 4.66 0.00 4.50 2.56 3.61 4.52 5.72 7.13 23615995
5.11 3.11 3.38 4.58 7.43 8.08 3.42 5.45 2.78 4.13 6.47 0.00 4.49 5.49 6.94 6.75 2.01 3.87 6.73 8.68 3.53 0.00 10.40 4.75 4.56 0.00 4.50 2.54 3.45 4.35 5.75 7.13 23629085
5.02 3.12 3.32 4.56 7.48 8.04 3.26 5.45 2.75 4.14 6.45 7.12 5.07 5.54 6.83 6.75 0.00 3.78 0.00 8.69 3.53 4.28 10.80 4.53 4.91 0.00 4.51 2.51 3.49 4.37 5.93 7.84 23642175
4.94 3.15 3.33 4.56 7.58 8.01 3.30 5.42 2.76 4.13 6.40 7.07 4.45 5.65 6.75 6.76 2.68 4.42 6.49 8.84 3.62 4.36 0.00 4.75 4.69 4.10 4.51 2.73 3.49 4.34 5.78 7.30 23655264
5.19 3.09 3.35 4.52 7.69 8.04 3.49 5.35 2.73 4.07 6.48 7.06 4.35 5.62 6.92 6.73 2.50 4.02 6.66 0.00 3.58 4.27 0.00 0.00 4.65 0.00 4.52 2.63 3.50 4.47 5.75 7.13 23668354
4.97 3.09 3.38 4.55 7.61 7.99 3.67 5.38 2.71 4.06 6.50 7.08 4.57 5.57 6.87 6.73 2.68 3.79 6.78 8.86 3.55 4.44 9.85 0.00 4.85 4.09 4.52 3.00 3.53 4.37 5.76 7.44 23681444
4.99 3.09 3.49 4.63 7.55 8.08 0.00 5.45 2.71 4.10 6.45 7.06 4.81 5.58 6.91 6.72 0.00 4.00 6.64 0.00 3.58 4.35 10.34 5.03 4.79 4.09 4.51 2.87 3.57 4.37 5.80 7.16 23694535
5.09 3.12 3.33 4.57 7.50 8.11 3.34 5.27 2.82 4.09 6.42 7.04 4.41 5.71 6.85 6.70 0.00 3.87 6.51 0.00 3.58 0.00 10.21 4.75 5.02 3.64 4.51 2.94 3.56 4.54 5.81 7.14 23707625
4.99 3.12 0.00 4.56 7.67 8.08 3.31 5.29 2.72 4.15 6.42 7.05 5.09 5.60 7.03 6.74 0.00 4.07 6.50 0.00 3.55 4.37 10.32 5.24 4.72 3.63 4.52 2.58 3.50 4.33 5.95 0.00 23720715
5.01 3.08 3.37 4.62 7.77 7.96 4.15 5.30 2.71 4.11 6.52 7.05 4.60 5.63 6.89 6.72 2.06 4.10 6.49 0.00 3.58 4.53 10.35 4.83 4.65 3.64 4.52 2.55 3.56 4.55 5.78 7.53 23733805
4.91 3.12 3.53 3.04 7.76 8.01 3.39 5.31 2.72 4.14 6.33 7.06 4.42 5.61 7.49 6.70 2.39 3.81 6.65 0.00 3.58 0.00 10.37 0.00 5.06 3.63 4.52 2.83 3.58 4.46 5.79 7.58 23746895
5.06 3.11 3.33 4.54 7.68 8.05 3.32 5.64 2.72 4.08 6.31 7.07 0.00 5.59 7.54 6.72 0.00 3.80 6.60 0.00 3.73 4.61 10.14 0.00 4.93 3.63 4.51 0.00 3.51 4.39 5.79 7.24 23759985
5.20 3.13 3.35 4.55 7.36 8.06 3.36 5.85 2.71 4.21 6.39 7.08 4.59 5.51 7.49 6.72 0.00 3.86 6.57 0.00 3.64 4.39 10.36 5.57 4.91 3.64 4.51 2.58 3.70 4.54 5.73 7.23 23773075
5.05 3.13 3.33 4.54 7.48 8.05 3.48 0.00 2.74 4.19 6.37 7.09 4.78 5.56 0.00 6.72 0.00 3.97 6.54 0.00 3.69 0.00 9.93 0.00 4.83 3.63 4.50 2.61 3.53 4.42 5.83 0.00 23786164
4.90 3.13 3.34 4.56 7.78 8.06 3.65 5.30 2.72 4.19 6.41 7.08 4.84 5.57 0.00 6.70 2.36 3.99 6.84 0.00 3.58 4.30 10.15 0.00 4.81 3.63 4.52 2.63 3.59 4.45 5.72 7.19 23799255
4.86 3.15 3.37 0.00 7.86 8.06 3.36 5.58 2.70 4.25 6.29 7.11 4.97 5.51 0.00 6.72 0.00 3.92 6.61 0.00 3.69 4.40 10.23 0.00 4.83 3.64 4.52 2.59 3.66 4.45 5.83 7.41 23812345
5.07 3.13 3.38 4.57 7.67 8.07 3.28 5.63 2.71 4.13 6.40 7.11 4.42 5.48 0.00 6.73 0.00 3.92 6.70 0.00 3.67 4.34 10.22 5.30 4.79 3.65 4.52 3.05 3.48 4.45 5.73 7.28 23825435
4.89 3.12 3.30 4.55 7.58 8.00 3.70 5.28 2.68 4.05 6.45 7.10 4.54 5.48 7.12 6.72 0.00 3.89 6.79 0.00 3.64 4.37 10.13 0.00 4.87 3.64 4.51 2.68 3.57 4.43 5.72 7.26 23838525
4.91 3.11 3.34 4.56 7.63 8.05 3.51 5.53 2.70 4.15 6.46 7.12 4.57 5.58 6.95 6.73 0.00 3.92 6.49 0.00 3.63 4.37 10.55 0.00 4.81 3.65 4.51 2.54 3.52 4.43 5.82 7.20 23851615
5.42 3.12 3.30 4.56 7.78 8.17 3.55 5.42 2.70 4.13 6.40 7.10 4.46 5.70 6.99 6.73 0.00 3.92 6.58 0.00 3.64 4.40 9.87 5.37 5.06 3.64 4.52 2.66 3.48 4.45 5.72 7.34 23864704
5.61 3.10 3.31 4.55 7.45 8.07 3.55 5.47 2.72 4.17 6.52 7.08 4.41 5.54 6.97 6.72 0.00 3.93 6.75 0.00 3.61 0.00 10.24 0.00 4.76 3.65 4.53 2.66 3.54 4.58 5.81 7.11 23877795
4.89 3.11 3.29 4.54 7.75 7.96 3.87 0.00 2.68 4.07 6.42 7.09 4.56 5.52 6.94 6.73 2.73 3.90 6.84 0.00 3.59 0.00 10.22 0.00 4.75 3.65 4.53 2.60 3.50 4.45 5.70 7.25 23890885
4.90 3.10 0.00 4.54 7.95 8.23 3.69 5.54 2.73 4.22 6.49 7.08 4.34 5.51 7.49 6.72 2.72 3.93 6.77 0.00 0.00 0.00 10.16 0.00 4.74 3.64 4.52 2.54 3.54 4.44 5.81 7.48 23903975
4.93 3.14 3.32 4.54 7.50 8.00 3.30 5.43 2.71 4.13 6.45 7.10 4.37 5.51 7.18 6.73 2.71 3.94 6.99 0.00 4.30 4.57 10.15 0.00 4.69 3.64 4.53 2.54 3.50 4.54 5.81 7.14 23917065
5.09 3.16 3.75 4.54 8.25 8.04 3.52 5.68 2.74 4.14 6.51 0.00 4.90 5.82 7.05 6.74 2.70 3.93 6.46 0.00 0.00 4.49 10.14 0.00 4.69 3.65 4.53 2.64 3.63 4.53 5.75 0.00 23930155
5.03 3.13 3.31 4.55 0.00 8.02 3.31 5.66 2.74 4.12 6.57 7.09 0.00 5.54 6.99 6.74 2.73 3.95 6.79 0.00 0.00 4.46 10.22 5.12 4.69 3.66 4.53 2.60 3.73 4.54 5.81 7.26 23943245
5.09 3.16 3.30 4.54 7.77 8.01 3.30 5.74 2.85 4.27 6.55 7.08 4.38 5.57 6.99 6.74 2.69 3.95 7.04 0.00 3.72 4.43 10.15 0.00 4.69 3.66 4.53 2.70 3.54 4.54 5.77 7.23 23956335
5.03 0.00 3.28 4.54 7.46 8.03 3.61 5.76 2.86 4.29 6.55 7.09 4.39 5.56 6.98 6.74 2.66 3.95 6.80 0.00 3.73 4.37 9.90 0.00 4.69 3.64 4.53 2.95 3.55 4.47 5.78 7.40 23969424
4.99 3.16 3.29 4.54 7.49 7.99 3.29 5.32 2.86 4.22 6.93 7.10 4.38 5.58 7.00 6.74 2.69 3.95 6.94 0.00 3.72 4.41 9.91 0.00 4.71 3.65 4.52 0.00 3.56 4.46 5.80 7.33 23982514
4.99 0.00 3.28 4.54 7.85 8.03 3.57 5.28 2.83 4.23 6.58 7.11 4.37 5.56 6.99 6.74 2.69 3.96 0.00 0.00 3.67 4.42 9.93 0.00 4.72 3.64 4.52 0.00 3.53 4.48 5.76 0.00 23995604
4.99 0.00 3.28 4.53 8.02 8.00 3.57 5.64 2.86 4.27 6.58 7.11 4.38 5.57 7.00 6.75 2.70 3.95 7.22 0.00 3.67 4.43 9.92 0.00 4.73 3.66 4.54 0.00 3.52 4.47 5.81 0.00 24008694
4.97 0.00 3.28 4.54 8.02 8.00 3.88 5.25 2.85 4.29 6.59 7.10 4.39 5.57 7.01 6.75 2.70 3.96 6.65 0.00 3.66 4.71 9.83 0.00 4.73 3.66 4.53 0.00 3.51 4.46 5.83 7.83 24021784
4.98 0.00 3.29 4.53 7.89 7.99 3.87 5.28 2.85 4.27 7.00 7.11 4.38 5.57 7.01 6.75 2.68 3.96 6.63 0.00 3.67 4.70 9.89 0.00 4.73 3.65 4.53 0.00 3.49 4.46 5.80 7.83 24034874
4.98 0.00 3.28 4.54 7.87 8.01 3.57 5.27 2.85 4.27 6.63 7.11 4.39 5.56 7.01 6.74 2.69 3.96 6.63 0.00 3.67 4.89 10.02 0.00 4.73 3.65 4.54 0.00 3.48 4.45 5.81 7.84 24047965
4.97 0.00 3.28 4.53 7.80 8.02 3.57 5.27 2.86 4.26 6.61 7.11 4.37 5.56 7.01 6.74 2.67 3.96 7.32 0.00 3.68 4.91 10.16 0.00 4.73 3.65 4.53 0.00 3.49 4.45 5.74 7.83 24061055
4.97 0.00 3.28 4.54 7.80 8.02 3.57 5.29 2.83 4.26 6.62 7.10 4.37 5.57 7.01 6.74 2.66 3.96 0.00 0.00 3.67 4.92 10.15 0.00 4.73 3.65 4.53 0.00 3.49 4.45 5.73 7.83 24074145
4.96 0.00 3.28 4.52 7.81 8.02 3.58 5.27 2.84 4.25 6.61 7.10 4.38 5.56 7.00 6.73 2.64 3.96 0.00 0.00 3.68 4.90 9.92 0.00 4.74 3.65 4.53 0.00 3.48 4.43 5.73 7.83 24087234
4.96 0.00 3.29 4.54 7.81 8.02 3.57 5.26 2.84 4.25 6.63 7.10 4.38 5.57 7.00 6.75 2.61 3.96 6.64 0.00 3.68 4.71 9.91 0.00 4.74 3.66 4.53 0.00 3.49 4.46 5.73 7.82 24100324
4.95 0.00 3.28 4.93 7.78 8.02 3.57 5.27 2.84 4.26 0.00 7.08 4.39 5.56 7.00 6.74 0.00 3.96 6.61 0.00 3.68 4.71 9.91 0.00 4.73 3.66 4.54 3.00 3.49 4.47 5.71 7.69 24113414
4.97 0.00 3.29 4.94 7.80 8.02 3.57 5.26 2.85 4.25 7.37 7.10 4.38 5.56 7.00 6.75 0.00 3.97 6.59 0.00 3.68 4.69 9.91 0.00 4.74 3.65 4.54 2.94 3.50 4.46 5.72 7.49 24126504
4.95 0.00 3.28 4.95 7.80 8.02 3.57 5.27 2.85 4.26 6.93 7.10 4.39 5.56 7.00 6.74 0.00 3.96 6.63 0.00 3.68 4.68 9.91 0.00 4.73 3.67 4.54 2.77 3.49 4.45 5.73 7.50 24139594
4.97 0.00 3.27 4.97 7.80 8.02 3.56 5.27 2.84 4.28 6.94 7.09 4.39 5.57 6.99 6.74 0.00 3.96 6.63 0.00 3.68 4.68 9.91 0.00 4.74 3.65 4.53 2.77 3.49 4.47 5.74 7.51 24152684
4.97 0.00 3.28 4.95 7.80 8.01 3.57 5.26 2.84 4.28 6.92 7.08 4.39 5.57 7.00 6.73 0.00 3.97 6.62 0.00 3.68 4.69 9.90 0.00 4.74 3.65 4.54 2.76 3.49 4.45 5.73 7.81 24165774
4.96 0.00 3.27 4.94 7.79 8.02 3.57 5.27 2.85 4.28 6.77 7.09 4.39 5.56 7.00 6.74 0.00 3.97 6.62 0.00 3.67 4.68 9.92 0.00 4.74 3.64 4.54 2.75 3.48 4.47 5.74 7.82 24178864
4.95 0.00 3.27 4.95 7.82 8.01 3.58 5.26 2.85 4.26 6.90 7.08 4.40 5.57 7.01 6.74 0.00 3.96 6.61 0.00 3.68 4.45 9.90 0.00 4.74 3.65 4.54 2.75 3.48 4.45 5.74 7.58 24191954
4.95 0.00 3.28 4.96 7.81 8.01 3.57 5.27 2.85 4.27 6.74 7.09 4.39 5.56 7.01 6.73 0.00 3.97 6.69 0.00 3.68 4.44 9.91 0.00 4.75 3.65 4.54 2.76 3.48 4.46 5.74 7.51 24205044
4.95 0.00 3.28 4.96 7.83 8.01 3.58 5.27 2.86 4.26 6.72 7.09 4.39 5.57 7.00 6.75 0.00 3.97 6.72 0.00 3.68 4.43 9.90 0.00 4.74 3.65 4.55 2.76 3.48 4.45 5.80 7.51 24218134