3.38 2.58 3.58 3.94 4.52 4.22 2.58 4.05 3.37 3.35 4.83 5.72 4.22 5.98 6.92 6.94 2.03 3.78 6.69 8.68 3.99 4.89 10.50 4.46 0.00 2.56 3.69 0.00 6.70 6.45 5.89 7.02 513639
3.37 2.59 3.59 3.93 4.51 4.22 2.58 4.04 3.37 3.35 4.86 5.74 4.23 5.99 6.92 6.95 2.04 3.77 6.69 8.67 3.99 4.89 10.50 5.41 0.00 2.55 3.70 0.00 6.90 0.00 5.89 7.01 526729
3.37 2.59 3.59 3.93 4.52 4.20 2.58 4.03 3.37 3.34 4.86 5.75 4.22 5.98 6.94 6.95 2.03 3.76 6.32 8.65 3.98 4.89 10.51 4.45 0.00 2.56 3.69 0.00 7.16 0.00 5.89 7.02 539819
3.37 2.60 3.59 3.94 4.52 4.20 2.58 4.04 3.37 3.34 4.87 5.76 4.22 5.98 6.93 6.95 2.03 3.78 6.37 8.64 3.99 4.89 10.50 4.70 0.00 2.56 3.68 0.00 7.17 0.00 5.90 7.02 552909
3.38 2.59 3.68 3.94 4.52 4.19 2.58 4.04 3.37 3.34 4.86 5.76 4.22 5.97 6.92 6.95 2.06 3.77 6.37 8.65 3.98 4.89 10.51 4.45 0.00 2.57 3.69 0.00 7.17 0.00 5.89 7.02 565999
3.36 2.59 3.69 3.94 4.51 4.20 2.58 4.04 3.36 3.33 4.86 5.78 4.23 5.98 6.93 6.95 2.05 3.78 6.36 8.66 3.99 4.89 10.51 4.45 0.00 2.56 3.69 0.00 7.17 0.00 5.89 7.02 579089
3.38 2.59 3.58 3.95 4.52 4.21 2.59 4.05 3.37 3.34 4.88 5.80 4.22 5.99 6.93 6.95 2.05 3.77 6.35 8.67 3.98 4.88 10.50 4.45 0.00 2.57 3.69 0.00 7.17 0.00 5.89 7.01 592179
0.00 2.59 4.19 3.96 4.52 4.21 2.57 4.04 3.36 3.34 4.88 5.79 4.21 5.98 6.93 6.94 2.04 3.79 6.63 8.68 3.98 4.90 10.69 0.00 0.00 2.56 3.69 0.00 7.19 0.00 5.93 7.00 605269
3.36 2.60 3.54 3.98 4.50 4.20 2.58 4.04 3.39 3.34 4.89 5.75 4.24 5.96 6.93 6.94 2.06 3.79 6.70 8.68 3.98 4.89 10.50 4.45 0.00 2.56 3.69 0.00 7.15 0.00 5.83 6.89 618359
0.00 2.59 3.56 3.99 4.50 4.05 2.58 4.04 3.42 3.34 5.39 5.70 4.23 5.97 6.91 6.93 2.07 3.77 6.76 8.85 3.99 4.89 10.68 4.43 0.00 2.58 3.69 0.00 6.91 6.26 5.88 7.02 631449
3.26 2.61 3.53 3.98 4.46 4.02 2.58 4.02 3.46 3.35 4.73 5.65 4.26 5.94 6.92 6.94 2.06 3.78 6.47 8.85 3.98 4.88 10.70 4.44 0.00 2.55 3.69 0.00 6.67 6.30 5.98 6.75 644539
3.23 2.58 3.48 3.98 4.49 4.07 2.58 4.00 3.40 3.47 4.72 5.69 4.31 5.99 6.94 6.94 2.08 3.78 6.43 9.06 3.99 4.86 10.68 4.42 0.00 2.61 3.71 0.00 6.57 0.00 5.84 6.69 657629
3.93 2.59 3.50 3.84 4.50 4.10 2.58 4.02 3.35 3.29 4.90 5.66 4.30 5.95 6.93 6.94 2.09 3.79 6.76 8.95 3.97 4.90 10.69 4.40 0.00 2.58 3.70 0.00 6.62 6.26 5.83 7.10 670719
3.24 2.60 3.50 3.82 4.56 4.16 2.60 3.98 3.36 3.30 4.73 5.64 4.28 5.99 6.91 6.96 2.08 3.80 6.77 8.65 3.97 4.83 10.68 4.40 0.00 2.74 3.73 6.05 6.54 6.22 5.90 6.53 683809
3.23 2.60 3.63 3.91 4.48 4.26 2.61 4.03 3.51 3.31 4.74 5.68 4.21 6.05 6.90 6.97 2.08 3.78 6.74 8.89 3.98 4.91 10.04 4.39 0.00 2.58 3.77 0.00 6.65 6.23 5.81 6.51 696899
3.34 2.59 3.72 3.96 4.55 4.26 2.72 4.09 3.59 3.35 4.87 5.68 4.22 6.13 6.93 6.98 2.77 3.81 6.70 8.84 4.04 4.86 10.29 4.40 0.00 2.57 3.75 0.00 6.59 6.99 5.82 6.67 709989
3.29 2.58 3.87 3.90 4.48 4.19 2.56 4.05 3.35 3.36 4.78 5.69 4.24 6.02 6.89 6.94 2.77 3.81 6.31 8.86 4.03 4.88 9.71 4.41 0.00 2.71 3.83 0.00 6.52 6.33 5.82 7.02 723078
3.35 2.61 3.65 3.95 4.63 4.09 2.58 3.99 3.32 3.30 4.78 5.67 4.22 6.14 6.92 6.98 2.78 3.81 6.29 9.08 4.01 4.84 10.11 4.40 0.00 2.57 3.85 0.00 6.55 6.58 5.87 6.45 736169
3.23 2.60 3.66 3.94 4.58 4.17 2.57 3.97 3.35 3.26 4.77 5.67 4.35 5.94 6.93 7.00 2.75 3.79 6.36 9.14 4.01 4.88 10.68 4.40 0.00 2.61 3.88 0.00 6.53 6.54 0.00 6.46 749259
3.37 2.59 3.74 3.86 4.50 4.10 2.63 3.97 3.33 3.28 4.97 5.68 4.23 6.03 6.92 6.98 2.75 3.82 6.58 9.61 4.00 4.86 9.72 4.41 0.00 2.80 3.91 0.00 6.53 6.36 6.55 6.49 762348
3.33 2.60 3.64 3.89 4.55 4.26 2.60 4.05 3.30 3.33 4.73 5.72 4.25 6.14 6.93 7.00 2.65 0.00 6.35 8.88 4.11 4.87 10.70 4.41 0.00 2.77 3.95 0.00 6.53 6.36 5.94 6.49 775439
3.40 2.62 3.69 0.00 4.55 4.18 2.80 4.07 3.35 3.27 4.87 5.66 4.24 5.93 6.94 6.97 2.69 3.98 6.53 8.89 4.20 4.87 10.12 4.40 0.00 2.77 3.92 0.00 6.54 6.25 5.90 7.25 788529
3.31 2.59 3.68 3.81 4.61 4.20 2.70 3.97 3.42 3.31 4.95 5.65 4.51 5.95 6.94 7.02 2.69 3.81 6.57 8.94 4.04 4.92 10.67 4.38 0.00 2.77 3.93 0.00 6.50 6.21 5.89 6.69 801619
3.24 2.60 3.79 3.92 4.55 4.20 2.62 4.03 3.30 3.30 4.66 5.68 4.19 6.05 6.92 7.01 2.73 3.80 6.57 8.94 3.99 4.91 10.64 4.41 0.00 2.75 3.93 6.18 6.50 6.39 5.88 6.67 814709
4.04 2.59 3.94 4.04 4.65 4.34 2.60 4.25 3.36 3.31 4.80 5.66 4.19 6.05 6.95 7.02 2.64 0.00 6.96 8.95 4.01 4.96 10.64 4.00 0.00 2.73 3.93 0.00 6.53 6.28 5.91 6.48 827799
3.36 2.58 3.69 4.04 4.63 4.24 2.80 4.06 3.45 3.28 4.89 5.69 4.31 6.00 6.97 6.97 2.67 3.95 6.61 9.09 4.05 5.05 10.65 4.38 0.00 2.71 3.91 0.00 6.53 6.28 5.93 6.45 840889
3.32 2.58 3.87 3.85 4.57 4.23 2.62 4.03 3.37 3.32 5.04 5.68 4.24 6.16 6.95 6.99 2.68 3.97 6.60 0.00 4.20 4.97 10.52 4.39 0.00 2.66 3.90 0.00 6.64 6.45 5.86 0.00 853979
3.30 2.57 3.73 3.70 4.62 4.20 2.77 4.08 3.34 3.30 4.95 5.64 4.82 5.99 6.96 6.94 2.66 0.00 6.59 9.08 4.21 4.99 10.65 4.39 0.00 2.68 3.86 0.00 6.53 6.19 5.89 7.18 867069
3.28 2.57 3.81 3.46 4.65 4.32 2.59 4.03 3.28 3.30 4.81 5.66 4.23 6.04 6.92 6.94 2.66 4.56 7.02 9.03 4.08 4.96 9.92 4.40 0.00 2.69 3.92 0.00 6.64 6.35 5.92 6.51 880158
3.35 2.57 3.96 3.49 4.70 4.27 2.59 3.91 3.29 3.30 4.79 5.67 4.09 6.21 6.91 6.94 2.65 0.00 6.98 8.81 4.10 5.07 9.83 4.40 0.00 2.70 3.84 0.00 6.56 6.25 5.95 6.45 893248
3.38 2.56 3.82 3.63 4.65 4.22 2.59 3.94 3.54 3.31 4.64 5.65 4.08 6.20 6.91 6.96 2.75 4.18 6.66 8.78 4.09 4.96 10.67 4.39 0.00 2.70 3.85 0.00 6.53 0.00 5.99 6.44 906339
3.43 2.58 3.94 3.81 4.72 4.23 2.59 3.97 3.29 3.28 4.67 5.62 4.16 5.99 6.94 6.94 2.74 4.52 6.60 8.82 4.06 4.91 9.77 4.38 0.00 2.74 3.83 0.00 6.65 6.51 5.87 6.52 919428
3.29 2.62 3.80 3.98 4.67 4.25 2.59 3.95 3.34 3.33 4.86 5.63 4.14 6.11 6.92 6.95 2.76 4.49 6.57 8.84 4.01 4.89 9.78 4.40 0.00 2.76 3.84 0.00 6.61 6.94 5.88 6.77 932518
3.38 2.58 3.92 3.86 4.66 4.27 2.60 3.85 3.27 3.31 4.72 5.65 4.14 6.16 6.93 6.98 2.68 4.30 6.54 8.80 4.00 5.06 10.00 4.38 0.00 0.00 3.81 0.00 6.54 6.83 5.88 6.41 945609
3.25 2.59 3.95 3.44 4.79 4.37 2.61 3.86 3.34 3.40 4.97 5.68 4.29 5.99 6.95 6.97 2.65 3.83 6.55 8.92 4.00 4.91 9.75 4.39 0.00 0.00 3.82 0.00 6.58 6.95 5.92 6.54 958698
3.35 2.56 3.86 4.20 4.98 4.34 2.61 3.96 0.00 3.36 4.79 5.86 4.09 6.19 6.94 7.00 2.75 4.52 6.57 8.79 4.00 5.02 9.96 4.32 0.00 0.00 3.95 0.00 6.56 0.00 5.91 6.48 971788
3.36 2.58 3.83 3.93 4.81 4.30 2.60 3.84 3.29 3.34 4.69 5.76 4.39 6.11 6.95 6.92 0.00 4.49 6.89 8.95 4.00 5.53 9.96 4.34 0.00 0.00 3.79 0.00 6.54 6.29 5.93 6.58 984878
3.28 2.61 4.02 3.43 4.73 4.43 2.60 3.84 3.27 3.31 4.71 5.79 4.24 5.95 6.96 6.95 0.00 4.48 6.67 8.95 4.00 4.79 9.76 4.39 0.00 2.72 3.78 0.00 6.55 0.00 5.92 6.50 997968
3.38 2.62 3.81 3.43 4.74 4.35 2.59 3.66 3.32 3.32 4.76 5.77 4.32 6.16 6.94 6.94 0.00 4.47 6.95 8.96 3.98 5.07 9.97 3.95 0.00 0.00 3.78 0.00 7.15 6.32 6.05 6.46 1011058
3.35 2.60 3.82 3.80 4.91 4.42 2.58 3.77 3.35 3.34 4.70 5.70 4.20 5.93 6.94 6.91 2.78 3.82 6.40 8.93 4.01 4.99 10.45 4.40 0.00 0.00 3.78 0.00 6.64 6.44 6.01 0.00 1024149
3.35 2.60 3.79 3.86 4.76 4.42 2.73 3.78 3.25 3.29 4.94 5.64 4.09 6.37 7.22 6.91 2.77 3.85 7.20 8.94 3.98 5.00 10.37 4.38 0.00 0.00 3.78 0.00 6.53 6.94 5.85 6.93 1037239
3.29 2.62 3.94 3.88 4.73 4.50 2.57 3.68 3.36 3.32 4.71 5.63 4.27 6.15 6.97 6.93 2.79 3.84 6.72 8.95 4.00 5.56 9.89 4.37 0.00 0.00 3.78 0.00 6.93 6.41 5.87 6.76 1050328
3.35 2.63 4.09 4.08 4.83 4.67 2.84 3.74 3.32 3.31 4.69 6.03 4.60 6.22 6.97 6.92 0.00 4.51 6.35 8.95 3.97 0.00 10.76 4.00 0.00 0.00 3.79 0.00 6.53 6.33 5.98 6.43 1063419
3.36 2.62 3.98 4.36 4.82 4.44 2.68 3.89 3.26 3.26 4.72 5.65 4.27 6.05 7.47 6.92 0.00 3.83 6.80 8.89 4.03 0.00 10.63 4.20 0.00 0.00 3.79 0.00 0.00 6.28 5.91 6.60 1076509
3.32 2.57 3.93 3.63 4.96 4.52 2.55 3.56 3.26 3.29 4.74 6.12 4.24 6.20 7.20 6.98 2.74 3.90 6.38 8.77 4.08 5.10 10.37 4.36 0.00 0.00 3.78 0.00 6.49 6.24 6.01 6.71 1089599
3.36 2.59 3.92 4.65 5.13 4.57 2.55 3.59 3.35 3.33 4.78 5.70 4.29 6.11 7.04 0.00 2.95 3.87 6.35 8.84 3.93 0.00 9.74 4.46 0.00 2.73 3.78 0.00 6.49 6.67 5.91 6.56 1102688
3.27 2.66 4.11 4.89 4.89 4.71 2.68 3.63 3.26 3.30 4.85 5.68 4.14 6.10 6.97 7.11 0.00 3.90 6.82 8.86 3.97 4.99 10.80 4.28 0.00 2.64 3.84 0.00 6.51 6.31 6.21 6.66 1115779
3.28 2.63 4.11 3.46 5.03 4.68 2.53 3.59 3.26 3.26 4.67 5.80 4.11 6.10 7.41 7.12 0.00 3.89 0.00 0.00 3.95 4.87 10.37 4.00 0.00 2.64 3.94 0.00 6.51 6.20 5.97 6.70 1128869
3.33 2.62 4.31 3.91 5.28 4.61 2.56 3.50 3.34 3.21 4.89 5.72 4.26 5.97 7.15 6.96 2.70 3.88 0.00 8.85 4.07 5.04 10.47 4.44 0.00 2.64 3.83 0.00 6.68 6.20 6.06 6.67 1141959
3.36 2.57 4.30 3.93 5.03 4.69 2.49 3.47 3.31 3.28 4.76 5.92 4.20 6.10 7.23 7.07 0.00 4.02 6.35 8.92 3.98 5.04 10.34 3.98 0.00 2.52 3.83 0.00 6.49 6.19 6.57 6.52 1155049
3.32 2.62 4.29 3.54 5.05 4.76 2.61 3.36 3.21 3.25 4.79 6.14 4.56 6.20 6.96 6.96 2.40 3.94 6.30 8.90 3.93 4.92 10.35 4.00 0.00 2.61 3.95 6.02 6.55 6.27 6.05 7.16 1168139
3.26 2.64 4.45 3.19 5.13 4.86 2.91 3.32 3.28 3.21 4.87 5.68 4.59 5.98 7.04 7.28 2.55 3.77 6.45 8.86 3.92 0.00 10.44 4.40 0.00 2.62 3.93 6.04 6.55 6.26 6.03 6.60 1181229
3.29 2.64 4.36 3.89 5.22 5.08 2.71 3.29 3.27 2.65 4.82 5.71 4.18 6.09 0.00 7.03 2.25 3.80 6.18 8.87 3.98 5.60 10.40 4.43 0.00 2.77 3.93 0.00 6.53 6.30 6.00 0.00 1194319
3.15 2.70 4.44 3.15 4.71 5.00 2.83 3.30 3.25 3.25 4.78 5.71 4.68 5.97 7.05 7.00 0.00 3.74 6.59 8.94 3.94 5.21 10.37 3.93 0.00 2.57 3.93 6.35 6.54 6.29 6.56 6.58 1207409
3.39 2.74 4.89 2.69 5.09 4.54 2.83 3.24 3.31 3.24 4.82 5.97 4.40 6.06 7.11 6.97 2.03 3.78 6.42 9.58 4.15 5.01 10.59 5.08 0.00 2.55 3.94 0.00 6.62 6.41 5.89 6.78 1220499
3.38 2.73 4.75 3.02 4.85 5.06 2.80 3.41 3.42 3.24 4.75 5.80 4.34 5.96 7.09 7.04 2.43 3.66 6.42 8.97 3.85 4.88 10.40 4.86 0.00 2.78 3.81 5.80 6.91 6.31 5.87 6.92 1233589
3.39 2.77 5.06 3.51 5.10 5.31 2.57 3.52 3.23 3.34 4.83 5.94 4.37 5.99 7.29 7.28 2.76 3.86 6.32 9.08 3.88 5.07 3.84 3.96 0.00 0.00 3.75 0.00 6.69 6.28 6.32 6.86 1246678
3.36 2.83 0.00 2.79 4.75 5.42 2.47 3.65 3.15 3.28 4.17 6.15 4.36 6.01 7.30 7.02 2.84 3.68 6.08 8.93 3.59 4.88 10.39 3.97 0.00 2.65 3.82 6.06 6.58 6.40 6.21 6.73 1259769
3.35 2.86 0.00 2.70 4.35 4.78 2.39 3.38 3.12 3.40 4.80 5.91 4.38 3.58 7.20 7.08 0.00 3.69 6.29 8.94 3.89 5.63 10.70 4.03 0.00 2.66 3.73 0.00 6.67 5.98 5.97 7.12 1272859
3.38 2.80 4.92 2.86 4.23 5.88 2.39 3.81 3.09 3.28 4.78 6.11 4.31 4.69 7.62 7.22 2.49 3.44 6.25 9.18 3.87 4.86 10.50 4.69 0.00 2.62 3.73 0.00 6.40 6.21 6.05 6.77 1285949
3.52 2.70 4.71 4.02 5.07 4.47 2.33 3.79 3.07 3.35 4.88 6.07 3.54 5.62 7.09 7.28 2.60 3.45 4.50 8.71 3.93 5.22 0.00 5.34 0.00 2.55 3.72 0.00 6.81 6.28 6.10 6.89 1299038
3.55 2.92 4.05 2.58 4.26 5.02 2.35 3.20 2.60 2.99 3.05 6.77 2.51 3.43 7.16 7.31 0.00 3.38 6.37 8.42 3.89 0.00 10.65 3.32 0.00 2.58 3.72 0.00 6.95 6.24 3.56 6.89 1312129
3.50 3.12 5.19 2.44 3.21 3.49 2.51 3.95 2.91 3.20 4.16 6.18 3.53 2.72 6.65 7.20 0.00 3.13 6.60 8.24 3.96 5.12 5.38 4.75 0.00 2.60 3.65 0.00 5.56 6.22 2.76 6.87 1325218
3.56 3.07 3.29 3.26 3.65 4.60 2.32 2.85 3.21 2.62 4.17 6.45 4.36 2.68 7.77 4.77 2.04 2.55 5.59 7.96 3.88 5.07 4.54 4.13 0.00 2.61 3.24 0.00 5.85 4.00 5.02 2.25 1338308
3.56 2.78 4.41 2.74 4.41 4.08 2.52 3.27 2.77 2.87 3.06 6.21 3.47 2.14 5.21 4.78 2.05 3.10 6.53 5.15 3.31 5.19 6.16 3.61 0.00 2.86 3.18 0.00 7.28 5.83 2.89 6.92 1351398
3.62 3.06 4.10 2.62 4.70 2.61 2.53 2.32 2.85 2.76 3.01 5.43 3.20 2.47 2.37 2.35 2.11 2.36 2.51 8.27 2.71 0.00 5.46 3.00 0.00 2.69 3.36 0.00 6.57 4.96 2.50 7.22 1364488
3.76 2.96 4.80 2.59 3.57 4.01 2.36 4.31 2.38 2.56 3.90 6.39 2.38 3.38 3.99 2.58 2.14 3.33 4.44 5.82 3.15 0.00 3.19 2.82 0.00 2.33 3.21 3.71 3.91 3.33 3.00 2.87 1377578
3.89 2.98 4.69 2.59 2.42 3.23 2.62 2.73 2.77 2.33 2.99 3.81 2.19 2.35 4.47 2.50 2.35 3.33 2.22 8.20 2.47 5.24 3.16 4.71 0.00 2.26 2.92 2.94 5.10 5.10 6.24 5.79 1390668
3.93 2.61 3.03 2.51 4.35 3.01 2.38 2.65 2.86 2.49 3.43 5.41 3.17 2.25 3.14 2.62 2.67 3.35 3.70 0.00 3.89 4.97 2.23 2.71 0.00 2.36 3.26 0.00 5.01 3.14 2.66 3.57 1403758
4.04 3.06 4.64 2.91 4.22 4.16 2.93 3.86 3.19 2.41 2.38 3.89 3.22 2.56 2.55 2.64 2.33 3.68 2.43 2.77 3.06 5.02 2.89 3.11 0.00 2.44 2.72 0.00 2.65 3.75 4.01 3.23 1416848
4.14 2.47 5.19 2.72 4.37 2.90 3.38 3.07 2.43 2.64 4.23 3.51 2.45 3.05 7.80 0.00 2.25 3.29 3.07 3.11 2.12 0.00 2.70 2.62 0.00 2.36 3.08 0.00 4.49 4.13 3.93 2.91 1429938
4.11 2.91 4.87 2.46 3.67 3.93 2.92 4.39 3.97 2.61 2.53 2.57 2.47 2.91 2.54 2.12 2.05 2.43 4.67 2.16 2.45 5.16 2.65 2.76 0.00 2.60 2.49 0.00 2.56 3.55 3.59 2.05 1443028
4.04 2.61 4.63 2.75 4.65 3.63 3.11 2.39 2.39 2.45 4.13 3.74 2.89 2.64 2.28 2.60 2.75 2.19 2.99 2.28 2.74 5.29 2.81 2.25 0.00 2.67 2.86 2.40 3.68 2.05 4.12 3.63 1456118
4.11 2.85 2.90 2.34 3.92 3.12 3.17 2.69 2.69 2.27 4.08 3.63 2.78 2.80 3.53 4.03 2.19 2.84 2.77 2.31 2.65 2.82 2.56 2.68 0.00 2.57 2.52 2.32 4.17 2.79 2.48 2.14 1469208
3.38 2.76 2.43 2.73 2.71 3.59 2.95 3.57 2.87 2.56 4.94 3.44 2.71 2.36 4.14 2.75 2.23 2.69 5.15 2.17 3.01 5.08 2.24 2.84 0.00 2.55 2.36 0.00 3.40 3.06 3.47 3.93 1482298
4.04 2.90 4.34 2.72 4.48 3.85 3.00 2.86 3.12 2.78 2.78 2.63 2.26 2.48 0.00 2.25 2.24 3.27 3.76 2.02 2.57 0.00 2.27 2.15 0.00 2.53 2.94 0.00 2.98 3.06 2.14 3.54 1495388
3.47 2.38 3.21 2.23 4.83 2.41 2.50 3.73 2.69 2.69 2.34 0.00 5.04 2.57 5.44 4.17 2.58 3.21 2.82 2.16 3.81 5.50 2.33 2.60 0.00 2.44 3.24 5.91 3.00 3.40 2.23 4.41 1508478
4.21 2.77 3.75 2.78 3.82 3.20 2.34 4.52 2.89 2.58 2.41 3.13 2.93 2.44 2.80 2.96 2.87 2.98 4.07 0.00 3.23 2.73 2.31 2.72 0.00 2.50 2.99 3.03 3.65 3.14 3.05 3.36 1521568
4.41 2.91 3.95 2.51 2.82 2.25 2.38 4.22 3.00 3.02 3.10 6.47 4.00 2.18 4.20 7.60 2.06 2.58 3.49 8.84 2.72 0.00 2.27 3.25 0.00 2.40 2.78 2.81 2.12 2.68 2.91 0.00 1534658
3.63 2.47 4.57 2.35 3.60 2.69 3.61 4.29 2.79 2.51 2.62 4.85 4.71 4.40 4.59 2.75 2.11 3.49 3.94 4.12 3.64 5.11 2.70 2.91 0.00 2.54 3.00 3.37 3.19 3.29 3.15 3.58 1547748
3.58 2.91 3.47 2.44 4.62 4.71 3.06 4.47 2.31 2.71 3.06 3.09 4.48 3.95 2.83 4.09 2.86 3.18 3.19 2.31 2.58 2.49 2.77 2.76 0.00 2.84 2.88 0.00 3.31 4.20 5.77 2.91 1560838
3.50 2.77 2.80 2.46 5.00 3.93 2.79 4.14 2.29 2.43 3.06 5.79 4.71 3.32 7.58 2.77 2.61 2.74 2.82 8.27 2.39 5.19 3.01 2.01 0.00 2.63 2.68 3.28 4.55 3.47 4.49 0.00 1573928
4.29 2.98 0.00 2.87 4.83 3.08 3.18 3.36 3.33 3.06 2.17 6.12 4.89 3.62 3.64 4.83 2.99 3.29 5.23 5.44 4.02 5.24 2.21 3.78 0.00 2.68 3.22 5.69 3.43 5.65 3.33 7.62 1587018
4.24 2.83 5.10 2.81 4.73 3.29 3.49 3.65 2.47 2.45 5.32 6.44 4.52 4.74 2.13 6.23 0.00 3.71 3.95 4.23 4.34 5.27 4.55 3.40 0.00 2.93 3.53 0.00 3.37 5.33 6.36 0.00 1600108
4.19 2.87 5.00 3.09 4.22 2.41 3.26 4.33 2.70 2.59 3.22 5.70 3.95 2.58 7.59 3.54 2.07 2.78 4.33 8.07 4.10 5.15 3.11 2.09 0.00 2.78 3.51 5.74 4.73 4.86 5.24 0.00 1613198
4.27 2.84 4.69 2.48 4.47 3.51 2.62 4.32 3.16 3.23 6.47 5.66 0.00 3.47 7.62 7.58 2.93 3.69 4.61 7.79 2.34 5.08 3.47 4.40 0.00 2.80 3.47 5.64 5.44 3.20 6.48 7.68 1626288
4.19 3.05 4.55 2.38 4.38 4.37 3.35 4.41 5.14 3.01 6.10 5.62 4.66 6.10 7.57 7.55 2.93 3.66 3.61 8.52 4.08 5.24 2.56 3.69 0.00 2.82 3.44 5.60 4.80 4.79 6.33 7.61 1639378
4.13 3.05 4.45 2.70 4.54 4.83 3.53 4.48 3.07 3.74 4.29 6.34 4.37 5.38 3.12 7.63 0.00 3.49 6.07 8.48 3.78 0.00 2.19 4.31 0.00 2.70 3.66 5.34 5.31 5.30 3.84 0.00 1652468
4.28 2.96 4.49 3.25 4.80 3.41 3.63 3.64 4.89 2.17 6.32 6.85 4.40 6.29 7.53 7.71 2.08 3.45 4.28 8.25 4.16 5.15 9.69 3.86 0.00 2.67 3.45 5.96 4.98 5.29 6.39 7.54 1665558
4.08 3.09 4.52 2.87 5.14 4.30 2.34 4.60 4.92 3.20 6.57 6.32 4.71 3.74 7.57 7.89 2.06 3.55 6.38 7.88 3.57 5.21 3.43 0.00 0.00 2.70 3.61 5.74 3.84 5.56 6.42 7.73 1678648
4.46 3.03 4.58 2.87 5.18 4.87 2.88 4.47 4.88 5.60 6.36 6.31 4.75 4.80 7.45 7.70 2.89 3.37 5.69 8.17 4.23 0.00 3.60 4.45 0.00 2.81 3.67 5.37 4.88 5.15 6.33 6.92 1691738
4.13 2.97 4.55 3.12 4.84 5.01 0.00 4.46 5.57 6.09 5.51 6.49 4.53 3.43 7.54 7.59 0.00 4.04 5.54 8.10 4.19 0.00 10.60 5.33 0.00 2.87 3.65 5.94 5.03 5.22 6.41 0.00 1704829
4.08 2.96 4.62 2.71 4.76 3.96 2.90 4.59 5.12 3.78 6.42 6.27 4.88 2.99 8.21 7.65 2.15 3.49 6.46 8.53 4.12 5.10 0.00 5.12 0.00 2.74 3.66 5.45 5.27 5.18 6.11 7.53 1717918
4.27 3.03 4.56 3.20 4.83 4.67 3.94 4.65 5.32 5.68 6.46 6.44 4.81 6.37 7.69 7.76 2.29 3.66 3.52 8.08 4.30 5.56 10.75 0.00 0.00 2.70 3.66 0.00 4.22 5.04 6.37 7.57 1731009
4.23 2.91 4.59 2.95 5.20 4.93 0.00 4.46 5.38 6.67 6.52 6.99 4.97 6.26 7.57 7.67 2.36 3.45 6.47 8.56 4.06 5.13 10.51 4.77 0.00 2.70 3.75 5.95 3.85 4.71 6.25 7.66 1744099
4.19 2.94 4.77 2.84 4.83 4.86 3.75 4.56 5.88 3.05 6.12 6.47 4.74 2.22 7.54 7.58 2.04 3.89 6.41 7.84 4.05 5.11 0.00 4.62 0.00 2.76 3.63 5.40 4.75 4.63 6.55 7.42 1757188
4.15 3.08 4.43 3.01 4.37 4.95 3.77 4.56 5.08 5.99 6.51 6.29 4.73 6.40 7.41 7.63 0.00 3.62 6.38 8.38 4.40 5.22 6.49 4.89 0.00 3.11 3.66 5.50 4.53 4.72 6.28 6.75 1770278
4.05 2.99 4.61 2.81 5.02 4.57 3.40 4.77 5.79 5.43 6.58 6.26 4.63 6.37 7.42 7.51 2.45 3.76 6.09 7.94 4.13 5.18 7.50 4.84 0.00 2.89 3.64 5.76 4.89 4.93 5.98 6.75 1783368
4.14 3.07 4.49 2.92 4.81 4.94 3.41 4.60 5.39 6.80 6.93 6.20 4.79 6.37 7.46 7.56 2.55 3.42 6.35 8.49 4.27 5.21 10.94 4.58 0.00 2.82 3.76 5.24 4.58 4.70 5.91 7.64 1796459
4.11 2.92 4.50 3.70 4.79 5.02 3.44 4.67 4.97 2.88 6.58 6.23 4.80 6.44 7.45 7.88 2.15 3.53 5.78 8.66 4.14 0.00 10.79 4.57 0.00 3.45 3.68 5.22 4.71 4.51 6.12 7.47 1809549
4.13 2.78 4.52 3.10 4.92 5.05 3.32 4.95 3.70 5.84 6.68 6.17 4.92 6.06 7.46 7.87 2.06 3.55 6.64 8.22 4.24 0.00 10.92 4.87 0.00 2.86 3.75 5.08 4.35 4.75 6.10 6.88 1822639
4.09 2.93 4.60 3.00 4.81 5.04 3.33 5.00 4.31 2.90 6.74 6.17 4.73 5.20 6.52 6.38 2.09 3.56 6.19 8.20 4.22 5.25 0.00 0.00 0.00 2.77 4.53 4.99 4.51 4.58 5.84 6.76 1835728
4.11 2.98 4.47 2.90 4.89 5.20 3.22 5.06 5.06 4.11 6.85 6.24 4.67 5.77 7.48 0.00 2.20 3.45 6.31 8.15 4.06 0.00 0.00 4.62 0.00 2.88 3.81 4.83 4.30 4.54 5.89 6.51 1848818
4.06 2.82 4.61 2.99 4.86 5.07 3.21 4.02 3.23 5.33 6.66 6.34 4.68 6.44 7.36 7.73 0.00 3.54 6.38 8.61 4.21 5.26 7.12 4.76 0.00 0.00 3.83 5.20 4.63 4.50 5.68 6.42 1861908
4.19 2.99 4.83 2.95 4.98 4.81 3.27 5.45 5.21 2.53 6.71 6.18 4.89 6.16 7.49 8.05 2.04 3.56 6.21 8.23 4.19 5.22 0.00 3.96 0.00 2.85 3.88 4.77 4.26 4.47 4.73 6.55 1874998
3.94 2.94 4.25 2.99 5.02 5.25 3.37 5.24 4.22 2.39 6.42 5.81 5.15 6.61 7.50 0.00 2.01 3.64 6.24 8.25 4.21 5.21 10.56 3.89 0.00 2.82 3.97 4.77 4.26 4.53 2.77 6.63 1888089
4.10 2.90 4.69 3.09 5.11 5.12 3.30 5.47 4.15 4.14 6.58 4.03 5.12 5.06 7.51 3.95 2.83 3.58 6.16 8.32 4.20 5.23 10.54 4.56 0.00 2.91 3.94 4.47 4.18 4.03 5.78 6.60 1901179
4.05 2.64 4.43 2.59 5.11 4.22 3.59 5.33 3.91 4.54 6.52 4.24 5.32 5.87 7.52 7.85 2.19 3.10 6.02 8.05 4.12 5.36 5.47 4.73 0.00 2.93 3.95 0.00 4.21 4.59 5.97 0.00 1914268
4.10 3.06 4.66 3.15 5.07 5.26 3.28 5.49 3.30 2.23 6.76 5.88 5.09 6.50 7.65 7.79 2.12 3.61 3.92 8.29 4.16 0.00 3.47 4.59 0.00 2.92 3.61 4.53 4.20 4.56 4.65 5.83 1927358
4.03 3.07 4.62 3.15 5.10 4.21 2.77 5.44 3.04 5.69 7.06 5.06 5.14 3.13 8.41 7.83 2.34 3.60 5.63 8.04 4.18 5.14 4.66 3.24 0.00 3.11 4.03 5.02 4.23 4.61 5.35 6.10 1940448
4.10 2.80 4.20 3.12 5.17 4.19 3.28 5.71 4.33 2.85 5.25 5.55 4.17 4.56 7.72 2.13 2.36 3.71 6.07 8.38 4.20 5.23 2.47 4.25 0.00 3.14 4.03 4.24 3.39 4.56 2.40 6.00 1953538
4.08 2.87 3.92 3.57 5.10 5.41 3.47 5.13 2.71 3.44 4.16 5.74 4.59 4.39 7.96 2.06 2.16 3.41 5.47 8.16 4.15 5.33 3.52 3.57 0.00 3.18 4.00 4.58 3.62 4.58 4.96 5.32 1966628
4.05 2.92 3.98 2.52 5.23 5.36 3.35 5.53 2.54 3.56 5.71 5.56 4.68 5.58 8.20 7.97 2.22 3.65 4.02 8.49 4.38 5.15 2.62 0.00 0.00 3.23 4.06 4.12 4.35 4.64 5.12 6.24 1979718
4.10 3.08 3.83 3.48 5.30 5.42 3.27 5.32 3.08 4.53 3.90 4.90 5.80 3.65 7.79 2.56 2.72 3.59 6.10 8.27 4.20 5.91 8.95 3.37 0.00 3.64 4.17 4.03 2.97 4.69 5.14 5.79 1992808
4.16 2.99 3.51 2.67 5.25 5.56 3.26 4.47 3.85 2.23 2.89 5.80 5.31 3.67 7.72 5.01 2.58 3.59 6.32 8.12 3.41 5.14 4.19 4.82 0.00 3.41 4.16 4.15 3.08 4.74 5.27 5.93 2005898
4.17 3.01 3.92 2.66 5.47 5.08 3.34 5.67 2.65 2.47 4.58 5.04 5.65 4.77 7.75 0.00 0.00 3.57 6.30 8.24 4.25 5.10 3.15 3.98 0.00 3.50 4.28 3.93 3.45 4.69 3.96 5.60 2018988
4.15 2.84 3.61 3.06 5.63 5.66 3.49 2.41 4.87 2.55 3.89 4.82 5.94 3.32 7.68 5.03 2.17 3.76 6.33 8.63 4.20 5.27 3.35 3.21 0.00 3.41 4.30 4.01 4.15 4.36 5.44 0.00 2032078
4.22 2.99 3.51 2.65 5.41 6.08 3.32 5.78 2.71 3.77 4.69 5.14 5.71 5.44 7.64 4.50 2.45 3.44 4.35 8.27 4.31 5.10 6.95 2.78 0.00 3.47 4.27 3.99 3.32 4.73 5.54 5.78 2045168
4.36 2.99 3.59 2.45 5.65 5.16 3.09 6.43 4.33 2.46 4.82 4.93 6.03 4.58 7.54 7.73 2.07 2.65 5.20 8.28 4.35 0.00 10.21 2.24 0.00 3.55 4.39 3.76 3.95 5.32 5.58 5.41 2058259
2.79 2.79 3.56 2.90 5.55 5.64 3.44 4.82 2.70 2.27 5.36 5.04 5.92 3.95 6.51 7.51 2.07 3.64 4.74 8.83 4.27 5.12 3.77 2.47 0.00 3.65 4.37 3.75 3.87 4.81 3.79 5.12 2071348
4.42 2.94 3.58 2.62 5.73 6.15 3.21 6.37 2.58 2.49 3.52 4.39 6.15 3.82 7.76 6.36 2.98 3.44 6.32 8.43 4.42 0.00 6.08 3.04 0.00 3.63 3.62 3.71 4.30 4.83 5.73 5.44 2084438
4.10 2.82 3.62 3.10 2.49 6.02 2.71 2.38 2.42 2.56 5.88 5.12 0.00 3.03 7.80 5.75 2.13 3.41 6.11 8.49 4.41 0.00 0.00 4.95 0.00 0.00 4.20 3.63 4.34 4.79 5.72 5.44 2097528
4.20 2.90 3.50 2.50 5.80 5.95 2.87 6.00 2.49 3.12 5.81 5.37 6.30 4.36 7.49 7.48 2.02 3.55 6.36 8.65 4.28 5.21 2.77 4.44 0.00 3.50 4.16 3.61 3.43 4.77 5.76 5.45 2110618
4.10 2.99 3.35 3.74 5.68 5.96 3.24 6.09 5.12 4.14 5.30 5.41 6.28 6.77 7.68 7.44 0.00 3.42 5.65 8.20 3.50 5.30 4.82 3.26 0.00 3.46 4.15 3.68 4.28 4.76 5.85 5.78 2123708
3.83 3.03 3.23 3.44 6.23 6.06 3.63 6.20 4.47 3.34 5.65 5.13 5.21 5.49 7.56 6.54 2.80 3.55 6.31 8.18 4.36 5.20 4.77 4.83 0.00 4.02 4.09 4.03 4.36 4.79 5.81 5.36 2136798
4.19 3.03 3.31 3.97 5.68 6.03 3.32 6.13 4.05 3.25 5.50 5.17 6.39 6.60 7.20 7.19 2.86 3.45 6.25 8.72 4.36 5.17 4.30 4.21 0.00 3.42 4.25 4.41 4.36 4.81 5.90 5.90 2149888
4.21 3.13 3.34 2.89 5.69 6.13 3.27 6.17 4.05 3.85 5.73 4.75 6.01 2.98 7.25 7.45 2.18 3.31 6.27 8.59 4.42 0.00 0.00 3.15 0.00 3.51 4.19 3.72 4.33 4.77 6.16 5.71 2162978
4.20 3.03 3.45 3.90 6.08 5.14 3.22 4.84 2.23 3.18 4.96 4.92 0.00 3.72 7.11 7.24 2.02 3.53 6.30 8.32 4.42 0.00 6.98 4.05 0.00 3.44 3.36 3.80 4.46 4.82 6.00 5.41 2176068
4.18 2.64 3.29 3.11 6.25 4.03 2.93 6.11 3.08 3.34 4.77 4.88 5.70 6.05 6.33 0.00 0.00 3.40 6.45 8.17 4.46 5.31 9.83 5.35 0.00 3.52 4.45 3.66 4.36 4.78 6.03 5.70 2189158
4.40 3.09 3.35 3.07 6.00 4.30 3.45 6.07 3.17 2.95 4.80 4.94 5.76 5.62 7.05 6.90 2.48 3.52 6.33 8.44 4.44 5.18 0.00 4.97 0.00 3.33 4.01 3.58 4.37 4.81 6.15 5.32 2202248
4.40 2.92 3.28 3.03 6.06 5.36 3.01 5.73 5.74 3.51 4.43 4.59 5.47 6.41 6.48 6.85 2.02 3.39 6.31 8.36 4.86 5.88 4.53 4.95 0.00 3.41 3.97 3.80 4.30 4.80 6.04 5.16 2215338
4.26 2.90 3.44 3.53 6.21 4.66 3.62 6.02 3.47 3.38 4.64 4.54 5.25 6.50 6.40 6.48 2.16 3.40 6.31 8.41 4.38 0.00 10.64 3.87 0.00 3.50 4.11 3.63 4.35 4.94 6.12 5.64 2228429
4.13 2.92 3.23 3.12 6.25 6.52 3.56 5.68 3.39 3.35 4.46 4.37 5.67 6.33 6.40 6.27 2.09 3.35 6.45 8.21 4.43 0.00 5.66 4.07 0.00 3.87 4.04 3.64 4.43 4.84 6.19 5.23 2241518
4.41 2.78 3.17 2.94 6.60 6.69 3.20 6.04 5.28 3.13 4.29 4.44 5.09 3.12 6.16 6.18 0.00 3.31 5.32 8.32 4.51 5.31 0.00 4.64 0.00 3.49 3.94 3.65 4.41 4.94 6.14 6.11 2254608
4.37 2.79 3.18 3.87 6.49 6.94 3.27 3.34 2.77 4.16 4.36 4.56 4.97 6.45 6.33 6.03 2.33 3.42 6.27 8.31 4.57 5.36 10.04 4.39 0.00 0.00 3.94 3.75 4.31 4.86 6.18 5.66 2267699
4.89 2.97 3.19 2.69 6.35 6.91 3.33 6.22 5.11 4.03 2.50 4.67 5.25 2.34 6.12 5.98 2.08 3.57 6.39 8.40 4.41 5.33 10.73 4.77 0.00 3.33 3.39 3.69 4.39 4.96 6.33 5.47 2280789
4.26 3.04 3.21 3.25 6.35 6.40 3.59 6.45 5.10 2.47 4.37 4.66 4.87 5.68 6.33 6.01 2.16 3.63 6.34 8.41 4.37 5.47 10.65 4.75 0.00 3.35 4.02 3.89 4.45 4.89 5.59 5.78 2293879
4.24 3.12 3.18 4.18 6.50 7.22 4.09 6.23 5.21 3.14 4.38 4.76 4.92 5.52 6.46 5.95 0.00 3.52 6.38 8.26 4.42 0.00 10.73 5.15 0.00 3.22 4.10 3.81 4.39 4.82 6.34 5.35 2306969
4.22 2.90 3.25 2.93 6.56 7.30 3.41 6.09 5.51 4.09 4.47 4.80 4.89 5.44 6.05 5.66 2.74 3.36 6.37 8.34 4.41 5.41 0.00 4.19 0.00 3.50 3.91 3.72 4.35 4.85 6.26 5.44 2320058
4.29 2.91 3.32 3.72 6.49 7.72 3.31 6.60 5.65 3.98 4.39 4.71 4.94 3.22 6.12 6.08 2.75 3.36 6.46 8.34 4.43 5.58 10.45 5.73 0.00 3.17 3.91 3.75 4.45 4.86 6.44 5.43 2333149
4.60 2.90 3.19 2.25 6.82 7.30 3.26 6.07 5.12 4.51 4.47 4.76 4.92 5.42 6.10 6.18 0.00 3.69 6.42 8.26 4.46 0.00 10.93 4.39 0.00 3.38 3.94 4.00 4.37 4.95 6.46 5.35 2346239
4.45 3.13 3.05 3.14 6.80 7.45 3.62 5.83 5.21 2.73 4.29 4.88 4.79 5.48 6.24 6.12 2.37 3.44 6.45 8.36 3.91 5.34 0.00 4.86 0.00 3.93 3.93 4.04 4.40 5.00 6.28 5.24 2359328
4.31 3.11 3.06 4.43 6.83 7.47 3.31 6.27 3.52 4.40 4.34 4.80 4.97 5.31 6.13 6.18 2.56 3.24 6.33 8.33 4.55 0.00 0.00 4.58 0.00 3.25 3.90 3.88 4.43 4.96 6.37 5.42 2372418
4.21 2.73 3.05 4.01 6.92 7.57 3.10 6.01 6.50 3.23 4.40 4.83 4.67 5.36 6.05 6.43 0.00 3.31 7.38 8.40 4.49 5.73 10.54 5.36 0.00 0.00 3.99 0.00 4.56 5.12 6.35 5.37 2385509
4.32 2.69 2.98 2.83 7.12 7.73 3.25 0.00 5.40 3.49 4.40 5.00 4.62 4.45 6.04 6.19 2.97 3.46 6.58 8.36 4.40 5.34 3.80 5.14 0.00 3.33 3.91 3.83 4.47 4.76 6.40 5.50 2398598
4.50 2.90 3.08 3.71 6.89 7.70 3.40 6.17 5.42 3.21 4.37 5.01 4.90 5.35 6.09 6.28 2.90 3.56 6.54 8.77 4.41 0.00 5.86 4.42 0.00 3.85 3.94 3.75 4.38 5.02 6.36 5.41 2411688
4.32 3.06 3.03 3.17 6.96 7.70 3.46 6.49 5.43 2.73 4.41 4.85 4.77 5.33 6.02 6.33 2.03 3.42 6.60 8.67 4.47 5.82 0.00 4.62 0.00 3.50 3.97 4.32 4.39 5.06 6.58 5.44 2424778
4.34 2.90 3.05 2.16 6.91 3.07 3.99 6.16 4.96 2.72 4.47 4.83 4.87 5.41 6.07 6.48 2.17 3.33 6.58 8.49 4.53 5.39 10.72 4.63 0.00 3.28 4.00 3.94 4.40 4.96 6.53 5.42 2437869
4.27 3.24 3.11 3.46 7.41 7.82 3.69 2.89 5.36 3.66 4.46 5.15 4.61 5.36 6.00 6.36 0.00 3.41 6.59 8.90 4.26 5.91 10.44 3.78 0.00 3.09 4.29 3.76 4.31 5.01 6.40 5.35 2450959
4.47 2.79 3.11 3.32 2.05 4.54 3.06 6.07 5.19 3.29 4.63 5.00 4.80 5.47 5.92 6.57 2.77 3.39 6.70 8.62 4.55 5.67 10.78 4.67 0.00 2.65 4.13 3.77 4.33 4.91 6.64 5.44 2464049
4.27 2.90 3.17 2.82 7.51 7.85 3.27 4.82 5.40 3.39 4.60 4.98 4.89 5.48 6.15 6.55 2.39 3.22 6.83 8.40 4.46 5.43 9.92 4.43 0.00 2.91 4.18 3.60 4.41 5.23 6.45 5.50 2477138
4.25 2.89 3.10 3.43 7.38 7.86 3.17 6.02 4.46 3.05 4.62 5.03 4.67 5.35 6.38 6.80 2.01 3.38 6.62 8.48 4.70 5.48 6.51 4.42 0.00 2.75 4.03 4.30 4.40 5.03 6.63 5.95 2490228
4.33 3.06 3.22 2.99 7.06 8.01 3.37 6.07 4.63 3.10 4.63 4.82 5.07 5.45 6.15 6.70 0.00 3.39 6.52 8.67 4.65 5.75 10.91 4.40 0.00 2.50 4.01 3.68 4.52 4.98 6.45 5.40 2503319
4.30 2.96 3.27 2.72 5.68 8.15 3.28 5.90 2.16 3.22 4.66 5.08 4.67 5.37 6.13 6.65 2.09 3.27 6.32 0.00 4.80 0.00 0.00 4.91 0.00 2.73 3.99 3.67 4.20 5.19 6.44 5.50 2516408
4.42 3.06 3.21 3.23 6.35 3.35 2.87 5.84 5.10 2.82 4.70 5.19 5.05 5.24 6.93 6.93 2.20 3.32 6.89 8.58 4.61 5.42 5.69 4.50 0.00 2.59 4.01 3.70 4.28 5.07 6.51 5.44 2529498
4.47 3.06 3.20 3.48 7.11 5.91 3.23 6.30 4.93 3.43 4.85 5.08 5.39 5.55 6.35 6.75 2.14 3.34 6.76 8.60 4.56 0.00 4.91 5.75 0.00 2.45 3.81 3.40 4.26 5.18 6.57 5.52 2542588
4.53 2.92 3.32 3.81 5.16 3.49 3.12 5.86 4.95 2.51 4.79 5.25 4.60 4.26 6.40 6.93 2.02 3.29 4.23 8.46 4.64 0.00 0.00 0.00 0.00 2.62 3.71 3.46 4.23 5.09 6.45 5.59 2555678
4.36 2.74 3.22 3.06 6.85 8.25 3.38 5.83 4.31 3.38 4.85 5.32 4.81 5.75 6.46 6.95 2.05 3.59 6.82 8.78 4.58 5.64 7.48 5.41 0.00 2.57 3.70 3.36 4.35 5.15 6.41 0.00 2568768
4.31 3.05 3.30 2.97 6.89 8.15 2.90 5.69 4.94 3.25 4.86 5.34 4.69 5.54 6.35 7.14 2.71 3.61 5.19 8.90 4.17 0.00 10.75 5.17 0.00 2.46 3.53 0.00 4.31 5.07 6.70 0.00 2581859
4.50 2.94 3.08 3.08 7.86 7.37 3.02 5.66 2.91 3.31 4.53 5.23 4.95 5.72 6.35 6.99 2.09 3.33 7.11 8.99 4.74 5.57 0.00 3.70 0.00 2.77 3.48 3.37 3.21 5.03 6.75 0.00 2594948
4.51 2.70 3.33 2.27 7.33 5.85 3.63 5.58 2.88 3.31 5.03 6.02 5.04 5.73 6.44 7.21 2.39 3.33 6.31 8.66 4.72 5.63 4.99 5.18 0.00 2.80 3.47 3.65 4.25 5.02 6.54 5.59 2608038
4.37 2.78 2.93 2.67 6.48 8.27 2.57 5.71 3.68 2.50 5.05 5.40 4.90 4.04 6.39 7.06 2.87 3.37 5.99 8.78 4.55 6.26 5.56 0.00 0.00 2.57 3.43 3.12 4.21 5.11 6.36 6.24 2621128
4.43 2.69 3.01 2.78 2.62 6.49 3.14 0.00 3.06 3.53 4.92 5.39 5.15 5.78 6.56 7.23 2.86 2.15 6.05 0.00 4.57 5.85 10.79 0.00 0.00 2.55 3.22 3.25 3.83 5.02 6.52 5.63 2634219
4.37 3.01 2.95 2.88 3.48 7.36 0.00 6.23 3.87 2.76 5.02 4.99 5.12 3.06 6.48 7.25 2.17 3.32 5.56 9.20 5.17 5.86 9.95 3.86 0.00 2.62 3.21 3.27 4.12 5.09 6.49 5.71 2647308
4.67 2.87 2.97 2.97 7.43 6.63 2.57 4.06 3.16 2.39 4.96 5.54 4.89 3.54 6.55 7.74 2.98 3.30 6.35 8.63 4.56 5.85 4.51 4.41 0.00 2.74 3.06 3.09 4.14 4.70 5.88 5.60 2660398
4.28 3.05 3.09 3.24 7.77 6.99 2.13 3.60 3.64 3.57 2.76 5.66 5.83 3.90 6.88 7.35 2.12 3.00 5.95 8.60 4.75 6.34 0.00 5.69 0.00 2.80 3.03 3.11 4.10 5.16 6.63 5.58 2673488
4.30 3.05 3.10 4.23 7.35 7.57 3.38 4.78 3.96 3.22 5.29 5.83 4.86 5.84 6.78 7.45 2.62 3.28 6.16 8.95 4.82 0.00 9.93 4.39 0.00 2.65 3.01 3.35 4.17 4.96 6.40 6.03 2686578
4.22 3.06 2.78 2.96 5.59 8.26 3.32 5.38 3.96 2.34 5.17 5.50 4.99 5.92 7.15 7.34 2.07 3.42 6.19 8.66 4.69 5.76 6.87 3.80 0.00 2.66 3.00 3.14 4.15 4.99 5.90 5.51 2699668
4.22 2.63 3.17 2.41 7.42 4.46 2.59 4.17 3.85 2.69 5.33 5.58 5.12 4.84 7.28 7.40 2.22 3.43 6.64 8.70 4.78 0.00 9.65 4.68 0.00 2.63 2.94 3.08 4.06 4.95 6.17 5.88 2712758
4.28 3.10 3.03 3.71 0.00 5.93 0.00 5.11 3.87 2.81 5.26 5.83 5.04 3.67 7.01 8.28 2.34 3.39 6.56 8.74 4.64 5.81 10.69 5.09 0.00 2.65 2.95 3.16 4.11 4.97 3.12 5.56 2725849
4.28 3.07 2.92 3.64 7.89 8.26 3.50 4.20 3.78 3.26 5.23 5.75 5.26 6.17 7.13 5.46 2.98 3.24 6.98 8.79 4.84 0.00 3.97 3.67 0.00 2.59 2.99 3.19 4.10 5.00 6.31 5.54 2738938
4.33 2.96 3.02 2.52 7.04 8.25 3.51 4.93 3.75 3.58 5.24 5.77 5.36 6.44 7.23 7.66 2.04 3.23 5.29 9.02 4.72 5.77 6.30 3.87 0.00 2.53 3.05 3.05 4.17 4.96 3.08 6.10 2752028
4.30 3.43 3.02 2.54 0.00 8.25 0.00 4.64 3.21 3.71 5.34 5.74 5.58 6.39 7.30 8.38 0.00 3.73 7.00 8.90 4.68 5.71 10.01 2.68 0.00 2.54 2.95 3.13 4.16 4.95 6.39 5.53 2765119
4.25 3.04 2.93 2.90 7.69 6.18 3.15 4.63 2.90 3.68 5.22 5.88 5.61 4.25 7.38 7.89 2.72 3.60 6.34 8.94 4.75 6.07 10.41 2.78 0.00 2.58 3.03 3.27 4.07 4.99 6.24 5.64 2778209
4.21 2.98 3.08 2.67 7.63 8.25 0.00 4.27 3.71 3.61 5.22 5.96 5.38 6.58 7.34 7.99 2.74 3.36 0.00 8.91 4.81 0.00 2.78 5.24 0.00 2.57 2.97 3.25 4.14 5.03 6.21 5.87 2791298
4.54 3.10 3.06 2.77 7.25 8.24 3.72 4.06 3.87 3.03 5.34 6.20 5.55 6.66 7.49 0.00 0.00 3.32 6.83 8.73 4.62 0.00 3.42 5.02 0.00 2.60 3.09 2.91 4.09 5.13 6.17 5.81 2804388
4.30 2.88 3.05 2.79 7.82 8.25 0.00 4.12 3.66 3.66 5.35 5.89 5.13 6.78 7.53 8.33 2.51 3.48 0.00 8.78 4.72 5.87 10.12 0.00 0.00 2.52 3.01 3.13 4.13 4.95 6.12 5.67 2817479
4.28 3.08 3.09 2.81 7.31 8.27 0.00 4.12 3.59 3.46 5.26 5.85 5.30 6.18 7.61 8.10 0.00 3.43 0.00 0.00 4.77 5.97 3.34 0.00 0.00 2.62 3.06 3.01 4.13 4.97 6.20 6.28 2830568
4.51 2.99 2.82 3.22 7.42 8.17 3.66 4.12 3.68 3.59 5.27 6.00 5.34 6.72 7.34 8.11 2.59 3.47 0.00 0.00 4.79 0.00 10.67 4.76 0.00 2.53 3.00 3.42 4.06 5.05 6.14 5.53 2843659
4.37 2.94 3.38 4.00 7.49 8.29 3.55 4.09 3.64 2.63 5.52 5.95 5.79 7.06 7.48 8.47 2.77 3.58 7.08 8.84 4.70 5.82 10.54 3.79 0.00 2.57 3.06 3.13 4.10 5.04 6.14 5.59 2856749
4.39 3.04 3.40 2.88 7.51 6.38 3.78 4.05 3.65 3.70 5.50 6.10 5.59 3.12 7.65 0.00 2.70 3.48 0.00 8.71 4.85 0.00 10.46 5.47 0.00 2.53 3.06 3.07 4.15 5.01 6.25 5.61 2869839
4.58 3.06 3.55 2.99 7.16 8.26 3.95 4.07 3.39 3.61 5.29 6.62 5.65 6.82 7.73 0.00 2.01 3.49 7.13 8.77 4.75 0.00 10.15 5.44 0.00 2.52 3.09 2.98 4.09 5.06 6.20 5.57 2882929
4.32 3.16 3.62 4.26 7.43 8.17 0.00 3.97 2.61 3.64 5.63 5.97 5.93 6.87 7.74 8.45 2.80 3.45 7.25 8.70 5.00 5.93 10.30 5.00 0.00 2.52 3.14 3.09 4.25 5.03 6.33 5.51 2896019
4.44 2.96 3.42 4.19 7.31 8.17 0.00 3.97 3.63 3.68 5.28 6.11 5.56 6.86 7.64 0.00 0.00 3.45 0.00 8.64 4.79 5.83 10.39 4.40 0.00 2.60 3.48 3.03 4.20 5.26 6.17 5.48 2909109
4.51 3.07 3.51 3.43 7.66 8.30 0.00 4.00 3.60 3.72 5.34 6.01 5.64 6.88 7.66 8.38 2.89 3.88 7.22 9.01 5.14 5.87 0.00 4.77 0.00 3.05 3.15 3.08 4.29 5.04 6.18 5.81 2922198
4.39 3.06 3.54 2.95 7.28 8.07 3.32 4.05 3.69 3.70 5.37 5.97 6.33 6.94 7.68 0.00 2.64 3.58 0.00 8.75 4.89 6.06 10.14 5.34 0.00 0.00 3.14 3.15 4.33 5.10 6.24 5.49 2935289
5.25 3.06 3.46 3.14 7.05 8.79 0.00 4.02 3.54 3.73 5.28 6.05 5.75 6.90 7.62 8.32 0.00 3.51 7.00 9.34 5.00 6.03 0.00 5.39 0.00 2.46 3.14 3.17 4.28 5.03 6.54 5.52 2948378
4.44 3.08 3.60 3.67 7.05 8.22 0.00 3.98 3.51 3.75 5.40 6.07 5.86 6.90 7.55 0.00 0.00 3.37 7.11 8.92 4.99 0.00 0.00 3.96 0.00 2.60 3.43 3.13 4.35 5.05 6.21 5.60 2961468
4.42 3.07 3.52 4.02 7.50 5.84 0.00 3.94 3.48 3.72 5.37 6.56 5.74 6.92 7.64 0.00 0.00 3.62 0.00 9.03 5.04 6.43 0.00 4.70 0.00 2.40 3.31 3.02 4.26 5.03 6.12 5.41 2974558
4.42 3.09 3.58 3.97 7.13 8.32 0.00 4.05 3.51 3.54 5.39 5.98 5.82 6.93 7.18 0.00 2.24 3.48 7.09 8.64 4.88 6.04 0.00 4.78 0.00 2.44 3.19 2.90 4.30 5.34 6.14 5.59 2987648
4.42 3.04 4.01 3.88 6.90 8.20 3.58 3.92 3.44 3.93 5.35 6.03 0.00 6.92 8.37 0.00 0.00 3.81 7.03 9.05 5.04 6.01 0.00 4.56 0.00 2.61 3.32 0.00 4.21 5.06 6.45 5.89 3000738
4.74 2.97 3.57 4.36 7.07 7.99 3.32 4.01 3.46 3.46 5.52 6.11 5.80 6.99 7.74 0.00 0.00 3.61 7.38 8.80 4.90 6.67 0.00 4.64 0.00 2.39 3.15 3.09 4.19 5.20 6.34 6.10 3013828
4.65 3.05 3.64 4.33 6.93 7.98 0.00 3.96 3.48 3.82 5.40 6.21 6.16 6.91 7.69 0.00 2.05 3.65 7.01 8.58 4.99 5.85 10.84 5.12 0.00 2.36 3.23 0.00 4.34 5.40 6.10 5.60 3026919
4.51 3.11 3.68 3.02 7.36 8.11 3.61 3.85 3.44 3.81 5.45 6.14 6.00 6.92 7.63 0.00 0.00 3.48 0.00 9.14 4.85 5.91 0.00 0.00 0.00 2.40 3.20 3.17 4.30 5.16 6.11 5.63 3040008
4.55 3.14 3.71 3.07 6.95 8.08 3.29 3.92 3.59 3.78 5.44 6.11 5.73 6.92 8.13 0.00 2.23 3.55 0.00 8.93 4.85 5.91 0.00 0.00 0.00 2.37 3.10 2.90 4.25 5.07 6.48 5.51 3053098
4.47 3.09 3.81 3.35 7.00 8.07 0.00 3.92 3.46 3.82 5.45 6.23 6.10 6.92 7.70 0.00 2.81 3.66 7.49 0.00 4.94 6.06 10.93 4.98 0.00 2.41 3.15 3.09 4.24 5.23 6.10 5.60 3066189
4.54 3.07 3.93 3.87 7.12 7.53 0.00 3.91 3.44 3.74 5.45 6.17 6.16 6.93 7.65 0.00 2.47 3.58 0.00 0.00 4.93 5.90 0.00 5.30 0.00 0.00 3.12 3.03 4.21 5.13 6.44 0.00 3079278
4.64 3.06 4.15 3.13 6.95 8.10 0.00 3.90 3.38 3.82 5.46 0.00 5.90 6.87 0.00 0.00 2.28 3.55 6.93 8.94 4.95 6.48 10.60 5.20 0.00 2.47 3.11 3.00 4.44 5.08 6.14 5.52 3092369
4.82 3.16 4.19 3.33 6.98 8.16 3.86 3.86 3.51 3.57 5.55 6.44 6.20 6.85 7.71 0.00 2.66 3.60 0.00 8.88 5.16 0.00 0.00 4.90 0.00 2.44 3.11 2.85 4.22 5.47 6.07 5.66 3105458
4.49 3.13 4.29 0.00 6.86 8.03 0.00 4.02 3.41 3.78 5.38 6.19 6.13 6.90 7.62 0.00 2.23 3.61 7.01 8.72 4.87 0.00 10.90 0.00 0.00 2.47 3.10 2.88 4.14 5.06 6.26 5.55 3118549
4.54 3.12 4.31 0.00 6.87 8.21 0.00 4.04 3.68 3.77 5.76 6.19 0.00 6.93 7.80 0.00 2.09 3.61 0.00 9.34 4.87 0.00 0.00 4.59 0.00 2.59 3.13 2.97 4.22 5.05 6.25 0.00 3131638
4.59 3.04 5.12 0.00 6.82 8.04 0.00 3.93 3.49 3.84 5.49 6.31 6.29 6.87 7.87 0.00 0.00 3.63 0.00 8.63 4.88 5.91 10.91 5.19 0.00 2.43 3.14 3.11 4.24 5.11 6.24 5.57 3144729
4.64 3.10 4.37 0.00 6.79 8.07 0.00 3.93 3.41 3.77 5.50 6.33 6.15 6.98 7.95 0.00 2.57 4.23 0.00 8.79 5.08 0.00 10.85 0.00 0.00 2.75 3.24 2.80 4.24 5.16 6.14 0.00 3157819
4.73 2.89 4.45 3.34 6.83 8.04 0.00 3.91 3.44 3.71 5.39 6.24 6.08 7.03 7.62 0.00 2.01 3.62 0.00 8.67 5.01 0.00 10.79 5.14 0.00 2.37 3.18 2.98 4.38 5.19 6.15 5.58 3170909
4.49 2.93 4.45 0.00 6.94 8.04 0.00 3.96 3.54 3.75 5.48 6.26 6.08 6.94 7.56 0.00 2.05 3.96 0.00 0.00 4.88 5.85 10.81 4.97 0.00 2.48 3.29 3.05 4.15 5.07 6.14 6.15 3183999
4.67 3.11 4.46 3.41 6.81 8.12 3.79 3.96 3.56 3.77 5.41 6.35 5.91 6.90 7.61 8.17 2.70 3.68 0.00 0.00 4.99 6.59 0.00 4.99 0.00 2.46 3.15 0.00 4.19 5.17 6.16 5.52 3197088
4.66 3.16 4.42 3.42 6.72 8.21 4.07 3.90 3.49 3.78 5.55 6.37 6.03 6.90 7.58 8.31 2.04 3.82 0.00 8.71 4.99 5.89 10.84 4.38 0.00 2.42 3.11 3.12 4.41 5.04 6.16 5.45 3210179
4.86 3.36 4.45 3.17 7.31 8.13 0.00 3.96 3.43 3.78 5.54 6.38 6.19 6.88 7.62 8.73 0.00 3.77 7.03 8.82 4.96 0.00 0.00 4.39 0.00 2.41 3.09 0.00 4.24 5.39 6.17 0.00 3223268
4.99 3.08 0.00 0.00 6.79 8.11 0.00 3.98 3.40 3.78 5.48 6.28 6.06 6.89 7.74 8.58 0.00 3.64 0.00 9.02 5.12 0.00 10.87 4.37 0.00 2.47 3.16 2.86 4.27 5.25 6.14 0.00 3236359
4.76 3.06 4.51 3.32 6.82 8.68 4.10 4.07 3.47 3.76 5.46 6.20 6.12 6.97 7.68 0.00 0.00 0.00 0.00 9.22 5.03 6.17 10.82 4.45 0.00 2.72 3.13 3.15 4.45 5.11 6.17 0.00 3249449
4.60 3.11 4.45 3.24 6.77 8.04 0.00 4.09 3.39 3.80 5.44 6.26 6.13 7.16 7.67 0.00 0.00 3.63 0.00 8.83 5.03 6.00 10.76 5.24 0.00 2.47 3.15 2.86 4.25 5.13 6.19 0.00 3262539
4.64 3.10 4.34 3.29 7.15 8.09 3.79 4.01 3.55 3.78 5.44 6.32 0.00 6.89 7.61 0.00 0.00 3.69 6.89 0.00 5.00 5.95 0.00 5.20 0.00 2.50 3.30 0.00 4.19 5.16 6.18 5.58 3275628
4.63 3.14 4.24 0.00 7.52 7.84 3.96 3.84 3.51 3.79 5.45 6.29 0.00 6.95 7.56 0.00 0.00 3.65 0.00 8.76 4.99 6.12 11.00 4.35 0.00 2.49 3.16 3.20 4.28 5.14 6.16 5.62 3288719
4.91 3.07 4.14 5.92 7.40 7.96 0.00 3.89 3.36 3.78 5.46 6.58 6.17 6.94 7.53 8.37 2.22 3.88 0.00 8.74 5.11 0.00 10.90 4.51 0.00 2.45 3.14 2.98 4.28 5.09 6.15 5.57 3301809
4.66 3.08 3.83 2.78 6.90 7.97 3.75 3.98 3.39 3.78 5.65 6.20 6.36 6.84 7.65 0.00 0.00 3.67 7.01 8.71 5.12 0.00 0.00 4.44 0.00 2.43 3.23 2.85 4.32 5.17 6.15 5.63 3314898
4.61 3.14 3.77 4.45 7.15 7.94 3.89 3.94 3.39 3.76 5.81 6.28 0.00 6.94 7.55 0.00 2.72 3.75 6.86 8.73 5.12 6.01 10.83 4.49 0.00 2.41 3.15 2.87 4.32 5.16 6.15 5.60 3327989
4.85 3.03 3.57 4.90 6.98 8.15 0.00 4.19 3.70 3.80 5.49 6.28 0.00 7.02 7.57 0.00 0.00 3.66 0.00 8.66 5.08 5.98 10.79 5.20 0.00 2.43 3.33 2.86 4.27 5.10 6.16 0.00 3341079
4.98 2.95 3.33 4.96 7.21 7.92 0.00 4.38 3.42 3.77 5.73 6.26 0.00 6.88 0.00 0.00 0.00 3.74 0.00 8.63 5.26 0.00 10.46 0.00 0.00 2.58 3.20 3.29 4.29 5.13 6.15 0.00 3354169
4.58 3.09 3.21 4.68 7.17 7.92 4.05 4.01 3.44 3.79 5.49 6.22 6.25 6.85 7.71 0.00 0.00 3.65 0.00 8.63 5.38 6.21 10.72 4.92 0.00 2.43 3.14 3.10 4.16 5.13 6.16 6.01 3367259
4.95 2.98 3.39 4.51 7.00 7.88 3.70 3.94 3.40 3.81 5.63 6.38 6.48 6.83 7.57 8.01 2.44 3.75 0.00 8.73 5.05 0.00 0.00 4.38 0.00 2.43 3.11 2.99 4.22 5.12 6.16 6.12 3380348
4.67 3.08 3.19 3.07 6.90 7.89 4.11 4.11 3.45 3.84 5.43 6.23 6.32 6.88 7.54 0.00 2.05 3.72 7.34 8.72 5.04 0.00 10.72 4.40 0.00 2.44 3.26 3.07 4.23 5.53 6.16 5.74 3393439
4.85 3.08 3.16 4.57 6.94 7.94 4.19 4.19 3.41 3.92 5.42 0.00 6.25 6.82 7.48 0.00 0.00 3.85 0.00 8.77 5.40 0.00 10.98 0.00 0.00 2.43 3.14 2.97 4.32 5.25 6.17 5.53 3406529
4.69 3.08 3.16 4.48 6.97 7.97 3.86 3.90 3.42 3.92 5.35 0.00 6.18 6.81 7.73 8.41 0.00 3.70 0.00 8.79 5.28 6.07 10.64 0.00 0.00 2.40 3.13 2.91 4.19 5.15 6.14 5.45 3419619
4.67 3.07 3.12 5.13 6.89 7.91 3.80 4.04 3.57 3.83 5.36 6.29 0.00 6.84 0.00 0.00 0.00 3.74 6.91 8.79 5.12 6.17 0.00 4.63 0.00 2.41 3.13 3.12 4.40 5.21 6.14 5.45 3432708
4.76 2.94 3.05 0.00 7.44 7.89 4.03 4.01 3.44 3.83 5.83 6.28 6.17 6.86 7.65 0.00 0.00 3.64 0.00 8.79 4.99 0.00 10.79 5.16 0.00 2.52 3.14 2.88 4.22 5.21 6.19 5.45 3445799
4.63 2.97 3.02 3.50 6.85 7.78 3.72 3.97 3.50 3.93 5.57 6.29 0.00 6.83 7.54 8.17 2.06 3.81 0.00 8.80 5.23 0.00 10.76 0.00 0.00 2.50 3.30 2.80 4.24 5.17 6.25 5.47 3458889
4.64 3.05 3.07 4.51 6.93 7.80 3.80 3.93 3.42 3.86 5.51 6.30 6.06 6.84 7.52 8.37 2.30 3.84 0.00 0.00 4.91 6.65 10.88 0.00 0.00 2.45 3.30 3.11 4.25 5.11 6.21 5.44 3471979
0.00 3.05 3.25 0.00 6.90 7.79 4.05 4.06 3.50 3.83 5.56 0.00 6.27 6.83 7.56 0.00 2.08 3.84 7.36 8.83 5.29 0.00 10.74 4.88 0.00 2.48 3.16 3.15 4.36 5.14 6.21 5.45 3485069
5.06 3.07 3.01 4.50 6.93 8.13 3.63 4.16 3.45 3.81 5.50 6.28 6.29 6.89 7.58 0.00 2.05 3.72 0.00 8.77 5.05 0.00 10.45 0.00 0.00 2.45 3.20 3.05 4.24 5.11 6.21 5.46 3498159
4.75 3.07 2.99 4.45 6.95 7.77 4.08 3.98 3.48 3.80 5.54 6.28 6.23 6.87 7.49 0.00 2.05 3.76 7.05 8.76 5.10 6.21 10.80 5.08 0.00 2.46 3.22 3.00 4.25 5.14 6.21 5.45 3511249
4.69 3.08 3.04 4.88 6.78 7.78 3.61 3.89 3.45 3.79 5.55 6.41 5.99 6.94 7.49 0.00 2.03 3.71 7.08 8.75 5.02 0.00 10.80 5.14 0.00 2.59 3.26 3.73 4.24 0.00 6.77 5.45 3524339
4.70 3.09 3.05 4.70 7.02 7.77 3.64 3.93 3.46 3.80 5.97 6.36 5.93 7.12 7.88 0.00 2.11 3.67 0.00 8.73 5.02 6.70 10.70 0.00 0.00 2.47 3.30 3.05 4.25 5.22 6.20 5.44 3537429
5.30 3.08 3.12 0.00 6.94 7.75 3.63 4.03 3.47 3.86 5.55 6.31 0.00 6.98 7.57 8.07 2.39 3.68 0.00 8.63 5.28 6.84 10.68 5.12 0.00 2.53 3.29 0.00 4.23 5.11 6.61 5.43 3550519
4.79 3.09 2.99 4.40 7.08 7.76 3.59 3.98 3.53 3.83 5.47 6.40 0.00 6.96 7.49 0.00 2.28 3.72 0.00 8.63 5.03 6.18 10.70 5.15 0.00 2.45 3.21 2.99 4.31 5.11 6.28 5.44 3563609
4.68 3.09 3.08 4.39 7.08 7.85 3.61 3.93 3.46 3.82 5.61 6.28 6.23 6.87 7.50 8.07 2.01 3.68 0.00 8.71 5.28 0.00 10.70 5.08 0.00 2.46 3.28 2.96 4.42 5.09 6.20 5.44 3576699
4.78 3.07 3.00 4.54 7.16 7.75 3.61 3.92 3.43 3.83 5.59 6.27 6.28 6.83 7.55 8.01 2.44 3.68 0.00 8.64 5.03 0.00 10.69 5.14 0.00 2.47 3.28 3.12 4.22 5.24 6.21 5.44 3589789
4.79 3.08 3.02 4.44 6.83 7.78 3.59 4.18 3.46 3.80 5.44 6.27 0.00 6.89 7.54 0.00 2.42 3.70 0.00 8.71 5.14 6.12 10.76 0.00 0.00 2.45 3.28 3.67 4.28 5.20 6.18 5.42 3602879
4.68 3.10 2.98 4.34 6.99 7.78 3.62 0.00 3.51 3.85 5.61 6.27 0.00 6.92 7.54 8.14 2.41 3.71 7.37 8.75 5.46 0.00 10.84 0.00 0.00 2.44 3.29 3.21 4.32 5.31 6.20 5.42 3615969
4.57 3.06 2.94 4.33 6.81 7.73 3.61 4.01 3.53 3.90 5.67 6.32 6.06 6.85 7.55 0.00 2.42 3.78 7.36 8.75 5.12 0.00 10.79 0.00 0.00 2.45 3.16 3.02 4.28 5.30 6.20 5.43 3629059
4.74 3.08 2.97 0.00 0.00 7.72 3.57 3.93 3.45 3.90 5.56 6.27 6.17 7.02 7.42 0.00 2.29 3.75 7.08 8.75 5.36 0.00 10.77 5.18 0.00 2.47 3.15 3.13 4.23 5.20 6.19 5.43 3642149
4.64 3.12 2.87 4.35 6.74 7.71 3.58 4.61 3.48 3.89 5.54 6.25 6.72 6.93 7.43 0.00 2.28 3.76 7.09 8.74 5.21 6.55 0.00 5.21 0.00 2.56 3.15 0.00 4.30 5.18 6.24 5.43 3655238
4.61 3.08 2.91 4.39 6.89 8.44 3.58 3.96 3.49 3.85 5.54 6.27 6.35 6.90 7.42 0.00 2.23 3.79 0.00 8.74 5.34 6.75 0.00 5.14 0.00 2.59 3.16 3.10 4.26 5.23 6.22 5.44 3668328
4.89 3.10 2.81 4.28 6.83 7.77 3.56 3.97 3.45 3.80 5.50 6.40 0.00 6.84 7.42 0.00 2.01 3.79 7.08 8.74 5.09 0.00 0.00 5.17 0.00 2.47 3.16 3.09 4.25 5.27 6.23 5.43 3681418
4.65 3.08 2.86 4.34 6.81 7.73 3.47 4.05 3.44 3.79 5.52 6.39 0.00 6.85 7.42 8.87 2.02 3.78 7.27 8.75 5.21 0.00 0.00 0.00 0.00 2.45 3.16 2.87 4.24 5.18 6.21 5.44 3694508
4.88 3.06 2.96 4.36 6.99 7.73 3.58 4.10 3.48 3.86 5.52 6.34 6.45 6.89 7.45 0.00 2.02 3.75 0.00 8.75 5.17 0.00 10.88 0.00 0.00 2.46 3.27 2.98 4.22 5.16 6.20 5.43 3707599
4.84 3.08 3.11 4.36 6.84 7.72 3.58 4.06 3.43 3.85 5.56 6.39 6.13 7.05 7.45 8.10 2.04 3.77 7.05 8.75 5.12 6.27 0.00 0.00 0.00 2.45 3.29 3.19 4.23 5.21 6.21 5.43 3720688
4.88 3.07 3.01 4.37 6.87 7.72 3.57 4.12 3.42 3.82 5.59 6.34 6.59 6.84 7.47 8.12 0.00 3.81 0.00 8.74 5.14 6.16 10.88 0.00 0.00 2.45 3.30 3.18 4.30 5.32 6.24 5.43 3733779
4.76 3.07 2.92 4.42 6.93 7.72 3.56 3.94 3.50 3.86 5.40 6.38 6.36 6.85 7.55 8.09 2.08 3.82 0.00 8.74 5.17 6.03 10.90 0.00 0.00 2.44 3.29 3.14 4.26 5.37 6.21 5.44 3746869
0.00 3.08 3.44 4.36 6.95 7.73 3.56 4.15 3.58 3.83 5.48 6.32 6.08 6.83 8.09 8.01 0.00 3.84 0.00 8.74 5.18 6.15 10.91 0.00 0.00 2.74 3.28 3.28 4.33 5.47 6.21 5.44 3759959
4.72 3.09 3.14 4.35 6.89 7.76 3.56 4.01 3.45 3.80 5.50 6.33 6.56 6.82 8.09 8.09 2.01 3.84 6.96 8.75 5.17 6.02 10.84 0.00 0.00 3.03 3.29 2.99 4.32 5.31 6.20 5.43 3773049
4.70 3.06 2.92 4.60 6.99 7.76 3.57 3.93 3.42 3.84 5.51 6.33 6.38 6.84 8.13 8.00 2.05 3.86 6.96 8.75 5.20 5.98 10.91 0.00 0.00 2.88 3.28 3.37 4.28 5.48 6.18 5.43 3786139
4.73 3.07 2.93 4.49 6.99 7.75 3.56 0.00 3.42 3.87 5.58 6.30 6.41 6.93 7.43 8.06 2.02 3.87 7.07 8.75 5.23 6.03 0.00 5.21 0.00 2.45 3.28 2.97 4.29 5.39 6.19 5.43 3799228
4.75 3.06 2.94 4.49 7.01 7.74 3.58 0.00 3.43 3.86 5.57 6.31 6.44 6.93 7.42 8.00 2.03 3.87 6.23 8.75 5.24 6.31 0.00 5.17 0.00 2.52 3.27 0.00 4.27 5.53 6.20 5.43 3812318
4.77 3.06 2.94 4.49 7.04 7.74 3.58 0.00 3.41 3.87 5.59 6.31 6.42 6.94 7.42 8.00 0.00 3.89 6.24 8.75 5.23 6.10 0.00 5.18 0.00 2.47 3.14 3.01 4.28 5.52 6.21 5.43 3825408
4.76 3.06 2.95 4.48 7.02 7.73 3.58 0.00 3.43 3.87 5.58 6.31 6.41 6.93 7.41 8.00 2.02 4.07 6.31 8.76 5.22 6.08 0.00 5.14 0.00 2.55 3.14 0.00 4.28 5.50 6.20 5.43 3838498
4.75 3.07 2.94 4.49 7.02 7.73 3.58 4.24 3.42 3.87 5.60 6.30 6.42 6.94 7.41 8.00 2.05 3.89 6.79 8.77 5.21 6.06 0.00 5.18 0.00 2.57 3.14 0.00 4.29 5.51 6.20 5.44 3851588
4.73 3.06 2.95 4.46 7.01 7.74 3.58 4.22 3.43 3.88 5.59 6.30 6.41 6.95 7.41 7.99 2.14 3.84 6.21 8.74 5.22 6.15 0.00 5.19 0.00 2.48 3.15 0.00 4.27 5.52 6.19 5.43 3864678
4.74 3.06 2.94 4.47 7.03 7.72 3.56 4.24 3.42 3.87 5.59 6.31 6.40 6.95 7.41 8.00 2.04 3.85 6.19 8.83 5.21 6.10 0.00 5.19 0.00 2.48 3.17 0.00 4.27 5.49 6.21 5.43 3877768
4.74 3.07 2.95 4.47 7.04 7.73 3.56 4.23 3.43 3.87 5.60 6.31 6.40 6.93 7.41 7.98 2.07 3.85 6.21 0.00 5.21 6.12 0.00 5.20 0.00 2.47 3.14 0.00 4.27 5.50 6.21 5.43 3890858
4.74 3.07 2.96 4.48 7.04 7.74 3.57 4.23 3.43 3.88 5.45 6.31 6.41 6.92 7.41 7.99 2.13 3.84 6.19 0.00 5.21 6.16 0.00 5.21 0.00 2.47 3.15 0.00 4.27 5.37 6.20 5.44 3903948
4.74 3.07 2.96 4.48 7.04 7.73 3.57 4.23 3.42 3.87 5.44 6.32 6.41 6.93 7.41 7.99 2.67 3.84 6.19 8.66 5.21 6.14 0.00 5.19 0.00 2.47 3.14 0.00 4.26 5.35 6.20 5.44 3917038
4.74 3.07 2.95 4.48 7.05 7.72 3.56 4.22 3.42 3.87 5.45 6.30 6.40 6.91 7.40 7.99 0.00 3.82 6.17 8.82 5.22 6.18 10.87 5.19 0.00 2.55 3.13 0.00 4.27 5.34 6.20 5.43 3930129
4.74 3.07 2.94 4.37 7.04 7.73 3.56 4.23 3.43 3.87 5.44 6.31 6.40 6.90 7.40 7.99 0.00 3.81 6.16 8.82 5.21 6.19 0.00 5.19 0.00 2.56 3.13 0.00 4.27 5.34 6.20 5.42 3943218
4.74 3.07 2.94 4.37 7.04 7.73 3.56 4.22 3.42 3.86 5.44 6.31 6.40 6.90 7.41 7.98 0.00 3.85 6.19 0.00 5.21 6.18 10.89 5.19 0.00 2.53 3.14 0.00 4.27 5.34 6.20 5.44 3956309
4.74 3.08 2.94 4.38 7.04 7.72 3.58 4.22 3.43 3.87 5.44 6.31 6.40 6.86 7.41 7.98 0.00 3.82 6.19 9.16 5.22 6.09 10.90 5.19 0.00 2.53 3.14 0.00 4.26 5.35 6.20 5.44 3969399
4.75 3.08 2.94 4.38 7.05 7.73 3.55 4.21 3.41 3.86 5.44 6.31 6.39 6.86 7.41 7.99 0.00 3.82 6.19 8.81 5.21 6.09 10.90 5.18 0.00 2.53 3.14 0.00 4.26 5.38 6.21 5.44 3982489
4.76 3.08 2.93 4.38 7.05 7.72 3.56 4.21 3.42 3.87 5.44 6.32 6.39 6.85 7.41 7.99 0.00 3.83 6.18 8.80 5.21 6.08 10.91 5.18 0.00 2.48 3.14 0.00 4.27 5.37 6.20 5.43 3995579
4.76 3.07 2.93 4.38 7.04 7.73 3.56 4.23 3.43 3.87 5.45 6.31 6.39 6.86 7.41 7.98 0.00 3.86 6.19 8.79 5.22 6.08 10.91 5.17 0.00 2.48 3.13 0.00 4.27 5.36 6.20 5.44 4008669
4.73 3.07 2.93 4.37 7.04 7.73 3.57 4.22 3.42 3.86 5.44 6.32 6.37 6.85 7.42 7.98 0.00 3.87 6.19 8.80 5.22 6.10 10.92 5.16 0.00 2.48 3.14 0.00 4.27 5.36 6.21 5.44 4021759
4.72 3.06 2.93 4.38 7.03 7.73 3.56 4.23 3.42 3.87 5.44 6.31 6.38 6.86 7.41 7.99 2.68 3.88 6.17 0.00 5.22 6.18 0.00 5.17 0.00 2.49 3.15 0.00 4.26 5.35 6.21 5.43 4034848
4.73 3.06 2.93 4.37 7.04 7.73 3.56 4.22 3.43 3.87 5.44 6.32 6.38 6.86 7.40 7.99 0.00 3.87 6.18 0.00 5.21 6.19 0.00 5.15 0.00 2.48 3.15 0.00 4.25 5.34 6.20 5.43 4047938
4.73 3.08 2.93 4.37 7.05 7.73 3.56 4.21 3.43 3.87 5.44 6.32 6.38 6.84 7.41 7.98 2.65 3.88 6.19 0.00 5.22 6.20 0.00 5.15 0.00 2.48 3.14 0.00 4.27 5.34 6.21 5.43 4061028
4.72 3.07 2.94 4.37 7.05 7.74 3.57 4.25 3.43 3.87 5.42 6.31 6.38 6.84 7.42 7.98 2.69 3.84 6.20 0.00 5.23 6.15 0.00 5.13 0.00 2.49 3.15 0.00 4.26 5.34 6.20 5.44 4074118
4.72 3.07 2.94 4.37 7.06 7.73 3.57 4.24 3.42 3.86 5.44 6.32 6.38 6.86 7.40 7.99 2.66 3.84 6.20 0.00 5.22 6.11 0.00 5.13 0.00 2.49 3.16 0.00 4.25 5.33 6.21 5.44 4087208