0.00 3.09 3.17 0.00 7.04 7.76 0.00 6.45 2.52 3.21 4.47 4.88 5.19 6.45 8.15 7.53 2.03 3.54 6.24 8.60 4.39 4.80 0.00 4.83 0.00 6.13 7.48 6.02 6.12 6.07 4.54 4.40 12312125
0.00 3.09 3.19 0.00 0.00 7.76 0.00 6.00 2.51 3.22 4.48 4.87 5.31 6.46 8.14 7.54 0.00 3.50 6.40 8.60 4.39 4.80 0.00 4.79 0.00 6.04 7.45 6.09 6.16 5.93 4.56 4.41 12325215
0.00 3.07 3.18 0.00 0.00 7.77 0.00 6.37 2.51 3.22 4.48 4.87 5.35 6.46 7.87 7.54 0.00 3.54 6.21 8.58 4.40 4.80 0.00 4.92 0.00 0.00 7.28 6.05 6.21 5.93 4.58 4.48 12338305
0.00 3.08 3.19 0.00 7.03 7.77 0.00 6.38 2.71 3.24 4.47 4.87 5.36 6.46 7.59 7.54 0.00 3.52 6.23 8.57 4.40 4.81 0.00 4.95 0.00 5.68 7.58 6.17 6.19 5.88 4.57 4.40 12351395
0.00 3.08 3.18 0.00 0.00 7.76 0.00 6.10 2.72 3.24 4.49 4.87 5.35 6.44 7.46 7.53 0.00 3.56 6.56 8.59 4.40 4.81 0.00 4.98 0.00 0.00 7.24 6.16 6.10 5.89 4.56 4.40 12364485
0.00 3.07 3.18 0.00 6.65 7.77 0.00 6.13 2.73 3.19 4.49 4.86 5.17 6.45 7.73 7.53 0.00 3.55 6.32 8.54 4.40 4.81 0.00 4.92 0.00 5.64 7.39 5.71 6.10 5.90 4.57 4.40 12377575
0.00 3.07 0.00 0.00 6.78 7.77 0.00 6.11 2.55 3.16 4.50 4.83 5.15 6.45 7.43 7.55 0.00 3.63 6.30 8.59 4.39 4.80 0.00 4.79 0.00 5.71 7.35 5.85 6.15 5.90 4.57 4.40 12390665
0.00 3.07 3.22 4.52 6.78 7.76 0.00 6.10 2.49 3.14 4.49 4.90 5.21 6.46 7.43 7.72 0.00 3.51 6.27 8.88 4.35 4.81 0.00 4.77 0.00 0.00 7.44 0.00 6.11 5.90 4.66 4.47 12403755
0.00 2.93 3.26 4.86 6.75 7.76 0.00 6.11 2.52 3.32 4.56 4.85 5.22 6.79 7.61 0.00 0.00 3.57 6.28 7.90 4.40 4.80 10.70 4.96 0.00 5.64 7.43 0.00 6.09 5.89 4.59 4.43 12416846
0.00 3.08 3.21 0.00 6.74 7.77 0.00 6.10 2.71 3.14 4.43 5.58 5.22 6.63 7.58 0.00 0.00 3.58 6.29 8.05 4.70 4.81 0.00 4.78 0.00 5.46 7.43 0.00 6.14 5.88 4.78 4.43 12429935
0.00 2.96 3.37 0.00 6.75 7.77 0.00 6.10 2.57 3.30 4.52 4.88 5.15 6.54 7.62 0.00 0.00 3.64 6.62 7.98 4.32 4.91 0.00 4.95 0.00 5.98 7.61 6.29 6.16 6.12 4.55 4.39 12443025
0.00 2.98 3.35 4.56 6.72 7.78 0.00 6.06 2.57 3.17 4.38 4.92 5.68 6.63 7.76 8.01 2.83 3.50 6.29 8.19 4.35 4.83 0.00 4.95 0.00 5.60 7.71 6.29 6.25 6.28 5.28 4.39 12456115
0.00 3.05 3.24 0.00 6.80 7.82 0.00 6.36 2.49 3.16 4.46 5.42 5.31 6.45 0.00 7.59 2.69 4.08 6.15 8.31 4.33 4.87 10.51 5.03 0.00 5.64 7.42 0.00 0.00 0.00 4.58 4.58 12469206
0.00 3.02 3.32 4.44 6.64 7.83 0.00 6.09 2.51 3.09 4.53 5.05 5.58 6.49 7.42 8.05 2.79 3.58 6.16 8.27 4.41 4.83 0.00 4.97 0.00 5.51 7.54 5.68 6.30 5.93 4.56 4.41 12482295
5.55 3.04 3.82 4.37 6.74 7.75 3.80 6.15 2.60 3.15 4.34 4.94 5.12 6.48 7.62 7.53 2.53 3.54 5.95 8.63 4.39 4.82 10.55 4.97 0.00 5.32 7.67 5.92 6.14 5.99 4.60 4.37 12495386
0.00 2.94 3.31 4.64 6.67 7.73 0.00 5.81 2.30 3.16 4.44 5.00 5.10 6.41 7.48 7.53 0.00 3.46 5.91 8.43 4.28 0.00 10.50 4.95 0.00 5.29 7.63 6.22 6.26 6.03 4.59 4.39 12508476
0.00 3.04 3.18 4.39 6.58 7.74 0.00 6.27 2.55 3.07 4.46 4.94 5.25 6.32 7.52 0.00 0.00 3.84 6.32 8.06 4.38 5.52 10.68 4.78 0.00 0.00 7.57 0.00 6.29 5.98 4.71 4.43 12521566
0.00 3.06 3.18 4.64 6.54 7.73 0.00 6.40 2.74 3.20 4.59 5.15 5.26 6.26 7.52 7.68 0.00 3.87 6.12 8.37 4.45 4.95 10.48 5.19 0.00 5.39 7.50 0.00 6.37 5.84 4.59 4.44 12534656
0.00 3.00 3.21 4.43 6.88 7.69 4.01 6.27 2.53 3.15 4.49 5.00 5.46 6.50 7.46 7.60 0.00 3.94 6.19 8.15 4.41 5.51 10.58 4.94 0.00 5.63 7.65 5.68 6.50 6.04 4.63 4.40 12547746
0.00 3.08 3.23 3.49 6.57 7.88 0.00 5.83 2.50 3.07 4.49 5.04 5.28 6.38 7.69 7.45 2.45 3.61 6.49 8.14 4.41 4.88 10.72 4.11 0.00 5.52 7.72 5.45 6.21 5.63 4.67 4.45 12560836
0.00 3.04 3.19 3.94 6.62 7.68 0.00 5.86 2.57 3.09 4.51 5.04 5.06 6.28 7.52 7.56 2.34 3.73 6.23 7.99 4.55 4.82 10.64 0.00 0.00 5.70 7.60 5.31 6.27 5.86 4.71 4.51 12573926
0.00 2.94 3.22 3.83 6.53 7.77 3.78 5.78 2.60 3.28 4.51 5.44 5.08 6.31 8.01 7.50 2.57 3.46 6.26 8.27 4.47 4.86 10.67 4.61 0.00 6.15 7.71 5.54 6.12 5.59 4.74 4.48 12587016
0.00 3.07 3.23 4.44 6.54 7.75 3.35 4.06 2.60 3.10 4.51 5.54 5.09 6.22 7.51 7.67 2.47 3.65 6.38 8.09 4.57 5.06 10.49 5.30 0.00 5.33 7.73 0.00 5.88 5.51 4.68 4.49 12600106
0.00 3.08 3.29 4.57 6.50 7.85 3.57 5.62 2.39 3.19 4.51 5.16 5.32 6.08 7.44 7.42 0.00 4.10 6.32 8.25 4.64 5.39 10.68 5.19 0.00 5.55 8.27 6.09 5.72 6.03 4.81 4.79 12613196
0.00 3.09 3.27 4.43 6.49 7.72 3.47 4.78 2.43 3.18 4.61 5.20 5.21 6.49 7.45 7.57 0.00 3.48 6.27 8.62 4.56 4.82 10.22 4.51 0.00 0.00 7.92 5.52 5.55 5.64 4.74 4.44 12626286
0.00 3.06 3.34 3.77 6.39 7.82 2.98 4.83 2.70 3.30 4.80 5.19 5.31 6.12 8.04 7.80 2.57 3.38 6.35 8.34 4.68 4.83 0.00 4.02 0.00 5.55 6.03 5.26 5.47 5.62 3.44 4.56 12639375
0.00 3.06 3.40 3.47 6.33 4.39 3.46 4.95 2.53 3.19 4.58 5.26 3.40 4.69 7.49 2.43 2.60 3.36 6.29 7.84 4.71 4.78 0.00 4.96 0.00 5.81 7.69 5.63 5.56 5.14 4.73 4.92 12652465
0.00 3.77 3.37 4.40 4.18 5.33 2.78 3.22 2.40 2.53 4.83 5.28 5.70 6.28 7.73 7.60 2.03 3.78 6.31 8.08 4.24 4.78 9.57 4.62 0.00 5.86 7.71 5.25 5.14 5.28 4.82 4.56 12665555
5.47 3.09 3.46 4.50 5.05 3.83 2.68 4.47 2.48 2.43 4.64 5.37 3.51 5.64 7.43 8.13 0.00 3.32 6.49 8.17 4.76 4.86 9.29 4.97 0.00 5.73 7.87 0.00 4.47 4.67 4.84 4.66 12678645
0.00 2.97 3.70 2.85 6.34 5.27 3.07 4.39 2.40 2.59 4.70 5.47 5.88 3.29 7.41 7.57 2.22 2.87 5.46 8.37 4.80 0.00 7.62 4.20 0.00 0.00 7.90 3.02 4.03 4.78 4.78 4.65 12691735
0.00 3.08 3.61 4.03 6.34 4.68 3.35 3.39 2.41 3.31 4.61 3.97 5.39 3.98 3.17 7.75 2.67 3.25 5.44 8.08 4.82 4.88 10.87 4.67 0.00 5.96 8.24 4.97 3.27 4.21 4.30 4.79 12704826
5.59 2.94 3.67 2.72 6.40 3.38 2.56 2.96 2.41 3.08 4.89 5.40 5.45 3.82 4.49 2.94 2.50 3.35 3.03 8.12 5.00 4.89 5.73 5.32 0.00 0.00 6.07 4.84 4.01 4.56 3.54 4.94 12717915
0.00 2.87 3.70 2.43 5.97 3.42 3.34 3.32 2.36 3.01 4.92 4.43 3.75 3.86 7.76 7.75 2.66 3.24 3.06 8.42 4.90 0.00 6.65 5.38 0.00 5.60 7.28 4.47 3.83 4.58 3.48 4.95 12731005
0.00 3.07 3.86 3.46 4.16 4.46 3.41 3.69 2.21 3.32 3.73 5.72 5.85 2.70 7.62 7.75 2.08 3.24 6.48 8.12 4.95 4.91 10.69 4.61 0.00 4.50 4.92 3.87 3.11 4.10 2.56 4.76 12744096
3.77 3.04 3.90 2.79 4.45 3.85 2.29 3.00 2.46 2.74 4.27 5.66 3.55 3.24 7.49 0.00 2.76 3.51 5.90 0.00 3.28 4.85 2.72 5.16 0.00 0.00 6.16 3.85 3.54 4.32 3.61 4.29 12757185
0.00 3.08 3.82 2.39 3.99 2.72 2.98 2.93 2.39 2.87 5.04 5.72 4.06 2.58 2.04 6.63 0.00 3.45 3.51 8.11 2.52 4.82 5.59 4.07 0.00 5.88 5.21 4.32 3.46 4.25 4.21 5.01 12770275
0.00 3.43 3.97 2.80 5.86 4.71 3.35 3.06 2.30 2.53 5.01 5.96 5.42 2.75 7.16 6.00 2.60 3.55 3.29 7.39 2.61 0.00 3.36 2.25 0.00 6.34 6.34 3.39 3.97 4.03 5.17 5.22 12783365
0.00 3.07 4.03 3.05 5.53 3.83 2.77 2.79 2.52 2.91 5.07 5.81 5.43 2.52 7.51 7.79 2.03 3.39 5.79 8.35 4.16 4.79 3.69 3.97 0.00 4.86 4.95 3.51 2.41 2.71 5.09 5.01 12796455
0.00 2.98 4.04 2.17 2.56 5.18 3.56 2.92 2.31 3.30 5.03 6.02 2.89 4.56 7.46 5.44 2.02 3.53 6.33 8.20 2.93 5.39 2.49 4.09 0.00 0.00 7.03 0.00 3.59 4.28 4.35 4.97 12809545
0.00 2.95 3.99 2.57 5.85 5.00 3.37 3.03 2.58 3.61 5.22 5.88 5.46 4.10 0.00 7.88 2.34 3.53 4.75 8.36 5.14 4.66 3.77 3.76 0.00 5.77 2.54 3.05 3.28 4.27 5.19 5.21 12822635
0.00 3.04 4.63 3.67 5.98 5.36 3.49 2.77 2.38 2.40 5.14 5.97 4.99 3.41 7.47 0.00 2.01 3.50 5.12 8.32 5.21 4.77 3.48 4.64 0.00 6.10 7.87 3.27 3.64 4.30 5.04 5.08 12835725
0.00 2.91 3.90 4.55 5.92 4.08 3.46 2.62 2.54 3.21 4.45 5.86 5.75 6.05 7.30 2.60 2.09 3.45 4.15 8.40 5.17 4.57 7.28 3.88 0.00 6.00 7.47 2.92 3.59 4.20 4.54 5.22 12848815
5.41 3.06 3.83 3.28 6.27 5.11 3.36 2.65 2.70 2.60 5.38 5.95 5.60 2.88 7.30 7.93 2.14 3.46 6.48 8.50 5.14 0.00 7.25 5.73 0.00 5.88 5.99 3.27 3.63 4.05 5.20 5.69 12861905
0.00 2.90 3.79 5.28 5.80 5.80 3.21 2.68 2.65 3.13 5.38 6.01 5.86 6.49 7.44 7.81 0.00 3.36 6.62 8.64 3.45 4.57 10.39 4.75 0.00 5.63 7.77 2.90 3.55 4.30 5.36 5.22 12874996
0.00 2.94 3.74 3.17 5.75 5.56 3.54 2.56 2.67 3.55 5.33 6.07 6.03 6.45 7.41 7.84 0.00 3.56 3.10 8.45 5.31 4.56 3.84 4.34 0.00 0.00 7.73 2.79 3.40 4.21 3.56 5.56 12888085
0.00 2.97 3.76 3.16 5.75 5.54 3.38 2.71 2.46 3.27 5.36 6.04 5.36 6.63 7.42 7.94 0.00 3.58 4.68 8.39 5.16 4.58 7.60 4.69 0.00 6.32 7.61 2.82 3.71 4.25 5.45 5.31 12901175
5.68 3.08 3.78 2.77 5.82 5.51 3.36 2.57 2.71 3.35 5.62 6.20 5.62 6.53 7.21 7.91 2.76 3.57 6.60 8.59 5.29 4.61 0.00 5.12 0.00 5.81 7.86 2.90 3.69 4.16 5.52 5.26 12914265
5.42 2.96 3.82 3.08 0.00 5.41 3.33 2.52 2.93 3.66 5.40 5.98 5.40 6.63 7.55 7.99 2.23 3.50 6.63 8.40 5.47 4.59 10.30 4.45 0.00 6.50 7.71 2.85 3.57 4.11 5.60 5.46 12927356
0.00 3.07 3.70 2.89 5.91 5.38 3.36 2.55 2.67 3.52 5.97 6.11 5.37 6.55 7.43 8.13 2.04 3.68 6.58 9.05 5.18 5.09 10.39 5.67 0.00 5.98 7.47 2.75 3.59 4.19 5.52 5.66 12940446
0.00 3.03 3.71 3.36 6.09 5.38 3.32 2.53 2.61 3.76 5.41 6.11 5.48 6.50 7.87 8.09 0.00 3.74 6.73 0.00 5.27 0.00 10.21 5.22 0.00 6.24 7.48 2.78 3.53 4.11 5.73 5.28 12953536
0.00 2.94 4.10 3.36 5.75 5.38 3.27 2.45 2.61 3.05 5.38 6.21 6.16 6.51 7.36 7.91 2.56 3.66 6.65 8.55 5.26 4.62 0.00 4.72 0.00 5.87 7.48 2.85 3.62 4.21 5.66 5.31 12966625
0.00 3.18 3.71 3.69 6.34 5.38 3.32 2.61 2.68 3.63 5.36 6.08 5.79 6.56 7.45 7.87 2.32 4.24 6.82 8.41 5.20 4.36 0.00 5.38 0.00 6.17 7.50 2.94 3.63 4.21 5.66 5.41 12979715
0.00 3.03 3.71 3.02 5.76 5.41 3.32 2.48 2.61 3.25 5.50 6.13 5.55 6.54 7.33 7.87 0.00 4.51 7.35 8.47 5.17 5.25 10.51 4.84 0.00 5.78 7.45 2.81 3.58 4.18 5.54 5.26 12992806
0.00 2.97 3.73 4.82 5.73 5.41 3.33 2.48 2.62 3.65 5.47 6.03 5.51 6.54 7.46 8.44 0.00 3.76 6.78 8.48 5.18 5.13 10.46 5.36 0.00 5.87 7.35 2.87 3.71 4.21 5.71 5.32 13005896
0.00 2.99 3.94 2.88 5.92 5.47 3.36 2.46 2.61 3.59 5.52 6.14 5.49 7.04 7.67 7.92 0.00 3.78 6.71 8.65 5.26 0.00 0.00 5.08 0.00 6.19 7.47 2.85 3.65 4.25 5.53 5.65 13018985
0.00 3.00 3.75 3.42 5.85 5.37 3.34 2.49 2.57 3.71 5.58 6.08 5.73 6.71 7.42 0.00 0.00 3.85 6.81 8.63 5.26 4.29 0.00 4.76 0.00 5.99 7.33 2.76 3.72 4.92 5.57 5.40 13032075
0.00 2.99 3.67 3.38 5.84 5.36 3.34 2.43 2.62 3.60 5.48 6.10 5.55 6.50 7.51 8.27 0.00 3.80 6.12 8.66 5.23 4.38 9.72 5.22 0.00 5.81 7.41 3.52 3.59 0.00 5.52 5.35 13045165
0.00 3.15 3.71 3.31 6.16 5.35 3.30 2.57 2.55 3.66 5.59 6.38 5.35 6.51 7.46 7.99 0.00 3.70 6.32 8.48 5.21 0.00 0.00 4.40 0.00 0.00 7.39 2.75 3.60 4.27 5.53 5.44 13058255
0.00 2.96 3.81 3.36 5.84 5.35 3.30 2.48 2.56 3.62 5.35 6.14 5.80 6.48 7.47 7.83 0.00 3.72 6.42 8.46 5.18 0.00 10.97 3.98 0.00 5.83 7.38 2.78 3.65 4.16 5.55 5.39 13071346
0.00 3.03 3.67 3.94 5.82 5.33 3.30 2.42 2.53 3.67 5.45 6.07 5.37 6.72 7.31 7.78 0.00 3.78 6.17 8.48 5.20 0.00 0.00 3.89 0.00 0.00 7.29 2.91 3.76 4.14 5.61 0.00 13084435
0.00 3.14 3.65 0.00 5.80 5.38 3.32 2.36 2.55 3.55 5.51 6.16 5.75 6.75 7.34 0.00 2.87 3.76 6.40 8.50 5.21 4.57 10.96 3.95 0.00 5.98 7.32 3.43 3.79 4.18 5.59 5.45 13097526
0.00 3.00 3.67 5.13 6.07 5.48 3.42 2.56 2.54 3.73 5.46 6.06 5.40 6.61 7.99 7.82 0.00 3.88 6.81 8.49 5.24 4.52 0.00 3.99 0.00 5.69 7.39 3.35 3.61 4.16 5.78 5.48 13110615
0.00 2.94 3.73 5.62 6.11 5.50 3.31 2.32 2.54 3.70 5.40 0.00 5.76 6.63 7.57 8.08 0.00 3.90 6.66 8.49 5.17 0.00 10.99 4.05 0.00 5.71 7.38 2.87 3.59 4.25 5.79 5.45 13123706
0.00 2.99 3.67 3.27 5.98 5.39 3.35 2.26 2.51 3.65 5.38 6.22 5.37 6.58 7.32 7.97 2.47 3.86 6.68 8.47 5.19 4.48 10.96 4.50 0.00 5.63 7.46 3.06 3.66 4.17 5.57 0.00 13136796
0.00 2.95 3.67 0.00 5.91 5.19 3.31 2.44 2.47 3.55 5.50 6.85 5.38 6.53 7.37 7.99 2.69 3.77 6.64 8.53 5.20 4.58 9.71 3.99 0.00 6.06 7.42 2.74 3.60 4.14 5.69 5.42 13149885
0.00 2.90 3.73 0.00 5.95 5.15 3.29 2.40 2.47 3.71 5.55 6.18 5.51 6.53 7.33 8.52 0.00 3.74 6.68 8.91 5.19 4.52 10.94 4.30 0.00 5.75 7.35 2.98 3.68 4.16 5.65 5.46 13162976
0.00 2.91 3.69 0.00 5.89 5.18 3.33 2.41 2.50 3.72 5.44 6.06 5.64 6.54 7.41 7.90 0.00 3.93 6.65 8.52 5.17 4.30 0.00 4.57 0.00 6.35 7.30 2.86 3.69 4.28 5.78 5.49 13176065
0.00 2.99 3.78 4.81 5.89 5.23 3.36 2.47 2.56 3.66 5.43 6.08 5.46 6.56 7.51 7.96 2.62 3.87 6.91 8.75 5.17 0.00 10.98 4.59 0.00 6.24 7.32 2.85 3.74 4.20 5.72 6.00 13189156
0.00 3.06 3.84 5.46 5.91 5.30 3.27 2.52 2.51 3.65 5.54 6.18 5.78 6.70 8.02 7.96 0.00 3.78 6.74 8.53 5.16 0.00 10.90 4.61 0.00 5.97 7.71 3.14 3.79 4.26 5.91 5.46 13202246
0.00 3.04 3.78 3.46 5.93 5.36 3.35 2.42 2.52 3.77 5.48 6.10 5.78 6.49 7.75 7.86 2.01 3.83 6.88 9.07 5.15 4.49 10.94 4.54 0.00 5.72 7.50 2.97 3.72 4.19 5.71 5.52 13215336
0.00 3.00 3.75 5.09 5.77 5.35 3.36 2.47 2.52 3.29 5.49 6.11 5.73 6.58 7.51 7.86 0.00 3.49 6.25 8.60 5.24 4.38 10.31 0.00 0.00 5.92 7.72 2.86 3.71 4.23 5.65 5.48 13228426
0.00 3.07 3.75 3.80 5.79 5.13 3.29 2.40 2.51 3.05 5.53 6.25 5.68 5.22 7.28 7.89 2.73 3.41 6.66 0.00 0.00 4.33 9.81 4.90 0.00 5.98 7.41 3.02 2.19 4.31 5.79 5.58 13241515
0.00 3.22 3.91 3.31 5.78 5.14 3.24 2.44 2.55 3.62 5.58 6.37 5.67 6.48 7.43 8.26 2.62 3.35 6.78 8.73 5.27 4.25 0.00 4.29 0.00 5.58 7.51 3.05 3.70 4.29 5.94 5.67 13254605
0.00 2.95 3.83 2.87 5.62 5.30 3.26 2.47 2.65 3.64 5.70 6.27 5.78 6.62 7.29 8.01 2.95 3.57 6.78 8.66 5.22 4.15 7.76 0.00 0.00 5.74 7.29 3.11 3.70 4.25 6.02 5.67 13267695
0.00 3.08 3.84 3.20 5.46 5.18 3.05 2.54 2.42 3.61 5.63 6.85 5.76 6.40 7.43 7.87 2.74 3.49 6.25 0.00 5.27 0.00 9.76 4.04 0.00 5.82 7.90 2.95 3.85 5.08 5.79 5.63 13280785
0.00 3.05 3.84 3.75 5.57 5.08 3.35 2.39 2.53 3.72 5.55 6.27 5.74 5.87 7.07 8.01 3.04 3.68 6.84 8.51 5.16 0.00 10.97 0.00 0.00 6.11 7.71 3.04 3.63 4.36 5.70 6.40 13293876
0.00 2.89 3.81 3.18 5.36 4.20 3.34 2.60 2.65 3.51 5.79 6.28 5.89 7.14 7.26 8.27 2.31 3.34 6.76 8.62 5.25 4.87 10.58 5.22 0.00 5.73 7.50 3.69 3.79 4.30 6.01 6.43 13306966
0.00 3.13 3.83 3.09 5.23 4.91 3.31 2.53 2.56 2.63 5.70 6.36 5.82 5.79 7.31 7.98 2.16 3.31 6.79 8.88 5.27 4.20 9.79 0.00 0.00 5.78 7.11 3.14 3.73 4.37 5.90 5.88 13320055
0.00 3.83 3.91 2.23 5.22 4.93 3.30 2.60 2.50 3.57 4.75 6.39 5.75 4.56 7.53 8.24 2.02 3.45 6.96 8.63 5.35 4.12 10.17 4.90 0.00 6.28 7.37 3.28 3.77 4.38 5.84 5.75 13333146
0.00 3.07 3.91 5.00 5.45 4.90 3.30 2.48 2.60 3.06 5.70 6.83 6.04 6.39 7.51 7.89 0.00 3.36 6.76 8.47 5.24 4.06 0.00 2.84 0.00 5.78 7.38 3.00 3.85 4.57 6.29 5.81 13346235
0.00 3.13 3.96 0.00 5.17 4.82 3.27 2.71 2.68 3.38 5.72 6.47 6.13 4.01 7.52 7.98 2.19 3.32 7.13 8.48 5.21 4.08 0.00 4.73 0.00 5.71 7.34 3.18 3.80 4.38 5.50 5.88 13359325
0.00 2.95 3.97 0.00 5.54 4.82 3.22 2.49 2.72 2.59 5.99 6.54 6.12 5.44 7.28 7.88 2.95 3.36 6.79 9.24 5.43 4.15 0.00 5.91 0.00 0.00 7.70 3.71 3.92 4.17 5.96 5.82 13372415
0.00 2.96 3.99 4.23 5.03 4.87 3.21 2.60 2.72 3.37 5.91 6.83 6.10 6.81 7.32 7.86 2.82 3.46 6.61 8.57 5.20 0.00 10.02 5.38 0.00 5.68 7.15 3.23 3.77 4.47 6.00 5.96 13385506
0.00 2.97 3.93 3.92 4.95 4.77 3.18 2.46 2.73 3.77 5.55 7.07 6.11 6.56 5.68 8.00 2.04 3.60 6.75 8.53 5.25 3.96 0.00 5.74 0.00 5.81 6.33 3.09 3.95 4.45 6.00 5.76 13398595
0.00 3.01 4.05 3.46 5.18 4.25 3.48 2.53 2.72 3.32 5.81 6.60 6.03 7.15 7.83 7.88 2.27 3.59 6.82 8.49 5.25 4.07 9.74 5.49 0.00 0.00 8.04 3.40 3.86 4.44 5.92 5.82 13411685
0.00 2.92 3.99 0.00 4.58 4.44 3.32 2.47 2.79 3.61 5.90 6.77 6.12 5.47 7.33 7.87 2.96 3.60 6.72 8.69 5.25 4.06 10.16 0.00 0.00 5.95 7.28 2.98 3.89 4.39 6.04 0.00 13424776
0.00 3.01 4.02 5.43 4.72 4.44 3.30 2.46 2.79 3.41 5.93 6.66 5.96 5.90 7.20 7.84 2.01 3.27 6.60 8.96 5.25 4.15 10.23 4.43 0.00 5.98 7.35 3.17 3.88 4.41 6.15 5.82 13437866
0.00 3.13 4.03 2.66 4.70 4.42 3.36 2.49 2.86 2.93 6.02 0.00 6.11 3.06 7.27 7.82 0.00 3.51 6.81 8.79 5.22 4.09 10.39 5.10 0.00 5.84 7.44 3.15 3.92 4.39 6.07 5.79 13450956
0.00 3.19 3.96 3.02 4.54 4.39 3.33 2.50 2.84 3.91 5.84 6.73 6.11 6.69 7.24 7.80 2.72 3.42 6.77 9.40 5.20 4.53 10.35 0.00 0.00 5.83 7.26 3.46 3.88 4.45 5.90 0.00 13464046
0.00 2.96 4.02 3.71 4.50 4.26 3.32 2.46 2.86 3.95 5.73 7.00 6.32 6.66 7.15 7.98 2.04 0.00 6.63 8.62 5.19 4.15 10.43 0.00 0.00 5.84 7.34 2.97 3.88 4.43 5.99 6.06 13477136
0.00 2.98 3.91 3.06 4.31 4.28 3.29 2.51 2.94 3.93 5.88 0.00 6.19 6.66 7.19 7.78 2.75 3.56 6.70 8.49 5.22 0.00 0.00 5.07 0.00 5.82 7.20 3.52 3.80 4.43 5.97 5.77 13490225
5.55 3.12 3.97 2.33 4.27 4.20 3.30 2.57 3.04 3.53 5.84 6.72 6.22 6.70 7.25 7.73 2.13 3.66 6.80 8.51 5.21 4.15 10.08 0.00 0.00 5.76 7.19 3.14 3.84 4.41 6.03 0.00 13503316
0.00 2.98 4.40 2.93 4.24 4.35 3.39 2.34 2.92 3.97 6.02 6.98 6.10 5.86 7.32 7.83 2.29 3.79 6.70 0.00 5.22 0.00 10.59 0.00 0.00 5.66 7.24 3.34 3.95 4.44 6.44 6.09 13516406
0.00 2.98 3.95 2.96 4.45 4.13 3.36 2.37 2.96 2.78 5.98 6.73 5.88 6.63 7.17 7.79 0.00 3.60 7.20 8.65 5.21 4.60 0.00 4.43 0.00 5.91 7.29 2.98 3.88 4.42 5.96 5.85 13529495
0.00 3.00 4.07 5.36 4.49 4.09 3.33 2.32 3.02 3.60 5.88 6.71 6.15 6.70 0.00 8.17 2.00 3.75 6.88 9.10 5.24 4.29 10.48 0.00 0.00 5.79 7.17 3.02 3.86 4.43 6.06 0.00 13542586
0.00 3.18 3.97 2.69 4.48 4.06 3.38 2.34 2.95 4.03 6.14 7.46 0.00 6.57 7.12 8.18 2.78 3.72 6.90 8.58 5.25 4.07 10.63 5.41 0.00 6.04 7.19 3.05 3.95 4.76 5.93 0.00 13555676
0.00 3.14 3.96 3.44 4.61 4.04 3.42 2.36 2.94 3.87 5.92 7.16 6.30 6.73 7.20 7.81 2.11 3.64 6.86 8.71 5.23 4.32 0.00 5.48 0.00 5.67 7.05 3.12 3.86 4.45 6.09 5.83 13568765
0.00 3.12 4.09 3.16 4.32 4.02 3.31 2.41 2.99 3.97 5.81 0.00 5.89 6.81 7.17 7.72 2.13 3.73 6.88 9.17 5.23 4.07 9.77 0.00 0.00 5.69 7.25 2.98 3.94 4.61 5.92 5.93 13581855
0.00 3.03 3.98 5.23 4.09 3.95 3.40 2.32 3.00 3.86 6.33 6.80 5.95 6.58 7.12 7.61 2.99 3.78 0.00 8.74 5.23 4.77 0.00 0.00 0.00 5.64 7.18 3.07 3.88 4.54 6.00 5.88 13594945
0.00 2.97 3.97 3.33 4.19 4.18 3.31 2.27 2.96 3.83 6.01 6.93 5.77 6.60 0.00 7.65 2.96 3.70 6.93 8.56 5.22 0.00 10.67 0.00 0.00 5.54 7.43 3.09 3.88 4.41 5.88 5.87 13608036
0.00 2.97 3.99 3.29 4.25 4.36 3.33 2.30 3.03 3.85 5.88 6.80 0.00 6.56 7.46 7.69 0.00 3.76 6.92 8.80 5.23 0.00 10.65 0.00 0.00 0.00 7.18 3.28 3.89 4.47 6.10 5.88 13621126
0.00 2.95 3.96 5.10 4.11 4.31 3.28 2.33 3.15 3.82 5.91 6.83 0.00 6.56 7.36 7.71 2.01 3.76 6.98 8.56 5.22 4.11 10.74 0.00 0.00 0.00 7.34 3.19 3.96 4.44 5.88 5.92 13634216
0.00 3.03 4.07 5.70 4.15 4.22 3.31 2.30 3.00 3.88 5.75 7.34 6.12 6.61 7.21 7.66 2.13 3.83 0.00 0.00 5.25 4.09 10.65 0.00 0.00 5.84 7.26 3.03 4.24 4.51 5.92 5.89 13647306
0.00 2.91 4.06 0.00 4.06 4.34 3.39 2.29 3.00 4.05 5.88 6.78 6.34 6.60 7.22 7.63 2.17 3.78 6.95 9.35 5.24 4.13 10.74 0.00 0.00 0.00 7.24 3.15 3.88 4.57 6.05 5.82 13660396
0.00 3.00 3.94 3.09 4.18 4.41 3.37 2.28 3.14 3.85 5.77 6.90 5.92 6.62 7.19 7.65 2.15 3.78 6.93 8.75 5.23 4.07 10.76 0.00 0.00 0.00 7.15 2.99 3.91 4.45 5.94 0.00 13673486
0.00 2.93 3.96 5.71 4.21 4.33 3.36 2.35 3.04 3.91 5.87 6.78 5.94 6.65 7.20 7.70 2.15 3.85 7.20 8.74 5.24 4.25 10.57 0.00 0.00 5.69 7.13 2.97 3.93 4.49 0.00 5.88 13686576
0.00 2.96 3.97 0.00 4.28 4.37 3.34 2.29 2.97 3.97 5.90 7.07 5.90 6.64 7.12 7.67 2.07 3.95 6.98 8.66 5.22 0.00 10.28 0.00 0.00 0.00 7.14 3.07 3.92 4.43 6.03 5.86 13699666
0.00 2.89 4.33 0.00 4.06 4.23 3.33 2.33 3.02 4.02 5.92 6.84 6.07 6.63 7.39 7.71 2.20 3.91 6.96 8.79 5.24 4.23 10.23 5.22 0.00 5.57 7.31 3.11 3.98 4.58 6.11 5.82 13712756
0.00 3.10 4.01 0.00 0.00 4.02 3.33 2.36 3.00 3.89 5.81 7.03 5.97 6.65 7.34 7.62 2.76 3.70 6.95 8.64 5.24 4.17 10.72 0.00 0.00 5.55 7.41 3.30 3.94 4.55 5.95 5.96 13725846
0.00 3.16 4.05 0.00 4.08 3.99 3.33 2.33 3.28 3.97 5.82 6.84 0.00 6.62 7.13 7.63 2.70 4.29 7.06 8.73 5.24 4.79 10.22 0.00 0.00 5.73 7.29 3.04 3.96 4.54 5.95 5.95 13738936
0.00 3.12 4.05 0.00 0.00 3.97 3.33 2.46 3.01 4.09 5.87 6.81 5.97 6.66 7.24 7.64 2.53 3.83 7.15 8.60 5.27 4.13 10.48 0.00 0.00 5.83 7.28 0.00 4.00 4.53 5.93 5.83 13752026
0.00 2.96 4.08 0.00 3.91 3.92 3.40 2.50 3.13 3.94 5.97 6.77 5.92 6.67 7.19 7.62 2.17 3.82 0.00 8.57 5.28 4.10 10.83 0.00 0.00 5.54 7.12 3.01 3.88 4.50 6.03 0.00 13765116
0.00 3.12 4.09 5.20 3.78 3.93 3.31 2.43 2.98 3.97 5.87 6.79 5.90 6.60 7.16 7.60 0.00 3.80 0.00 8.63 5.26 4.08 10.53 5.52 0.00 5.59 7.18 3.02 4.02 4.48 6.01 5.84 13778206
0.00 3.03 3.97 5.16 3.85 3.80 3.35 2.27 3.05 3.97 5.82 6.77 0.00 6.58 7.16 7.58 2.15 3.80 6.62 8.64 5.28 4.18 0.00 5.40 0.00 5.89 7.15 3.38 3.89 4.73 5.99 6.03 13791295
0.00 2.96 4.06 3.32 3.86 3.89 3.32 2.29 2.98 3.86 5.77 6.90 5.82 6.58 7.19 7.60 2.22 3.82 7.12 8.62 5.27 0.00 10.53 0.00 0.00 5.91 7.22 0.00 3.94 4.80 6.10 5.89 13804386
0.00 3.00 4.03 5.09 3.80 3.93 3.72 2.43 3.03 3.97 5.76 7.47 6.00 6.57 7.18 8.27 2.04 3.76 6.94 8.62 5.28 4.24 10.61 4.69 0.00 5.62 7.21 3.32 3.90 4.53 6.17 0.00 13817476
0.00 3.04 3.99 0.00 3.84 3.82 3.28 2.44 3.10 4.04 5.65 0.00 5.93 6.56 5.49 7.65 0.00 3.64 6.92 8.53 5.28 4.12 10.60 5.05 0.00 5.57 7.14 3.20 3.96 4.50 6.09 6.15 13830566
0.00 3.08 4.04 3.09 3.88 4.03 3.39 2.35 3.13 3.98 6.07 6.94 5.97 6.51 7.27 7.58 2.83 3.50 7.07 8.73 5.34 4.07 10.58 5.18 0.00 5.70 7.30 3.36 3.91 4.49 0.00 6.06 13843656
0.00 3.06 0.00 0.00 3.73 3.96 3.34 2.40 3.27 4.04 5.70 6.82 5.96 2.52 7.12 7.55 0.00 3.56 6.54 8.59 5.35 4.15 0.00 4.88 0.00 5.67 7.06 3.26 3.88 4.47 6.04 0.00 13856745
0.00 3.13 4.04 3.31 3.95 3.75 3.29 2.53 3.18 3.72 5.98 0.00 5.86 6.46 7.11 7.62 0.00 3.64 6.52 8.90 5.33 4.19 0.00 0.00 0.00 6.10 7.24 3.22 3.99 4.50 6.07 5.79 13869835
0.00 3.09 4.10 5.42 3.87 3.61 3.35 2.55 3.19 4.27 6.21 6.90 5.70 6.40 7.05 8.10 2.70 3.40 7.02 8.56 5.16 4.58 0.00 4.86 0.00 5.92 7.21 3.13 4.03 4.41 5.94 6.19 13882925
0.00 3.06 4.10 2.56 3.59 3.13 3.39 2.67 3.39 4.21 5.91 6.90 5.96 6.51 7.26 7.87 2.02 3.43 6.71 8.68 5.13 4.39 9.17 0.00 0.00 5.73 7.25 3.26 3.96 4.48 5.90 5.84 13896015
0.00 3.03 4.16 2.69 3.41 3.61 2.48 2.75 2.89 3.17 3.66 7.00 5.77 4.05 7.62 7.18 2.85 3.45 6.52 8.80 5.00 4.25 10.55 4.27 0.00 6.37 7.17 3.15 4.06 4.40 4.79 0.00 13909106
0.00 3.06 4.11 3.17 3.11 3.13 3.03 2.71 3.47 2.47 5.87 7.10 5.69 4.40 6.81 7.41 2.09 3.52 6.60 8.60 4.96 4.28 3.87 4.66 0.00 5.72 7.25 3.18 4.02 4.52 5.59 5.81 13922195
5.29 2.96 4.28 2.72 3.22 3.17 2.93 2.90 3.61 2.58 5.94 6.98 5.58 3.92 6.40 5.26 0.00 3.55 6.50 8.61 2.78 4.35 3.98 4.82 0.00 5.89 7.17 3.12 4.10 3.74 5.65 5.76 13935285
0.00 3.11 4.19 2.39 3.15 3.37 3.37 3.10 3.53 3.21 3.08 7.10 5.32 2.70 6.05 6.75 3.05 3.50 2.15 8.65 4.93 4.21 6.51 0.00 0.00 5.64 7.12 3.21 4.11 4.42 4.21 5.82 13948375
0.00 2.82 4.35 2.79 3.21 3.21 2.79 2.99 3.45 2.38 4.73 5.46 5.09 4.07 5.81 6.34 3.02 3.51 6.39 5.89 3.19 4.21 4.85 4.56 0.00 5.72 5.59 4.01 4.25 4.41 3.97 5.89 13961465
0.00 3.08 4.28 3.01 3.21 3.03 3.14 2.90 3.97 2.71 2.64 6.98 3.68 3.75 5.46 3.64 2.27 3.47 5.29 8.90 4.59 4.69 2.15 2.25 0.00 0.00 7.25 3.31 4.15 4.75 4.23 6.43 13974555
5.51 3.08 3.99 2.35 3.15 3.21 2.41 2.98 3.05 2.47 5.90 7.53 4.42 3.27 5.69 5.72 2.07 2.78 6.38 8.90 3.97 4.15 5.07 3.05 0.00 5.55 4.72 3.70 3.96 3.56 5.41 4.03 13987645
0.00 2.44 4.21 2.95 3.21 3.11 2.83 3.32 2.71 2.68 4.60 7.07 4.39 3.52 4.18 4.86 2.37 3.07 3.29 8.81 4.05 4.33 3.72 2.18 0.00 6.29 3.26 3.58 4.23 4.53 2.87 4.96 14000735
3.18 3.19 4.65 2.37 3.26 3.26 3.05 3.38 2.64 2.81 3.52 5.99 2.89 2.37 5.03 4.48 2.10 3.32 4.05 8.92 3.20 4.23 4.30 4.56 0.00 5.82 5.67 3.54 3.39 4.05 3.28 3.35 14013825
0.00 2.56 4.32 2.18 2.81 2.46 2.55 3.26 2.34 2.80 2.73 2.47 4.33 2.63 4.10 5.91 2.90 3.41 4.99 5.03 2.25 4.47 3.35 3.64 0.00 5.52 5.22 3.42 3.93 4.72 3.71 5.85 14026915
2.82 2.29 4.73 2.17 3.65 2.99 2.56 2.96 2.85 2.82 2.34 2.57 3.51 2.89 4.07 2.75 2.56 2.82 4.82 8.72 2.23 4.38 3.35 2.41 0.00 5.89 5.07 3.61 3.16 2.53 3.59 5.84 14040005
3.70 2.28 3.16 2.81 3.37 2.73 2.74 2.51 2.49 2.45 3.34 4.69 3.62 3.37 4.13 4.17 2.13 3.67 3.17 8.94 2.54 3.75 4.27 2.61 0.00 5.67 3.41 4.02 4.33 4.02 2.83 3.53 14053095
5.20 2.76 4.42 2.76 2.69 2.51 2.36 3.05 2.44 2.60 2.25 2.79 3.84 2.64 2.31 2.30 2.12 3.59 3.07 2.28 2.68 4.13 2.70 3.31 0.00 3.34 6.78 4.02 3.97 2.22 3.51 3.65 14066185
0.00 2.67 4.28 2.60 2.99 2.79 2.80 2.47 2.17 2.34 2.20 3.14 2.51 3.33 3.51 3.64 2.49 3.66 2.57 3.69 3.12 3.46 2.19 2.64 0.00 3.16 3.32 2.61 3.44 4.16 3.05 2.83 14079275
3.69 2.28 2.89 2.27 3.46 2.42 2.65 3.99 2.47 2.14 2.69 2.21 2.36 2.13 4.35 4.96 2.41 2.44 2.94 4.02 3.01 4.24 2.24 2.64 0.00 2.93 3.21 4.08 3.00 4.57 2.89 2.63 14092365
3.11 2.75 3.57 2.79 2.70 2.49 2.25 3.42 2.61 2.62 3.25 3.51 2.70 2.21 3.68 2.56 2.65 3.26 2.51 2.60 2.65 0.00 2.80 2.55 0.00 3.73 2.72 4.51 2.60 2.34 3.22 3.28 14105455
2.77 2.37 3.77 2.25 3.71 2.58 2.35 2.28 2.51 2.48 2.40 2.56 2.70 4.49 5.03 3.62 2.57 2.63 2.29 2.60 2.99 2.12 3.19 2.72 0.00 0.00 2.91 2.19 3.91 3.68 2.35 3.00 14118545
2.48 2.93 3.69 2.40 2.87 2.48 2.69 2.24 2.33 2.43 2.67 2.13 2.23 2.65 3.16 2.55 2.03 2.85 2.70 2.18 2.81 3.26 2.67 2.72 0.00 2.94 3.32 4.43 3.07 4.23 2.39 4.04 14131635
0.00 2.90 3.73 2.49 2.99 2.64 3.02 3.76 2.76 2.40 2.23 2.48 4.55 2.84 4.90 2.41 2.85 3.20 2.26 3.61 2.48 4.65 2.22 2.30 0.00 3.66 3.11 3.35 3.26 2.29 2.32 3.72 14144725
3.42 2.73 4.14 2.41 3.83 3.13 2.67 3.80 2.55 2.11 2.37 2.52 2.55 2.75 2.13 3.71 2.13 2.56 2.43 2.23 3.49 4.58 3.60 3.56 0.00 2.42 2.68 2.49 2.34 2.34 2.96 3.55 14157815
2.79 2.97 3.60 2.46 3.45 2.66 2.66 2.51 2.61 2.69 3.36 2.94 5.36 2.48 4.56 2.35 2.20 4.00 2.79 8.24 3.16 4.60 2.63 3.06 0.00 3.62 3.17 3.79 2.68 2.59 2.51 3.71 14170905
3.27 2.67 3.79 2.35 3.09 2.47 3.06 3.55 2.23 2.46 2.86 5.59 2.30 3.33 2.42 3.06 0.00 2.43 3.65 3.79 2.66 0.00 2.75 3.07 0.00 2.42 3.49 2.38 3.20 2.58 3.25 4.41 14183995
5.53 2.55 3.81 2.69 2.28 2.50 3.02 5.29 2.77 2.23 5.26 3.18 4.07 2.38 3.06 2.30 2.08 2.58 2.32 3.18 2.55 4.74 2.49 2.33 0.00 2.51 2.98 4.73 2.59 3.40 2.46 3.68 14197085
2.29 2.60 4.52 2.16 4.20 2.36 2.83 5.42 2.79 2.60 4.24 2.85 2.67 2.46 6.51 3.19 2.06 3.41 2.84 2.23 2.70 4.47 2.29 3.62 0.00 5.03 2.77 3.05 2.60 3.22 3.23 2.91 14210175
2.75 2.58 3.38 2.28 3.42 2.33 3.22 3.44 2.42 2.60 3.47 4.16 2.35 2.52 0.00 2.63 2.33 3.24 5.86 2.75 2.79 4.36 2.70 2.15 0.00 5.48 2.28 5.15 3.54 2.82 2.42 3.58 14223265
0.00 2.88 4.26 2.11 3.69 2.88 2.42 4.75 2.64 3.08 2.56 4.48 4.25 3.13 6.42 2.86 2.59 2.62 2.36 0.00 2.55 4.64 2.74 2.52 0.00 5.11 2.41 4.88 3.86 4.18 3.89 3.40 14236355
2.74 2.47 4.94 2.30 3.71 3.59 2.73 4.54 2.22 3.55 3.10 6.05 0.00 2.31 7.05 2.34 2.01 3.79 4.39 6.74 3.49 4.40 2.25 0.00 0.00 3.12 2.37 4.80 2.96 2.47 3.62 3.83 14249445
5.06 3.09 4.62 2.31 2.33 2.57 3.05 5.19 2.21 2.26 3.63 2.45 2.44 2.70 3.03 2.54 2.36 3.30 2.92 7.92 3.16 4.81 2.45 2.31 0.00 5.08 4.42 4.99 3.09 2.94 2.80 3.65 14262535
5.47 2.50 3.44 2.55 3.93 3.59 2.80 2.90 3.48 2.45 5.23 6.77 2.40 3.75 6.13 2.49 2.27 3.33 2.44 6.33 2.75 4.32 2.56 0.00 0.00 4.99 2.95 5.06 2.96 3.28 3.01 3.29 14275625
5.45 2.94 4.73 2.59 3.93 2.88 3.41 4.73 5.02 2.50 4.92 7.03 5.77 2.92 7.69 5.20 2.13 3.30 3.90 2.58 2.65 2.25 3.31 3.33 0.00 3.33 4.72 4.09 3.54 3.03 3.05 3.49 14288715
5.40 2.95 4.44 2.69 3.97 3.79 3.25 5.15 2.80 2.55 3.39 3.55 6.18 3.33 3.46 6.11 2.11 2.36 2.44 4.49 2.72 4.18 2.37 2.75 0.00 4.63 4.23 5.43 4.50 2.06 2.91 3.24 14301805
5.43 3.06 4.47 2.83 3.95 3.51 3.20 4.88 4.14 2.84 6.88 6.97 5.95 2.82 8.17 3.77 2.66 3.61 5.22 4.28 3.29 4.41 3.44 2.76 0.00 4.70 3.43 5.20 5.45 3.30 3.19 3.29 14314895
5.65 3.15 4.60 2.56 3.95 3.76 2.61 5.07 2.49 2.99 4.13 4.96 0.00 6.12 3.45 0.00 0.00 3.24 4.44 0.00 3.34 4.40 3.25 3.26 0.00 4.62 3.24 3.91 5.03 4.68 3.16 3.27 14327985
5.40 3.02 4.44 2.99 3.64 2.96 3.42 4.08 3.12 4.13 6.13 6.75 3.16 2.97 8.07 2.57 0.00 2.88 3.95 8.02 2.81 4.29 3.07 4.37 0.00 5.19 2.87 5.28 2.97 5.48 3.05 3.28 14341075
5.40 3.14 4.76 2.75 3.65 3.36 3.00 4.53 2.84 3.24 6.60 6.89 0.00 2.58 2.72 2.27 0.00 3.27 2.74 7.67 3.08 4.24 2.61 2.14 0.00 4.39 3.98 5.73 3.33 3.35 2.48 3.20 14354165
4.45 2.93 4.69 2.66 3.92 3.00 3.03 5.65 5.22 3.07 6.54 6.63 6.00 3.52 8.84 0.00 2.96 3.18 3.06 7.74 3.19 0.00 3.12 3.97 0.00 4.55 3.03 5.28 3.74 5.41 3.15 3.74 14367255
5.56 3.07 4.63 2.45 3.36 3.64 2.79 4.64 4.21 3.59 6.89 6.60 5.87 6.29 8.08 7.81 2.07 3.52 2.14 7.73 3.32 4.28 2.43 4.85 0.00 4.35 5.17 5.34 3.17 4.71 2.84 3.19 14380345
5.18 2.97 4.73 2.60 3.91 3.34 3.36 5.58 2.24 4.21 6.96 0.00 4.34 3.85 7.86 5.23 2.83 3.38 5.78 7.61 3.31 4.25 3.10 4.29 0.00 4.42 5.24 0.00 3.40 5.58 3.13 3.21 14393435
5.34 2.92 4.29 2.83 3.53 2.95 3.51 5.16 5.19 2.58 6.92 6.50 0.00 4.29 8.13 0.00 2.05 3.43 4.62 7.90 3.19 4.38 2.97 2.63 0.00 4.68 5.31 5.63 4.82 5.40 3.35 3.12 14406525
4.92 3.06 4.73 2.87 3.48 3.59 3.41 5.20 5.03 2.52 5.59 6.67 2.25 6.96 7.67 7.01 2.16 3.58 4.92 8.52 3.18 4.39 2.22 2.56 0.00 4.54 5.28 5.27 5.79 4.73 3.13 3.12 14419615
5.14 2.94 4.71 2.78 3.47 3.42 3.21 4.75 0.00 5.11 6.98 6.59 0.00 4.17 8.10 0.00 2.03 3.27 2.97 0.00 3.16 4.72 2.64 4.61 0.00 4.35 5.37 5.30 5.95 5.34 3.10 3.24 14432705
4.99 3.07 5.02 2.54 3.54 3.21 3.32 5.44 2.87 2.85 7.10 6.71 4.64 3.62 7.65 3.14 2.86 2.38 4.84 8.25 3.34 4.28 4.96 3.26 0.00 4.20 5.22 0.00 5.29 5.52 3.19 3.19 14445795
5.39 2.97 4.65 3.04 3.57 3.59 2.99 5.39 4.27 2.89 7.13 6.96 0.00 4.98 7.70 2.51 2.93 3.31 5.60 7.93 2.93 4.34 2.03 0.00 0.00 5.01 3.25 5.29 5.77 5.34 3.14 3.08 14458885
5.30 3.12 4.74 2.95 3.40 3.45 3.20 5.27 3.07 2.54 7.04 6.44 6.11 2.42 7.78 6.86 2.01 3.29 6.01 7.55 3.37 0.00 2.46 0.00 0.00 4.47 5.31 5.41 5.89 5.40 3.13 3.25 14471975
5.06 3.16 4.73 2.89 3.45 3.52 3.45 5.27 5.44 4.20 7.26 6.45 6.58 3.38 7.70 7.85 2.86 3.35 5.33 8.28 3.40 4.45 4.41 4.93 0.00 4.70 5.16 5.35 5.17 5.45 3.18 3.12 14485065
4.96 2.96 4.77 2.77 3.49 3.47 3.42 5.29 5.19 5.23 6.97 6.66 6.33 4.71 7.57 8.18 2.68 3.34 6.31 7.71 3.07 4.35 4.02 0.00 0.00 0.00 4.48 5.32 5.97 5.43 3.13 3.18 14498155
4.64 3.03 4.78 3.02 3.32 3.38 3.61 5.03 2.02 4.79 7.14 6.72 6.41 5.46 7.46 7.27 2.19 3.38 6.23 7.52 3.04 4.33 9.74 2.98 0.00 4.59 4.96 5.40 6.08 5.34 3.18 3.09 14511245
4.55 3.12 4.60 2.42 3.26 3.41 3.40 5.17 3.19 7.39 7.06 6.36 0.00 5.32 7.07 8.18 2.47 3.38 3.83 7.60 3.40 4.75 2.97 2.92 0.00 4.58 4.99 5.59 5.53 5.62 3.14 3.12 14524335
4.29 3.04 4.65 3.62 3.15 3.17 3.86 5.24 3.89 3.96 7.05 6.24 5.91 6.14 7.17 7.79 0.00 3.37 6.28 7.86 2.93 4.37 3.49 4.37 0.00 5.08 5.30 5.69 6.25 5.37 3.20 3.09 14537425
4.44 2.69 4.73 3.09 3.29 3.08 3.48 5.13 2.91 3.56 7.18 6.39 6.12 2.38 7.14 8.17 2.44 3.37 6.28 8.26 3.41 4.56 3.80 3.06 0.00 4.45 5.86 5.35 6.24 5.59 3.27 3.33 14550515
4.03 3.13 4.73 2.32 3.12 3.11 3.94 5.15 3.94 4.33 7.13 6.28 5.69 5.06 7.36 7.58 2.08 3.45 6.24 7.96 3.03 4.56 3.68 3.02 0.00 4.64 4.79 5.95 4.24 5.69 3.31 3.03 14563605
3.68 2.15 4.59 3.32 3.17 3.14 3.56 5.24 4.45 5.00 5.50 5.48 0.00 2.92 7.39 7.42 2.92 3.49 5.58 7.91 3.36 5.10 2.56 3.40 0.00 4.61 4.94 5.73 6.30 5.56 2.70 3.00 14576695
3.85 2.95 4.76 2.47 3.25 2.98 3.85 5.46 4.03 4.34 5.06 5.95 0.00 4.62 6.86 6.98 0.00 3.26 5.25 5.60 2.72 4.55 3.91 4.47 0.00 4.96 4.99 5.93 4.55 5.76 3.24 2.98 14589785
3.91 3.03 3.52 2.75 3.23 3.09 2.50 5.42 2.59 3.85 7.22 6.62 5.56 2.98 6.72 6.84 2.03 3.67 4.70 7.86 3.68 4.41 4.31 2.88 0.00 4.73 4.80 5.48 4.62 5.32 3.21 3.22 14602875
3.63 3.29 4.99 2.13 3.25 2.85 2.91 5.14 3.25 3.96 3.51 5.67 4.12 3.03 4.90 6.50 2.78 3.68 6.10 8.28 2.65 4.56 2.21 2.39 0.00 0.00 5.85 5.52 2.85 5.53 3.05 2.98 14615965
3.82 2.94 4.65 2.41 3.28 2.86 3.19 5.23 2.65 2.43 7.15 5.56 5.12 5.38 6.48 6.35 2.25 3.47 5.55 8.44 3.87 4.68 2.96 0.00 0.00 4.67 4.05 5.62 6.52 5.74 3.18 3.08 14629055
3.79 2.93 4.65 2.83 3.17 3.12 3.40 5.57 4.80 2.95 5.79 5.88 2.70 2.82 4.76 5.79 0.00 3.48 4.49 7.89 2.81 4.81 4.12 2.72 0.00 4.82 6.01 5.68 6.60 5.59 3.18 3.06 14642145
3.63 2.87 5.29 2.47 3.25 3.00 3.16 5.30 2.93 3.05 4.10 4.68 4.00 2.55 5.79 5.78 2.85 3.06 6.26 8.52 3.76 4.66 5.68 2.89 0.00 4.77 4.31 5.53 6.85 6.04 3.18 3.07 14655235
3.73 2.69 4.32 2.46 3.29 3.13 3.19 5.63 2.40 2.46 6.74 3.85 3.36 2.19 5.72 6.00 2.32 3.61 2.48 8.35 3.77 4.65 2.76 2.39 0.00 4.85 4.99 6.26 3.53 5.16 3.14 3.45 14668325
3.60 2.86 4.99 2.09 2.95 3.24 3.37 3.23 2.49 2.41 4.49 4.75 4.27 3.37 5.72 5.62 2.48 3.27 5.48 8.35 2.69 0.00 2.64 3.05 0.00 3.54 3.48 5.97 2.49 5.16 3.12 2.97 14681415
3.83 2.49 5.00 2.48 3.07 3.10 3.31 5.23 4.09 2.52 4.40 4.78 2.26 2.96 5.40 5.66 2.44 2.76 3.57 0.00 4.09 4.83 2.88 2.29 0.00 3.98 2.93 6.00 2.85 6.06 3.00 3.06 14694505
3.60 2.92 4.53 2.52 3.62 3.30 2.65 4.74 3.16 2.40 3.44 3.18 2.18 2.81 3.87 2.56 2.56 2.89 4.79 4.54 4.14 4.33 2.47 3.51 0.00 4.05 4.48 5.61 2.35 2.82 3.24 3.21 14707595
3.70 2.78 4.48 2.63 3.36 3.29 2.62 3.56 2.44 2.82 4.37 2.88 4.32 3.96 4.06 5.88 2.30 3.40 3.87 2.07 3.23 5.01 2.51 3.96 0.00 3.97 3.20 0.00 4.43 6.13 2.85 2.90 14720685
3.54 2.84 4.62 3.07 2.98 2.57 2.07 5.15 2.40 3.08 4.13 4.97 2.27 2.82 5.19 6.09 2.48 3.10 2.55 0.00 3.41 5.42 2.60 2.83 0.00 2.66 2.94 0.00 3.01 2.50 2.88 3.27 14733775
3.39 2.92 4.08 2.89 2.86 2.55 3.39 4.99 2.67 2.36 2.69 4.61 4.10 2.33 6.10 5.09 2.54 2.80 2.79 2.99 2.31 5.00 2.60 2.04 0.00 4.29 3.42 0.00 2.57 2.44 2.49 3.25 14746865
3.49 2.80 4.00 2.45 4.00 2.78 2.37 5.28 2.54 2.59 2.66 3.99 3.19 2.69 2.87 4.89 2.62 3.83 5.64 0.00 3.39 2.50 2.59 3.24 0.00 3.01 2.31 5.82 3.66 4.27 2.13 3.43 14759955
3.42 3.09 4.83 2.76 3.84 2.56 3.14 4.10 2.12 2.17 3.67 3.75 4.29 3.33 5.31 3.10 2.35 3.60 3.71 0.00 3.27 2.25 2.41 2.35 0.00 0.00 2.60 3.51 3.26 4.15 3.05 3.35 14773045
3.73 3.04 4.63 2.70 2.83 3.54 2.75 3.23 2.82 2.43 4.37 4.28 3.82 3.08 5.93 3.03 2.19 2.80 3.96 2.81 3.28 5.29 2.45 2.42 0.00 2.67 2.72 0.00 5.72 3.00 2.88 3.53 14786135
3.58 3.00 4.83 2.69 3.31 2.85 2.45 3.25 3.02 3.07 4.40 3.60 3.46 2.08 6.69 4.38 2.68 3.47 2.22 2.95 3.41 3.43 2.94 0.00 0.00 2.47 2.95 0.00 3.82 3.44 2.91 3.22 14799225
3.79 2.60 4.53 2.53 3.45 2.79 3.33 5.20 3.04 2.43 3.66 2.88 3.96 2.30 5.75 6.27 2.66 3.40 2.43 3.09 3.25 0.00 2.62 2.89 0.00 3.11 2.33 0.00 2.25 3.64 2.57 3.78 14812315
3.93 2.45 4.12 2.84 4.05 3.28 2.85 4.83 2.18 2.30 4.59 3.50 3.17 2.75 6.45 3.51 2.26 3.35 3.37 2.50 3.15 2.32 2.32 2.65 0.00 2.83 2.84 0.00 3.26 2.40 3.05 3.50 14825405
3.84 2.77 4.63 2.36 3.85 2.23 2.85 5.42 2.50 2.35 4.04 4.65 3.65 2.39 6.62 3.87 2.20 3.05 3.26 2.74 2.91 5.62 2.73 2.10 0.00 2.68 2.45 3.01 2.85 2.21 2.76 3.54 14838495
3.89 2.65 4.19 2.46 3.75 3.31 2.76 5.47 2.64 2.82 3.82 4.32 3.27 3.11 5.84 5.64 2.83 3.17 2.17 5.58 3.24 0.00 2.34 3.20 0.00 2.71 2.77 2.38 2.42 3.27 3.37 3.58 14851585
3.71 3.12 4.25 2.58 3.61 3.55 2.45 5.16 4.21 2.40 2.23 4.12 3.79 2.45 4.13 6.20 2.21 2.34 2.27 2.66 2.60 0.00 2.58 2.18 0.00 2.59 2.99 0.00 2.81 2.47 2.46 3.80 14864675
3.41 2.71 4.33 2.50 2.97 3.54 3.16 2.51 2.54 2.66 3.80 4.20 3.55 2.61 3.46 6.38 2.71 3.53 3.61 8.01 2.17 0.00 4.22 2.70 0.00 2.39 2.71 2.23 2.25 3.34 2.83 3.66 14877765
4.10 2.32 3.61 2.85 3.51 3.02 3.30 5.04 3.09 2.22 3.95 4.15 4.02 2.49 5.86 5.56 2.06 3.24 3.89 5.16 4.51 0.00 3.03 2.82 0.00 2.51 2.65 0.00 2.99 5.21 3.66 2.87 14890855
3.86 2.91 3.67 2.40 3.58 2.78 3.52 3.03 4.30 2.71 4.00 4.01 3.92 2.67 5.44 6.46 2.17 2.68 5.98 7.50 2.13 0.00 3.02 2.39 0.00 2.89 2.76 0.00 3.09 5.07 2.68 3.60 14903945
3.95 3.04 4.87 2.51 4.29 3.63 2.49 4.40 2.53 2.61 3.77 3.89 3.85 3.96 6.70 6.62 2.17 3.46 3.61 2.84 2.91 6.10 3.92 0.00 0.00 2.85 3.52 0.00 4.25 3.36 2.67 3.27 14917035
3.60 2.92 3.79 2.45 3.96 3.22 2.55 5.34 3.02 2.75 4.01 4.06 3.82 4.08 6.85 6.51 3.02 3.43 3.52 2.90 4.60 0.00 2.72 5.26 0.00 2.92 3.32 2.79 2.74 2.49 3.11 3.74 14930125
3.92 3.12 4.06 3.02 3.92 3.38 3.44 5.47 4.00 2.83 4.02 3.96 4.11 3.08 5.95 6.99 2.05 2.78 2.91 5.47 4.26 0.00 2.65 4.14 0.00 3.10 2.67 0.00 3.23 4.92 2.58 3.74 14943215
3.95 2.95 5.07 2.62 3.81 3.13 3.35 5.30 3.61 2.68 2.59 4.03 4.10 5.04 6.71 5.12 2.77 3.51 4.75 8.03 2.66 0.00 4.43 4.18 0.00 3.10 3.31 0.00 3.72 2.97 2.94 3.82 14956305
3.91 2.93 2.32 2.56 4.17 3.86 3.44 5.69 3.82 2.73 4.00 3.98 3.92 5.05 6.80 6.96 2.07 3.48 6.50 8.18 4.48 0.00 2.38 2.15 0.00 3.56 3.49 0.00 3.34 2.37 3.43 3.78 14969395
3.87 3.42 5.01 2.29 4.00 3.55 2.91 5.35 3.80 3.13 3.83 4.26 4.00 5.44 6.74 6.96 2.17 3.52 3.61 7.88 4.95 0.00 2.72 2.33 0.00 3.27 3.09 0.00 2.78 6.02 3.51 3.55 14982485
4.03 3.01 4.95 2.61 3.98 3.29 3.38 5.09 3.92 3.03 4.11 4.19 3.82 3.58 6.87 6.99 2.80 3.50 6.36 7.86 4.76 6.51 3.35 4.30 0.00 3.39 2.68 0.00 6.06 5.84 2.18 3.75 14995575
3.95 2.72 5.64 2.66 3.94 3.51 3.42 5.70 4.18 3.10 4.19 4.07 4.04 3.60 0.00 7.02 2.16 3.68 6.14 7.91 4.79 6.20 3.56 4.93 0.00 3.53 2.97 0.00 3.32 6.59 3.72 3.78 15008665
3.99 3.09 4.80 2.82 4.02 3.72 3.57 5.25 2.69 2.43 4.16 4.20 4.80 3.41 7.10 7.25 2.15 3.72 6.30 7.74 3.03 6.30 3.15 3.51 0.00 3.73 3.84 0.00 7.10 7.49 3.28 3.86 15021755
4.12 2.97 4.91 3.25 3.86 3.58 3.17 5.27 3.98 3.20 4.18 4.22 3.95 4.94 6.74 7.18 2.35 3.50 4.51 7.91 5.14 6.55 0.00 4.48 0.00 3.62 3.95 0.00 4.71 7.01 3.76 3.86 15034845
4.01 2.68 5.03 2.58 3.96 3.52 3.18 5.41 3.81 3.27 4.03 4.39 4.12 5.62 7.26 7.32 2.12 3.54 3.62 7.78 3.49 0.00 4.05 4.22 0.00 3.69 3.35 0.00 2.71 2.99 3.79 3.79 15047935
3.89 3.14 4.45 2.63 3.89 3.73 3.65 5.92 3.97 3.05 4.19 4.21 4.24 5.03 6.91 7.23 2.05 3.66 6.30 7.81 5.12 0.00 2.26 4.93 0.00 3.70 4.13 0.00 7.71 6.78 3.67 0.00 15061025
3.95 3.03 4.81 3.20 3.94 3.66 3.26 5.19 3.78 3.32 4.16 4.36 4.11 5.67 6.89 7.76 2.05 3.46 6.11 7.76 5.42 6.50 0.00 5.23 0.00 3.82 3.52 0.00 7.64 6.87 3.75 3.75 15074115
3.82 3.09 4.74 3.67 3.93 3.64 3.24 5.27 3.81 3.04 4.03 4.23 3.95 5.80 6.75 7.63 2.59 3.66 4.56 8.01 5.30 6.50 10.55 5.31 0.00 3.79 3.91 0.00 7.56 6.69 3.77 3.75 15087206
3.88 2.95 0.00 3.21 3.93 3.66 3.37 5.29 3.47 3.12 4.03 4.31 4.24 5.94 6.80 7.40 2.06 3.56 6.01 7.83 5.33 6.68 10.50 4.71 0.00 3.95 4.22 0.00 4.39 6.63 3.69 4.41 15100296
3.87 3.23 5.01 2.43 4.04 3.67 3.42 5.44 3.80 3.05 4.14 4.31 4.49 5.89 6.84 7.36 2.67 3.54 6.16 7.68 5.19 6.64 7.76 4.55 0.00 3.88 4.09 0.00 7.48 6.84 3.71 3.84 15113385
4.03 2.99 0.00 2.78 3.94 3.58 3.46 5.62 3.95 3.14 4.03 4.32 4.34 5.85 6.80 7.34 2.02 3.55 5.90 7.71 5.22 6.62 6.35 5.23 0.00 3.78 4.35 0.00 7.44 6.71 3.76 3.73 15126475
3.95 3.23 4.96 2.85 3.98 3.61 0.00 5.11 3.97 3.11 4.41 4.27 4.11 5.89 6.73 7.35 2.03 4.21 5.45 7.72 5.47 6.72 10.77 4.84 0.00 3.81 4.26 0.00 6.51 7.23 3.75 3.75 15139566
3.94 3.08 0.00 3.21 4.01 3.61 3.21 5.56 3.98 3.09 4.10 4.43 4.26 5.81 6.80 7.33 2.02 3.60 6.19 7.81 5.17 7.23 10.77 5.01 0.00 3.84 4.35 0.00 7.62 6.89 3.87 3.95 15152656
3.86 3.07 4.85 3.33 3.96 3.58 3.49 5.14 3.86 3.08 4.13 4.30 4.14 5.87 6.76 7.29 3.00 3.56 6.11 7.88 5.17 0.00 0.00 4.97 0.00 3.74 4.34 0.00 7.36 6.67 3.75 3.84 15165745
3.89 3.06 0.00 2.94 4.11 3.55 3.25 5.54 3.88 3.07 4.03 4.37 4.68 5.92 6.89 8.03 0.00 3.89 5.96 7.84 5.21 0.00 0.00 4.70 0.00 3.72 4.40 0.00 7.46 6.97 3.78 3.72 15178835
3.81 3.10 0.00 3.09 3.96 3.59 3.77 5.75 3.90 2.93 4.17 4.28 4.09 5.85 6.72 8.06 0.00 3.69 6.04 7.78 5.15 0.00 9.85 5.43 0.00 3.60 4.42 0.00 7.51 6.75 3.72 3.75 15191925
3.86 3.10 5.37 0.00 4.01 3.59 3.27 5.88 3.81 2.94 3.99 4.29 4.22 5.91 6.69 7.24 2.04 3.66 6.06 7.79 5.08 6.60 0.00 3.95 0.00 3.75 4.53 0.00 7.43 6.81 3.80 3.75 15205015
3.85 2.99 4.99 3.38 4.56 3.57 3.42 5.45 3.90 3.11 4.10 4.30 4.27 5.97 6.82 8.13 0.00 3.64 6.06 8.08 5.08 0.00 0.00 0.00 0.00 3.64 4.59 0.00 7.44 6.86 3.74 3.90 15218105
3.81 3.10 5.53 2.99 3.95 3.60 3.41 5.62 3.85 2.98 4.02 4.36 4.37 5.81 6.76 7.28 0.00 3.64 6.21 8.68 5.04 0.00 0.00 4.72 0.00 0.00 4.62 0.00 7.46 6.72 3.83 3.73 15231195
4.03 3.02 0.00 3.18 3.91 3.57 3.29 5.57 3.94 2.95 4.12 4.33 4.15 5.90 6.78 0.00 2.01 3.65 6.02 7.80 5.34 0.00 0.00 4.28 0.00 3.65 4.75 0.00 7.43 0.00 3.81 3.75 15244285
3.82 3.02 0.00 3.35 3.92 3.57 3.65 5.64 3.88 3.02 4.09 4.54 4.10 6.33 7.00 7.31 2.02 3.58 6.30 8.56 5.10 0.00 10.32 5.55 0.00 3.68 4.75 0.00 7.43 6.74 3.77 3.87 15257376
3.90 3.01 0.00 0.00 3.93 3.58 3.37 5.53 3.91 2.97 4.05 0.00 4.13 5.88 6.95 7.87 2.01 3.67 6.08 7.91 5.00 0.00 10.65 0.00 0.00 3.63 4.61 0.00 7.45 6.72 3.80 3.83 15270466
3.82 3.01 0.00 0.00 3.95 3.66 3.52 5.56 3.86 2.99 4.23 4.36 4.32 5.90 6.76 7.36 2.04 3.67 6.05 7.80 5.13 0.00 0.00 0.00 0.00 3.68 4.70 0.00 7.51 6.88 3.82 3.79 15283555
3.78 3.02 0.00 0.00 3.92 3.89 3.91 5.50 3.87 3.01 3.99 4.32 4.30 5.87 6.74 7.26 2.04 3.77 5.99 8.52 5.18 0.00 10.33 0.00 0.00 3.61 4.79 0.00 7.49 6.90 3.81 3.98 15296646
3.91 3.02 0.00 3.40 3.92 3.63 3.50 5.48 3.87 3.03 4.00 4.40 4.32 5.90 6.73 7.28 2.02 3.68 5.97 8.01 4.96 0.00 0.00 0.00 0.00 4.34 4.71 0.00 7.45 6.88 3.78 3.78 15309735
3.77 3.02 0.00 0.00 3.93 3.57 3.71 5.75 3.90 3.02 4.01 4.38 4.27 6.17 6.86 7.35 2.02 3.66 6.02 7.76 4.99 0.00 10.64 4.61 0.00 3.78 4.80 0.00 7.50 6.57 3.79 3.86 15322826
3.96 3.01 0.00 3.40 3.93 3.67 3.45 5.56 3.92 3.00 4.01 4.38 4.42 5.94 6.82 7.28 2.01 3.63 6.01 7.83 5.11 0.00 0.00 0.00 0.00 3.60 4.62 0.00 7.53 6.71 3.77 3.78 15335915
3.85 3.01 0.00 0.00 3.95 3.67 4.13 5.58 3.93 2.97 3.99 4.41 4.26 5.86 6.77 7.35 2.02 3.91 6.04 7.91 5.07 0.00 10.48 0.00 0.00 0.00 4.63 0.00 7.47 6.72 3.84 3.73 15349006
3.95 3.02 0.00 0.00 3.97 3.58 3.78 5.58 3.87 3.03 4.11 4.32 4.33 6.11 6.92 7.39 2.02 3.76 6.06 7.89 5.19 0.00 10.62 0.00 0.00 3.58 4.70 0.00 7.52 6.70 3.80 3.78 15362096
3.83 3.02 0.00 3.38 3.94 3.58 3.74 0.00 3.88 3.07 4.01 4.39 4.29 6.07 6.75 7.36 2.03 3.62 6.07 8.06 5.31 0.00 0.00 0.00 0.00 3.58 4.75 0.00 7.52 6.70 3.79 3.75 15375185
3.99 3.01 0.00 0.00 3.94 3.58 3.49 5.64 3.88 3.00 4.01 4.36 4.29 5.94 6.77 7.33 2.05 3.62 6.06 8.11 5.00 6.92 10.65 4.70 0.00 3.66 4.81 0.00 7.51 6.71 3.75 3.80 15388276
3.85 3.02 0.00 3.38 3.95 3.57 3.31 5.62 3.89 3.08 4.01 4.39 4.29 5.92 6.74 7.33 2.04 3.67 6.12 8.00 4.98 0.00 0.00 0.00 0.00 0.00 4.77 0.00 7.49 6.71 3.76 3.82 15401365
3.85 3.02 0.00 3.38 3.94 3.58 3.36 5.60 3.89 3.08 4.01 4.36 4.28 5.95 6.74 7.35 2.26 3.91 6.09 8.16 4.99 0.00 0.00 0.00 0.00 3.57 4.82 0.00 7.49 6.70 3.77 3.80 15414455
3.84 3.02 0.00 3.37 3.93 3.58 3.34 5.60 3.89 2.99 4.00 4.37 4.35 6.05 6.74 7.36 2.03 3.74 6.10 8.08 4.99 0.00 0.00 0.00 0.00 3.57 4.80 0.00 7.49 6.72 3.77 3.80 15427545
3.87 3.02 0.00 3.38 3.94 3.58 3.34 5.57 3.88 3.09 4.01 4.35 4.35 6.05 6.75 7.34 2.03 3.73 6.24 8.26 5.00 0.00 10.86 0.00 0.00 3.58 4.79 0.00 7.49 6.71 3.78 3.81 15440636
3.87 3.03 0.00 3.37 3.94 3.59 3.32 5.57 3.89 3.09 4.01 4.36 4.30 6.05 6.75 7.35 2.04 3.72 6.37 0.00 5.01 0.00 10.80 0.00 0.00 3.57 4.79 0.00 7.49 6.71 3.78 3.80 15453726
3.88 3.03 0.00 3.37 3.94 3.58 3.33 5.63 3.88 3.09 4.01 4.36 4.29 6.05 6.74 7.35 2.04 3.63 6.18 8.05 5.01 0.00 10.71 0.00 0.00 3.57 4.80 0.00 7.49 6.71 3.77 3.81 15466816
3.88 3.03 0.00 3.38 3.93 3.59 3.35 5.94 3.89 3.09 4.01 4.36 4.30 6.04 6.75 7.35 2.04 3.85 6.27 8.06 4.99 0.00 10.72 0.00 0.00 3.56 4.81 0.00 7.49 6.72 3.78 3.81 15479906
3.84 3.03 0.00 3.37 3.94 3.58 3.34 5.82 3.89 3.08 4.02 4.36 4.31 6.05 6.76 7.35 2.05 3.77 6.26 8.05 5.01 0.00 10.70 0.00 0.00 3.57 4.81 0.00 7.49 6.70 3.76 3.81 15492996
3.85 3.02 0.00 3.37 3.93 3.58 3.33 5.51 3.89 3.07 4.02 4.36 4.31 6.04 6.75 7.33 2.04 3.65 6.18 7.82 5.01 0.00 10.71 0.00 0.00 3.57 4.80 0.00 7.49 6.71 3.77 3.81 15506086
3.85 3.02 0.00 3.39 3.93 3.59 3.33 5.52 3.88 3.06 4.01 4.37 4.30 6.05 6.76 7.32 2.06 3.77 6.16 8.04 5.01 0.00 10.70 0.00 0.00 3.57 4.80 0.00 7.49 6.69 3.79 3.81 15519176
3.84 3.03 0.00 3.38 3.93 3.59 3.33 5.52 3.89 3.01 4.02 4.37 4.29 6.04 6.76 7.32 2.05 3.78 6.14 8.02 5.00 0.00 10.71 0.00 0.00 3.56 4.83 0.00 7.49 6.71 3.78 3.81 15532266
3.85 3.03 0.00 3.38 3.93 3.59 3.33 5.47 3.88 3.10 4.02 4.31 4.28 6.05 6.75 7.31 2.05 3.68 6.10 8.21 5.00 0.00 10.70 0.00 0.00 3.57 4.83 0.00 7.49 6.70 3.78 3.82 15545356
3.85 3.03 0.00 3.39 3.93 3.58 3.34 5.47 3.88 3.10 4.01 4.29 4.28 6.04 6.75 7.31 2.06 3.72 6.10 0.00 5.01 0.00 10.70 0.00 0.00 3.56 4.83 0.00 7.49 6.69 3.78 3.81 15558446
3.84 3.02 0.00 3.38 3.93 3.59 3.34 5.46 3.88 3.08 4.02 4.30 4.29 6.05 6.75 7.30 2.05 3.73 6.05 0.00 5.01 0.00 10.69 0.00 0.00 3.56 4.83 0.00 7.49 6.69 3.78 3.81 15571536
3.84 3.04 0.00 3.38 3.93 3.60 3.34 5.47 3.87 3.10 4.02 4.30 4.29 6.04 6.75 7.31 2.08 3.68 6.09 0.00 5.00 0.00 10.70 0.00 0.00 3.57 4.83 0.00 7.49 6.70 3.78 3.82 15584626
3.84 3.02 0.00 3.38 3.93 3.59 3.34 5.47 3.87 3.10 4.02 4.30 4.30 6.04 6.75 7.31 2.03 3.72 6.10 8.24 5.00 0.00 10.69 0.00 0.00 3.57 4.91 0.00 7.49 6.69 3.78 3.83 15597716
3.85 3.03 0.00 3.39 3.94 3.59 3.34 5.46 3.88 3.09 4.02 4.29 4.29 6.03 6.74 7.31 2.02 3.72 6.14 8.24 4.99 0.00 10.70 0.00 0.00 3.56 4.92 0.00 7.49 6.69 3.77 3.83 15610806
3.85 3.02 0.00 3.39 3.94 3.59 3.34 5.44 3.88 3.09 4.02 4.30 4.30 6.04 6.75 7.32 2.05 3.66 6.12 7.97 4.98 0.00 10.69 0.00 0.00 3.56 4.90 0.00 7.50 6.68 3.79 3.82 15623896