4.79 3.16 3.19 3.36 7.64 7.72 3.58 4.17 3.49 3.84 5.79 6.34 6.12 6.87 7.46 7.99 0.00 3.81 7.07 8.75 5.10 0.00 0.00 5.15 0.00 2.46 3.18 3.40 4.27 5.51 6.15 5.44 15218743
4.80 3.15 3.18 3.35 7.65 7.73 3.58 4.18 3.49 3.83 5.81 6.34 6.12 6.89 7.46 8.00 0.00 3.80 6.62 8.72 5.10 0.00 10.91 5.16 0.00 2.46 3.19 3.43 4.27 5.54 6.16 5.45 15231834
4.78 3.15 3.16 3.35 7.64 7.73 3.57 4.19 3.49 3.82 5.82 6.35 6.12 6.87 7.47 7.99 0.00 3.81 6.31 8.75 5.11 0.00 10.90 5.14 0.00 2.46 3.20 3.42 4.27 5.55 6.15 5.45 15244924
4.79 3.15 3.17 3.35 7.65 7.74 3.58 4.19 3.49 3.83 5.82 6.35 6.11 6.88 7.48 8.00 0.00 3.79 6.28 8.75 5.12 0.00 10.92 5.13 0.00 2.45 3.20 3.42 4.28 5.57 6.16 5.44 15258014
4.79 3.16 3.17 3.37 7.65 7.73 3.58 4.19 3.48 3.83 5.80 6.35 6.12 6.88 7.47 7.99 0.00 3.80 6.29 8.74 5.11 0.00 0.00 5.17 0.00 2.45 3.19 3.42 4.26 5.55 6.16 5.44 15271103
4.93 3.16 2.99 4.45 7.16 7.88 3.59 4.42 3.49 3.83 5.80 6.35 6.12 6.88 7.46 7.99 0.00 3.80 6.71 8.75 5.10 0.00 0.00 5.13 0.00 2.46 3.19 3.41 4.27 5.55 6.16 5.45 15284193
4.64 3.13 2.95 4.77 7.08 7.72 3.67 4.18 3.48 3.81 5.54 6.33 6.31 6.87 7.45 7.99 0.00 3.81 6.72 8.77 5.10 6.53 10.82 5.21 0.00 2.44 3.19 3.03 4.26 5.77 6.12 5.46 15297284
4.79 3.16 2.84 4.37 6.97 7.88 3.67 0.00 3.45 3.81 5.54 6.36 6.32 6.81 7.56 7.99 0.00 3.83 6.75 8.66 5.23 6.42 10.84 4.97 0.00 2.44 3.18 3.42 4.26 5.31 6.14 5.43 15310374
4.72 3.15 2.89 4.56 6.72 0.00 3.55 4.92 3.44 3.84 5.52 6.30 6.27 6.92 7.55 8.00 2.22 3.79 6.51 8.74 5.09 0.00 10.76 0.00 0.00 2.43 3.24 3.30 4.32 5.55 6.18 0.00 15323464
4.63 2.77 3.09 4.34 6.73 7.81 3.74 3.93 3.45 3.81 5.58 6.31 0.00 7.00 7.55 7.97 2.03 3.67 6.30 8.63 5.01 6.08 10.72 5.48 0.00 2.51 3.22 2.90 4.33 5.14 6.14 5.47 15336554
4.81 3.08 2.97 4.48 6.92 7.19 3.60 3.95 3.47 3.77 5.64 6.30 0.00 6.95 7.42 7.98 2.67 3.67 6.51 0.00 5.13 0.00 10.70 5.19 0.00 2.50 3.19 2.99 4.43 5.26 6.17 5.65 15349644
4.79 3.08 3.08 4.18 6.74 6.97 3.50 3.90 3.45 3.86 5.45 6.28 6.11 6.82 7.38 7.98 0.00 3.76 6.96 8.63 5.56 0.00 0.00 4.99 0.00 2.48 3.24 3.35 4.32 5.17 6.16 0.00 15362733
4.77 3.13 3.24 4.19 6.60 6.27 3.84 4.03 3.49 3.84 5.62 6.31 6.32 5.26 7.46 7.97 2.04 3.78 6.74 8.65 5.08 0.00 0.00 4.96 0.00 2.47 3.18 3.00 4.42 5.22 6.14 5.46 15375823
4.75 2.67 3.15 3.66 6.97 6.91 3.85 3.97 3.47 3.64 5.68 6.34 6.22 6.84 8.12 7.94 2.57 3.73 0.00 9.39 5.06 6.17 10.83 4.94 0.00 2.43 3.15 3.21 4.31 5.29 6.03 5.70 15388914
4.77 3.06 3.17 3.60 6.81 6.49 3.45 4.12 3.53 4.07 5.67 6.45 6.07 6.81 7.35 8.12 2.33 3.39 6.26 8.82 5.09 6.07 10.68 5.10 0.00 2.44 3.12 3.24 4.26 5.24 6.07 5.50 15402004
4.85 3.00 3.23 3.74 3.98 4.62 3.16 3.94 3.60 3.19 5.54 6.35 6.24 6.74 7.39 7.93 2.81 3.63 6.86 8.77 5.06 0.00 0.00 0.00 0.00 2.67 3.27 3.59 4.23 5.25 6.14 5.85 15415093
5.29 2.94 3.39 3.39 6.49 3.22 3.36 3.88 3.35 3.42 5.71 6.43 3.47 5.87 7.46 8.55 2.52 3.53 6.74 8.78 5.31 6.53 0.00 0.00 0.00 2.61 3.29 3.02 4.31 5.25 6.12 5.60 15428183
5.25 2.79 3.35 3.23 6.46 5.25 3.13 3.94 3.55 3.66 5.91 6.41 6.31 6.70 7.44 8.01 2.03 3.42 7.16 8.95 5.14 0.00 10.67 4.81 0.00 2.47 3.13 3.43 4.39 5.16 6.14 0.00 15441274
5.08 3.34 3.40 2.52 6.55 5.92 3.00 3.94 3.47 4.00 5.16 6.58 0.00 5.06 7.33 7.32 2.24 3.71 5.93 8.91 5.22 0.00 0.00 4.32 0.00 2.43 3.19 3.63 3.88 5.15 5.56 5.65 15454363
5.13 2.24 3.31 3.29 5.55 3.58 3.14 4.54 3.61 3.17 5.51 6.51 0.00 6.56 7.19 6.83 2.21 3.38 6.85 8.79 5.27 0.00 10.07 4.99 0.00 2.42 3.21 3.40 4.32 5.15 6.23 5.83 15467454
5.29 3.22 3.18 4.63 3.00 4.76 2.75 3.76 3.27 3.82 5.58 6.57 6.20 3.01 6.63 6.99 2.14 3.28 6.51 9.22 5.30 0.00 6.77 3.64 0.00 0.00 3.18 3.08 4.44 5.24 5.87 5.52 15480543
5.26 3.05 3.34 2.44 6.24 3.93 2.75 4.21 3.67 3.79 5.11 6.55 6.00 3.18 6.36 6.62 2.26 2.97 6.14 0.00 5.42 6.23 10.37 4.81 0.00 2.40 3.09 3.81 4.39 5.22 6.04 5.13 15493634
5.29 2.89 3.38 3.09 5.72 5.45 2.76 4.18 3.74 2.32 4.82 6.68 6.10 6.39 6.38 4.89 2.13 3.36 6.62 0.00 5.40 6.19 4.03 4.74 0.00 2.44 3.21 3.13 4.32 5.17 4.57 5.18 15506723
5.43 3.14 3.26 2.40 2.82 3.71 2.66 3.90 3.03 3.08 6.09 0.00 0.00 2.69 6.30 6.79 2.04 3.64 5.49 8.84 5.55 0.00 10.85 5.34 0.00 2.46 3.29 3.40 4.37 5.14 4.74 5.25 15519814
5.49 2.96 3.23 2.28 2.68 3.47 2.66 2.91 3.87 3.32 3.74 6.89 6.28 2.63 6.36 6.49 2.97 3.65 5.57 0.00 3.54 0.00 2.74 5.24 0.00 2.43 3.20 3.31 4.45 5.13 4.68 4.36 15532903
5.67 3.08 3.50 2.72 3.20 3.34 2.73 4.69 2.16 2.64 5.86 7.21 6.20 3.09 6.59 6.51 2.05 3.27 5.49 3.86 4.17 0.00 4.30 4.43 0.00 2.50 3.16 3.26 3.88 5.20 2.84 5.13 15545993
2.12 2.44 3.64 2.33 5.16 4.42 2.76 4.74 3.41 2.76 4.23 6.85 3.83 3.05 6.53 5.34 3.08 2.78 2.79 8.86 2.31 6.41 2.88 0.00 0.00 2.58 2.75 3.54 4.33 5.22 2.86 4.91 15559083
2.08 2.72 3.34 2.67 4.02 3.21 2.99 4.59 2.87 2.89 6.15 3.26 5.70 3.73 6.74 6.69 2.08 3.48 6.92 2.79 3.03 6.59 4.29 0.00 0.00 2.63 3.47 3.33 3.13 5.21 3.35 4.44 15572173
4.72 2.80 3.64 2.62 3.96 2.49 2.82 3.29 3.42 2.72 4.75 6.09 5.47 3.72 7.08 6.94 2.31 3.37 5.41 8.84 3.81 0.00 3.07 3.62 0.00 2.55 2.67 3.38 4.21 4.80 3.81 4.43 15585263
5.52 2.62 3.73 2.22 3.37 3.82 2.80 4.99 3.09 2.31 5.45 7.35 5.97 3.09 6.73 6.78 2.73 3.21 4.85 2.88 2.20 0.00 3.39 2.72 0.00 2.83 3.29 3.31 4.46 5.21 2.57 3.22 15598353
0.00 2.54 3.03 2.41 2.43 3.55 3.19 5.37 2.73 2.57 4.57 7.22 2.62 2.88 6.34 6.98 0.00 3.49 2.36 8.89 3.59 0.00 2.24 3.88 0.00 2.51 3.43 3.29 3.37 5.29 3.87 3.39 15611443
0.00 2.71 3.71 2.37 3.27 3.56 2.93 4.72 2.71 3.02 3.29 6.05 3.03 3.75 7.03 6.25 0.00 3.72 5.08 8.91 3.42 0.00 4.20 4.61 0.00 2.50 3.43 3.41 3.38 5.36 4.06 4.13 15624533
5.36 2.70 3.96 2.62 3.43 2.47 2.51 4.19 3.21 2.72 5.11 7.07 5.26 2.79 7.04 4.64 2.82 3.56 3.10 2.36 2.35 6.84 2.61 2.63 0.00 2.39 3.58 3.32 3.51 5.07 2.49 3.68 15637623
4.07 2.53 3.52 2.59 3.79 3.00 3.16 4.90 2.18 2.40 5.51 6.91 4.50 4.82 6.99 6.97 0.00 3.54 6.26 2.32 3.27 0.00 2.32 2.85 0.00 2.34 3.19 3.24 4.46 4.75 2.72 3.75 15650713
2.54 2.57 4.08 2.66 4.24 4.21 3.28 2.42 2.68 2.62 5.66 5.44 4.78 2.31 4.66 2.90 2.12 3.27 2.05 8.93 5.22 0.00 5.30 2.63 0.00 2.49 3.59 3.53 4.80 5.48 2.83 3.56 15663803
2.67 2.66 4.24 2.64 3.27 3.22 3.19 3.46 2.94 2.67 5.29 5.47 4.51 3.56 7.02 6.95 2.06 3.14 4.22 7.91 2.46 0.00 2.96 3.15 0.00 2.47 3.30 3.73 4.28 3.03 3.33 3.53 15676893
0.00 2.65 3.96 2.73 4.57 2.90 3.04 4.07 2.58 2.77 2.50 6.35 2.95 5.38 7.30 7.12 2.33 3.53 2.96 8.93 2.76 0.00 3.39 3.05 0.00 2.31 3.28 3.33 3.45 3.58 3.36 3.43 15689983
2.17 2.80 4.22 2.50 4.66 4.43 3.39 3.60 4.52 2.12 2.77 6.44 3.44 4.23 5.29 7.02 2.44 3.64 3.14 8.71 2.26 7.22 2.98 5.05 0.00 2.48 4.09 3.50 3.82 3.84 3.35 3.49 15703073
0.00 2.89 4.16 2.38 5.15 3.02 3.20 2.93 3.80 3.36 4.10 0.00 2.60 3.77 7.17 4.39 2.76 3.58 5.98 0.00 2.53 0.00 4.80 4.01 0.00 2.55 3.31 3.59 2.98 3.37 2.88 3.45 15716163
0.00 2.97 2.74 2.59 4.60 3.61 3.44 3.01 2.36 4.65 7.06 4.14 4.35 4.57 7.06 5.70 2.95 2.45 6.01 2.73 2.93 0.00 2.74 2.16 0.00 2.69 3.38 3.81 4.12 4.35 2.81 3.40 15729253
3.04 3.01 4.20 2.75 4.71 3.21 3.25 3.85 2.96 2.33 6.57 3.05 2.19 2.54 7.32 4.04 2.49 3.03 4.54 0.00 2.74 0.00 2.32 2.79 0.00 2.98 4.43 3.63 2.96 4.12 3.19 3.33 15742343
0.00 2.91 4.14 3.01 4.92 4.89 3.43 6.01 4.94 3.65 5.16 6.92 4.60 4.37 7.10 7.06 2.80 3.58 6.64 5.31 2.88 0.00 5.08 5.05 0.00 3.27 4.21 3.73 3.12 5.09 3.18 3.36 15755433
0.00 3.02 4.23 2.75 5.01 5.05 3.18 6.30 4.95 4.43 4.80 6.87 4.29 4.49 7.13 5.68 2.06 3.72 6.30 8.59 4.29 0.00 5.27 5.08 0.00 3.36 3.93 3.54 4.46 5.31 3.11 3.37 15768523
5.53 2.95 4.14 2.92 4.90 3.87 3.37 6.27 4.13 2.73 6.39 7.16 4.25 6.08 7.05 7.11 2.09 3.53 2.25 8.35 5.26 7.12 3.15 4.49 0.00 3.18 4.55 3.51 3.22 3.59 3.14 3.43 15781613
5.31 2.97 4.19 2.85 4.94 4.88 3.12 5.57 4.65 4.54 6.83 6.83 4.62 6.13 7.10 6.96 2.70 3.80 6.59 8.18 5.56 0.00 10.13 4.39 0.00 3.47 4.72 3.48 4.61 5.03 3.13 3.38 15794704
0.00 2.99 4.26 2.92 5.13 4.73 3.41 6.66 5.21 5.30 6.99 6.89 4.52 5.46 7.04 7.23 2.19 3.90 6.45 8.44 5.44 7.18 10.71 4.61 0.00 3.16 4.62 3.63 4.32 5.63 3.13 3.36 15807794
0.00 3.00 4.18 2.71 4.76 4.89 3.93 6.21 5.46 3.06 7.00 6.89 4.31 6.22 7.14 6.98 2.24 3.73 6.34 8.00 5.53 0.00 0.00 4.77 0.00 3.15 4.61 4.20 4.65 5.54 3.28 3.57 15820883
0.00 2.96 4.21 3.71 4.77 4.87 3.74 6.09 5.04 6.38 6.93 6.82 0.00 5.62 7.09 7.36 2.39 3.55 6.27 8.03 5.49 0.00 0.00 4.05 0.00 3.37 4.60 3.66 4.71 5.52 3.15 3.46 15833973
5.45 2.89 0.00 6.08 4.83 4.70 3.37 6.70 5.19 6.32 6.91 6.87 4.91 6.08 7.10 7.17 2.01 3.59 6.36 8.06 5.87 7.33 10.57 4.23 0.00 0.00 4.65 0.00 4.60 5.48 3.12 3.42 15847064
0.00 2.98 4.22 3.08 5.65 4.90 3.30 0.00 5.20 6.07 6.96 0.00 4.36 5.96 0.00 7.10 2.58 3.48 6.50 8.12 5.91 0.00 0.00 5.29 0.00 3.53 4.68 3.44 4.64 0.00 3.12 3.43 15860153
0.00 2.96 4.13 2.86 4.87 4.79 3.20 0.00 0.00 6.49 6.99 6.93 4.46 5.99 7.09 7.12 0.00 3.42 6.36 7.99 5.60 7.06 10.54 0.00 0.00 3.17 4.56 3.52 4.59 5.53 3.27 3.37 15873244
0.00 2.86 4.13 3.02 4.84 4.80 3.84 0.00 5.32 6.51 7.04 6.87 4.46 6.06 7.08 7.17 2.13 3.47 6.62 7.96 5.40 7.12 10.71 5.02 0.00 3.20 4.65 3.39 4.66 5.53 3.15 3.52 15886334
0.00 2.88 4.03 3.34 4.89 4.89 0.00 0.00 5.23 6.46 6.94 6.84 4.34 6.02 0.00 7.07 2.29 3.38 6.53 8.51 5.56 0.00 10.73 5.08 0.00 0.00 4.59 4.19 4.76 5.50 3.14 3.36 15899424
0.00 2.92 4.31 0.00 4.83 5.00 3.44 6.40 5.13 6.44 7.08 6.83 4.28 6.11 7.11 7.18 2.07 3.54 6.43 8.06 5.37 0.00 10.73 0.00 0.00 3.27 4.62 3.34 4.72 5.56 3.18 3.45 15912514
0.00 3.07 4.17 3.09 4.89 5.06 3.76 6.32 5.37 6.42 6.95 6.86 4.30 5.95 7.06 7.12 2.61 3.48 6.11 7.91 5.50 7.10 10.72 4.67 0.00 3.16 4.71 3.76 4.89 5.60 3.20 3.49 15925604
0.00 2.98 4.12 2.72 4.89 4.88 3.28 6.37 5.33 6.46 7.37 6.77 4.52 5.97 7.09 7.12 2.04 3.50 6.31 8.03 5.63 0.00 10.61 4.61 0.00 3.19 4.65 3.54 4.88 0.00 3.10 3.37 15938694
0.00 3.01 4.07 2.71 4.89 4.88 3.19 6.12 0.00 6.40 6.94 6.82 4.59 6.38 7.47 7.29 3.03 3.63 6.42 0.00 5.48 7.20 10.72 5.00 0.00 3.19 4.67 3.46 4.75 5.54 3.10 4.11 15951784
0.00 2.93 3.96 0.00 4.90 5.04 3.65 0.00 5.15 5.92 6.91 6.74 4.47 6.15 7.09 7.17 2.03 3.63 6.45 7.91 5.51 0.00 10.65 5.54 0.00 3.23 4.69 3.34 4.77 0.00 3.12 3.63 15964874
0.00 2.94 4.06 0.00 4.87 4.88 3.30 0.00 0.00 6.43 6.91 0.00 4.57 6.02 7.05 7.17 2.85 3.52 6.96 8.42 5.42 0.00 10.72 5.38 0.00 3.39 4.94 0.00 4.73 5.48 3.10 3.47 15977964
0.00 3.02 4.19 2.96 4.91 4.85 3.31 6.08 0.00 6.46 6.93 6.88 4.64 6.04 7.10 7.48 0.00 3.47 6.57 7.95 6.23 0.00 10.77 4.97 0.00 3.19 4.68 4.17 4.67 5.60 3.14 3.46 15991054
0.00 3.07 4.07 0.00 4.90 4.81 3.85 6.29 0.00 6.43 6.95 6.77 4.31 6.07 7.14 7.26 0.00 4.08 7.40 8.16 5.49 0.00 10.73 0.00 0.00 3.18 4.67 3.46 4.85 5.78 3.09 4.09 16004144
0.00 3.06 4.27 0.00 4.91 4.78 0.00 0.00 0.00 6.48 6.91 6.76 0.00 5.96 7.24 7.13 0.00 3.45 6.59 7.90 5.41 0.00 10.64 5.26 0.00 3.24 4.65 3.43 4.69 5.50 3.11 3.40 16017234
0.00 2.95 3.85 0.00 0.00 4.87 0.00 0.00 5.13 6.41 7.00 6.89 4.95 5.98 7.10 7.14 0.00 3.58 6.39 8.09 5.54 0.00 10.58 0.00 0.00 3.22 4.65 3.71 4.69 5.59 3.15 3.39 16030324
0.00 2.97 4.06 3.18 5.06 4.80 3.32 6.20 0.00 6.52 7.01 6.81 4.63 6.02 7.62 7.15 0.00 3.42 6.38 7.83 5.44 0.00 10.62 4.60 0.00 3.21 4.67 3.34 4.65 6.06 3.14 3.41 16043414
0.00 2.92 3.81 5.44 5.02 4.85 0.00 6.29 0.00 6.48 6.91 6.81 4.33 5.87 7.14 7.18 2.99 3.70 6.46 7.93 5.44 0.00 10.65 4.94 0.00 3.23 4.74 3.76 4.62 5.48 3.18 3.45 16056504
0.00 2.90 3.90 3.20 5.05 4.80 4.00 6.23 5.61 6.45 6.95 6.73 4.42 6.22 7.04 7.23 0.00 3.52 6.57 7.97 5.55 7.22 10.86 0.00 0.00 3.18 5.02 3.50 4.77 5.46 3.17 3.61 16069594
0.00 2.91 3.91 5.42 4.47 4.83 3.33 6.21 5.39 6.53 7.03 6.85 4.34 5.92 7.05 7.19 0.00 3.37 6.64 7.92 5.52 7.04 10.47 5.31 0.00 3.29 4.79 3.66 4.74 5.98 3.12 3.34 16082684
5.45 2.94 3.96 3.17 4.18 4.68 3.56 6.19 0.00 6.47 7.19 7.07 4.38 5.96 7.20 7.27 0.00 3.45 6.52 7.93 5.40 0.00 10.70 0.00 0.00 3.34 4.68 3.63 4.70 5.57 3.20 3.50 16095774
0.00 2.96 3.90 5.51 4.05 4.46 3.67 6.22 0.00 6.23 6.95 6.77 4.43 6.04 7.18 7.45 0.00 3.63 6.39 7.88 5.40 0.00 10.64 5.10 0.00 3.48 4.64 3.67 4.63 5.52 3.16 3.33 16108864
0.00 3.07 4.05 0.00 4.06 4.40 3.76 6.12 5.71 6.55 7.27 6.79 4.34 5.94 7.17 7.16 2.02 3.46 6.45 8.05 5.85 7.08 0.00 0.00 0.00 3.24 4.66 3.75 4.69 5.46 3.14 3.80 16121953
0.00 3.02 3.87 0.00 4.07 4.13 0.00 6.42 0.00 6.60 6.99 6.91 4.44 5.90 7.04 7.11 2.46 3.53 6.50 8.09 5.32 7.77 8.55 5.49 0.00 3.22 5.06 3.58 4.62 5.56 3.15 3.56 16135043
0.00 2.99 3.99 2.92 4.17 4.15 3.63 6.16 0.00 5.46 7.13 0.00 4.63 6.09 7.07 7.07 2.10 3.54 6.40 8.08 5.48 7.70 10.46 4.62 0.00 3.23 4.84 3.44 5.12 5.57 3.17 3.35 16148134
0.00 2.95 3.90 5.53 4.08 4.16 3.44 5.98 0.00 5.58 6.82 6.94 4.54 6.21 7.28 7.26 2.19 3.61 5.90 7.83 5.51 0.00 4.86 4.88 0.00 3.45 4.89 3.46 4.65 5.49 3.16 3.34 16161223
0.00 2.99 3.96 2.90 4.16 3.94 3.27 6.01 4.81 3.43 6.94 6.80 5.04 5.93 7.22 7.27 2.45 3.92 6.21 8.19 5.43 7.24 7.75 4.56 0.00 3.65 5.13 3.50 4.68 5.74 3.27 3.35 16174313
0.00 2.98 4.00 2.94 4.14 4.10 3.51 0.00 3.76 5.03 7.09 7.06 4.42 6.18 7.20 7.17 2.95 3.87 6.17 7.79 5.40 0.00 5.95 0.00 0.00 3.81 4.90 3.48 4.66 5.66 3.15 3.41 16187403
0.00 2.81 4.03 2.75 4.03 4.14 3.33 0.00 4.47 5.05 7.02 6.95 4.46 5.48 6.74 7.53 0.00 3.68 2.39 7.98 5.49 0.00 2.18 3.99 0.00 3.75 5.26 3.61 4.78 5.51 3.25 3.46 16200493
0.00 3.22 4.12 2.59 4.14 4.37 3.43 3.28 5.38 6.59 6.78 6.90 4.54 4.99 7.13 7.33 2.07 3.68 4.36 7.88 3.13 0.00 0.00 0.00 0.00 3.33 4.81 3.51 4.74 5.58 3.24 3.45 16213583
0.00 2.92 3.96 2.81 4.00 3.92 3.65 5.34 5.13 2.34 7.40 6.91 4.75 5.87 7.07 6.19 2.11 3.59 6.27 8.51 5.58 0.00 10.38 4.24 0.00 3.41 2.56 3.78 4.79 5.60 3.29 3.46 16226674
0.00 2.95 4.15 3.58 3.75 4.13 3.25 5.83 5.43 3.88 7.25 6.72 4.65 6.14 7.08 7.71 2.13 3.97 5.03 8.09 4.45 0.00 3.17 5.40 0.00 3.42 4.80 3.64 4.48 5.54 3.23 3.43 16239763
0.00 3.02 3.99 2.42 3.51 3.70 2.15 5.87 4.68 3.91 7.19 7.04 4.56 5.71 7.09 7.27 2.17 4.14 5.99 8.02 4.95 0.00 3.37 5.22 0.00 3.47 4.73 3.56 4.78 3.20 3.26 3.43 16252853
0.00 2.96 4.10 3.76 3.41 4.06 3.14 3.59 2.89 4.87 7.32 6.83 4.50 3.45 7.09 7.40 2.16 3.71 6.08 7.76 5.18 7.47 4.08 4.81 0.00 3.43 4.41 3.72 4.84 5.13 3.25 3.88 16265943
5.43 2.95 4.07 2.90 3.38 3.84 3.11 5.12 0.00 2.59 7.22 6.87 4.51 6.30 7.32 7.66 2.41 3.80 6.35 8.00 5.34 0.00 7.36 4.58 0.00 3.34 4.92 3.72 4.58 5.70 3.65 3.67 16279033
0.00 3.06 3.98 3.18 3.15 3.88 3.34 6.01 5.22 5.03 6.85 6.78 4.48 5.25 7.29 7.52 2.27 3.59 6.17 8.06 5.87 0.00 2.51 4.51 0.00 3.56 4.21 3.78 4.84 5.81 3.34 3.57 16292123
0.00 3.18 3.98 3.13 3.33 3.40 3.80 6.14 2.95 6.58 7.57 6.75 4.49 4.47 7.29 6.53 2.14 3.97 3.74 7.98 6.09 7.42 6.32 5.19 0.00 3.55 4.95 4.10 4.89 4.89 3.35 3.48 16305213
0.00 3.01 4.21 3.08 3.37 3.44 3.33 5.69 4.60 5.01 7.31 7.02 4.64 3.08 7.13 7.59 2.15 4.02 6.37 8.07 5.67 0.00 2.71 5.25 0.00 3.68 4.64 4.02 4.85 5.62 3.35 3.46 16318303
0.00 2.65 3.96 3.45 3.29 3.47 0.00 5.85 4.72 5.19 7.42 6.73 4.59 6.17 7.27 6.64 2.06 3.94 6.40 8.23 5.73 7.58 2.54 5.15 0.00 4.00 4.84 3.89 4.87 5.82 3.31 3.50 16331393
0.00 3.11 4.08 2.86 3.52 3.57 3.36 5.88 0.00 6.07 7.35 6.65 4.78 6.05 7.52 7.44 2.71 4.06 6.27 8.15 5.58 8.03 10.27 4.88 0.00 3.47 4.54 4.21 4.74 4.31 3.29 3.44 16344484
0.00 3.05 4.15 2.91 3.42 3.52 0.00 5.81 2.31 5.92 7.45 0.00 4.91 5.42 7.19 7.73 2.92 4.02 6.40 8.03 4.51 7.52 0.00 4.76 0.00 3.41 4.88 3.83 4.91 5.76 3.38 3.44 16357573
0.00 3.05 4.09 3.14 3.73 3.52 3.21 4.93 0.00 4.09 7.47 6.65 4.64 6.25 7.24 7.56 0.00 3.68 6.29 8.19 5.63 0.00 10.50 4.46 0.00 3.62 4.78 3.89 4.89 5.58 3.36 3.49 16370664
0.00 3.09 4.46 2.69 3.56 3.53 2.78 0.00 5.21 5.97 7.52 6.74 4.76 6.34 7.20 5.79 2.10 3.80 6.37 8.16 5.69 7.85 10.73 5.09 0.00 3.58 4.87 3.73 4.98 5.63 3.36 3.45 16383754
0.00 3.06 4.05 2.79 3.55 3.55 3.37 5.61 5.12 6.90 7.31 6.71 4.55 5.98 7.19 7.53 2.08 3.57 6.19 8.61 0.00 7.44 0.00 4.73 0.00 3.61 4.91 3.65 4.99 5.93 3.35 3.49 16396843
0.00 3.10 3.95 3.30 3.71 3.59 0.00 5.61 5.20 7.04 7.42 7.18 5.18 6.02 7.27 7.53 0.00 3.66 6.48 8.64 5.48 0.00 10.48 0.00 0.00 3.67 4.91 3.93 5.04 5.66 3.39 3.93 16409934
0.00 3.10 4.04 5.38 3.39 3.55 3.32 5.69 5.78 7.38 7.39 6.63 4.61 6.09 7.24 7.45 2.94 3.71 6.34 8.17 5.52 0.00 10.09 5.17 0.00 0.00 4.98 3.67 4.91 5.65 3.35 3.54 16423024
0.00 3.09 4.11 4.36 3.91 3.59 3.32 5.84 5.18 7.45 0.00 6.61 4.59 0.00 7.18 0.00 2.02 3.55 6.21 8.16 5.54 0.00 10.68 0.00 0.00 3.65 4.78 3.64 5.01 5.68 3.40 3.51 16436114
0.00 3.09 4.00 4.91 3.42 3.61 0.00 5.58 5.25 6.78 7.38 6.71 4.56 6.13 7.23 7.76 2.77 3.79 6.24 8.11 5.90 0.00 10.69 5.26 0.00 3.79 5.45 3.86 5.00 5.85 3.39 3.49 16449204
0.00 3.09 4.01 3.24 3.45 3.61 0.00 5.57 0.00 7.45 7.35 6.56 4.58 5.79 7.22 7.56 2.12 4.17 6.38 8.30 5.87 0.00 10.71 5.17 0.00 3.51 4.85 3.95 4.96 5.69 3.40 3.54 16462294
0.00 3.10 4.08 3.28 3.46 3.62 0.00 5.60 0.00 7.37 7.34 6.68 4.37 6.38 7.36 7.49 2.02 3.69 6.31 8.02 5.57 7.42 10.63 4.61 0.00 3.62 4.90 3.89 4.90 6.34 3.37 0.00 16475384
0.00 3.05 4.12 2.96 3.54 3.62 0.00 5.55 5.12 7.39 7.35 6.61 4.48 6.21 7.25 7.75 2.01 3.73 6.27 8.06 5.45 0.00 10.61 4.53 0.00 3.93 4.87 4.04 5.08 5.75 3.38 3.46 16488474
0.00 3.09 4.06 2.73 3.53 3.65 0.00 5.49 5.44 7.44 0.00 6.63 4.90 4.07 7.26 7.52 2.09 3.72 6.27 0.00 5.70 0.00 10.76 4.85 0.00 3.52 4.85 3.90 4.93 5.65 3.46 3.48 16501564
0.00 3.08 3.98 2.88 3.47 3.73 0.00 5.66 0.00 7.45 7.36 6.58 4.54 6.02 7.36 7.49 2.15 3.58 6.26 8.57 5.51 7.72 10.63 0.00 0.00 0.00 4.85 3.64 4.96 5.62 3.39 3.54 16514654
0.00 3.08 3.96 2.88 3.54 3.64 3.55 5.60 0.00 7.52 7.50 6.58 4.74 6.05 7.32 7.53 2.16 3.73 6.58 8.70 6.26 7.65 10.81 5.05 0.00 3.90 4.88 3.79 4.97 5.68 3.33 3.52 16527744
0.00 3.08 4.01 2.76 3.46 3.61 0.00 5.44 0.00 7.38 7.58 6.60 4.35 6.01 7.25 7.45 2.12 3.65 6.34 0.00 5.94 0.00 10.73 4.80 0.00 3.78 4.86 3.87 4.94 5.65 3.40 3.61 16540834
0.00 3.07 3.97 2.95 3.45 3.68 0.00 5.46 0.00 7.41 7.53 6.65 4.42 6.20 7.45 7.52 2.10 3.68 6.49 8.64 6.41 7.44 10.72 4.82 0.00 3.74 4.86 3.82 5.00 5.61 3.32 3.51 16553924
0.00 3.12 3.97 2.82 3.46 3.68 0.00 5.46 0.00 7.46 7.37 6.64 4.79 6.31 7.96 7.64 2.15 3.69 6.66 8.24 0.00 0.00 0.00 4.80 0.00 3.74 4.86 4.20 5.05 5.74 3.33 3.54 16567013
0.00 3.11 4.01 2.63 3.47 3.78 0.00 5.48 0.00 7.43 7.37 6.61 4.41 6.24 7.81 7.44 2.43 3.73 6.29 8.45 5.56 0.00 10.76 4.83 0.00 3.59 4.86 3.62 5.38 5.84 3.36 3.54 16580104
0.00 3.10 3.98 2.87 3.58 3.66 0.00 5.83 0.00 7.45 7.42 6.62 4.55 6.04 7.31 7.62 2.54 3.63 6.35 8.11 5.66 7.74 10.88 5.23 0.00 3.75 4.87 4.36 4.87 0.00 3.35 0.00 16593194
0.00 3.10 4.05 2.83 3.53 3.64 0.00 5.49 0.00 7.47 7.38 6.62 4.44 6.11 7.48 8.01 2.11 3.59 6.24 8.03 6.10 0.00 10.64 4.85 0.00 3.76 4.87 3.66 5.14 5.73 3.35 0.00 16606284
0.00 3.09 4.03 3.10 3.48 3.64 0.00 5.60 0.00 7.44 7.36 6.66 4.37 6.31 7.53 7.52 2.10 3.53 6.32 8.28 0.00 7.49 10.84 5.32 0.00 3.78 4.86 3.65 5.26 5.68 3.36 3.90 16619374
0.00 3.11 3.98 3.03 3.58 3.63 0.00 5.75 0.00 7.52 7.55 6.61 4.28 6.28 7.22 7.65 2.80 3.75 6.58 7.99 0.00 0.00 10.84 0.00 0.00 3.92 4.88 3.79 4.96 5.67 3.56 0.00 16632464
0.00 3.12 4.08 2.84 3.58 3.63 0.00 5.44 0.00 7.41 8.01 0.00 4.29 6.53 7.29 7.54 2.14 3.71 6.48 8.24 0.00 0.00 10.78 4.40 0.00 4.04 4.85 4.25 4.94 5.61 3.38 3.53 16645554
0.00 3.11 4.08 2.98 3.63 3.63 0.00 5.50 0.00 7.45 7.55 6.66 4.42 6.16 7.25 7.66 2.16 3.68 6.39 8.74 0.00 0.00 10.75 4.42 0.00 3.93 4.87 3.86 4.90 5.74 3.46 3.62 16658644
0.00 3.11 4.02 3.24 3.45 3.64 0.00 5.59 0.00 7.40 7.42 6.70 4.38 6.09 7.81 7.61 2.14 3.62 6.58 8.07 5.56 7.42 0.00 4.47 0.00 3.80 4.86 3.65 4.95 5.63 3.38 0.00 16671733
0.00 3.10 3.97 0.00 3.48 3.65 0.00 5.48 0.00 7.47 7.39 6.62 4.23 6.22 7.28 7.49 2.32 4.06 6.57 8.67 5.59 8.03 0.00 4.42 0.00 3.93 4.86 3.72 4.86 5.76 3.46 3.50 16684823
0.00 3.12 3.99 0.00 3.43 3.69 0.00 5.55 0.00 7.41 7.37 6.94 4.42 6.05 7.34 7.54 2.12 3.67 6.87 7.96 5.68 0.00 0.00 4.50 0.00 3.46 4.87 3.77 4.99 0.00 3.33 3.59 16697913
0.00 3.11 4.03 5.88 3.44 3.71 3.60 5.67 0.00 7.44 7.33 6.70 4.86 5.55 7.41 7.62 2.43 3.74 6.27 8.31 0.00 7.55 0.00 4.39 0.00 3.46 4.88 4.33 4.90 5.61 3.36 3.96 16711003
0.00 3.08 4.12 5.52 3.37 3.71 3.82 5.29 0.00 7.41 7.36 6.60 4.58 6.16 7.42 7.56 0.00 3.64 6.38 8.09 0.00 7.76 0.00 0.00 0.00 3.68 4.86 3.67 4.90 5.69 3.35 3.63 16724093
0.00 3.11 4.06 5.30 3.16 3.69 3.55 5.40 0.00 7.41 7.38 6.66 4.37 3.84 7.53 7.73 2.88 3.68 6.26 8.00 5.80 7.89 0.00 0.00 0.00 3.55 4.86 3.89 4.92 5.65 3.40 3.97 16737183
0.00 3.05 4.17 4.45 3.07 3.69 3.29 5.11 5.32 7.43 7.43 7.28 4.44 6.24 7.43 7.65 0.00 4.08 6.55 8.26 5.89 7.49 10.77 4.62 0.00 3.64 4.87 3.76 5.18 5.79 3.37 3.58 16750274
0.00 3.12 4.47 3.31 2.95 3.84 3.52 5.07 0.00 7.43 7.31 6.67 4.29 5.02 8.19 8.21 0.00 3.98 6.54 8.40 0.00 0.00 0.00 5.65 0.00 3.44 4.80 3.82 4.89 0.00 3.37 3.52 16763363
0.00 2.95 4.32 2.77 2.93 3.54 3.51 4.19 5.39 5.88 7.47 6.60 4.31 5.96 7.36 7.69 0.00 3.40 6.80 8.30 6.26 7.58 0.00 0.00 0.00 3.61 4.73 3.76 5.44 5.74 3.34 3.58 16776453
0.00 3.05 4.31 2.61 2.89 3.00 3.96 4.79 5.35 3.23 7.40 6.92 4.71 6.43 7.65 0.00 2.41 3.83 6.53 8.21 4.52 7.71 0.00 5.36 0.00 3.59 4.69 3.92 5.02 5.68 3.35 3.75 16789543
0.00 3.03 4.49 3.47 2.99 3.12 3.77 4.99 4.17 5.14 7.06 6.62 4.24 6.43 7.85 7.93 2.56 3.70 6.70 8.90 5.81 0.00 10.67 4.74 0.00 3.52 4.78 3.68 4.93 5.73 3.46 3.52 16802634
0.00 3.03 4.48 4.16 2.93 2.86 3.49 4.07 4.96 4.75 7.30 6.95 4.66 4.79 7.85 7.91 2.84 3.62 4.24 8.56 3.57 0.00 0.00 3.84 0.00 3.57 4.63 4.00 5.06 5.68 3.42 3.56 16815723
0.00 2.93 4.41 2.59 3.08 3.03 3.73 4.29 5.40 3.83 7.53 6.57 4.65 5.48 7.94 7.86 2.52 3.94 5.10 8.32 4.69 0.00 7.49 0.00 0.00 3.36 4.86 4.04 4.72 5.80 3.48 3.76 16828813
0.00 2.87 4.45 3.14 2.94 3.03 2.88 3.51 4.15 2.57 7.82 6.53 5.27 4.87 7.98 7.98 2.74 3.81 6.18 8.38 5.89 0.00 5.24 3.40 0.00 3.43 5.08 3.77 5.03 5.70 2.65 3.62 16841903
5.39 3.07 4.50 3.07 2.94 3.19 2.52 3.05 2.55 4.35 7.67 6.50 3.01 3.30 5.56 7.87 2.09 3.55 2.91 8.43 2.43 0.00 5.10 4.95 0.00 3.25 4.31 3.94 4.95 5.69 3.48 3.63 16854993
2.78 2.65 4.51 2.22 3.13 3.15 3.13 3.79 2.44 3.96 3.22 5.89 3.82 2.87 8.45 0.00 0.00 3.84 4.46 8.59 2.48 0.00 4.04 4.81 0.00 3.11 4.50 3.77 5.13 5.14 3.44 3.61 16868083
3.41 3.11 4.53 2.86 3.17 3.06 2.53 3.29 3.28 2.34 4.95 6.42 4.82 3.00 8.35 0.00 2.64 2.89 3.77 8.65 3.02 0.00 2.72 3.87 0.00 3.33 3.17 3.79 3.46 5.54 3.25 3.69 16881173
3.01 2.22 4.49 2.86 3.30 3.06 3.27 3.36 2.96 2.43 6.94 6.51 0.00 5.22 8.29 5.31 3.11 3.37 4.49 4.11 2.21 0.00 2.38 4.37 0.00 3.74 3.80 4.08 4.65 5.27 3.47 3.62 16894263
0.00 2.84 4.07 2.68 3.27 3.04 2.54 3.56 4.74 2.82 3.98 5.10 3.62 3.34 8.33 5.35 2.01 2.46 2.93 2.34 3.21 0.00 3.04 2.89 0.00 3.27 4.12 3.80 2.68 5.88 3.47 3.73 16907353
3.07 2.76 2.94 2.96 3.30 3.10 2.62 3.33 2.54 2.69 2.65 5.78 3.11 2.85 0.00 3.16 2.53 3.58 2.73 8.89 0.00 0.00 2.69 3.59 0.00 3.17 3.60 3.97 3.70 5.80 3.48 3.60 16920443
3.55 2.87 4.74 2.64 3.74 3.00 2.49 2.48 3.59 2.66 2.73 6.10 4.32 2.54 8.25 5.37 2.09 3.20 5.34 2.93 3.05 0.00 2.48 4.93 0.00 3.14 2.81 4.43 4.04 3.44 3.56 3.59 16933533
5.51 2.94 4.52 2.37 3.52 2.91 3.22 3.08 3.06 3.15 2.56 4.95 2.80 2.29 0.00 0.00 2.20 3.65 4.20 0.00 2.20 0.00 2.81 4.42 0.00 2.83 3.20 4.09 2.80 4.53 2.85 3.76 16946623
3.21 2.66 5.00 2.49 3.69 3.38 2.69 3.47 3.06 2.54 3.57 2.55 2.82 2.77 7.98 2.56 2.11 3.37 3.81 2.79 3.43 0.00 3.13 2.50 0.00 2.69 2.44 3.98 2.51 2.16 2.75 3.74 16959713
3.72 2.86 4.77 2.27 3.90 3.22 3.10 3.66 2.60 3.05 3.02 2.96 3.39 2.56 7.73 0.00 2.06 2.99 2.73 8.99 2.62 0.00 2.96 3.51 0.00 2.52 2.46 2.99 3.44 3.19 3.51 3.74 16972803
3.41 2.85 3.48 2.77 3.23 2.98 2.68 3.72 3.40 2.56 4.20 3.05 2.05 2.46 7.57 6.18 2.08 2.69 3.71 2.44 2.12 0.00 3.12 2.45 0.00 2.48 2.27 3.74 4.25 2.85 3.11 3.57 16985893
2.55 2.59 4.81 2.86 3.94 3.57 2.20 2.73 2.32 2.54 2.10 2.99 2.77 2.37 7.67 3.99 2.10 3.21 5.93 2.57 4.07 0.00 3.49 2.95 0.00 2.58 3.26 4.53 2.99 5.43 2.78 3.97 16998983
3.50 2.13 4.26 2.36 2.79 2.68 3.45 3.68 3.23 2.45 2.52 2.37 2.32 2.51 2.48 2.25 2.87 3.72 2.60 2.72 3.36 0.00 2.24 2.76 0.00 2.70 3.04 2.56 3.24 3.25 2.24 3.01 17012073
2.98 2.98 2.82 2.62 2.39 3.22 2.86 3.77 2.72 2.29 2.51 3.01 3.50 3.17 6.56 6.09 0.00 3.38 3.15 3.17 3.43 0.00 2.46 2.50 0.00 2.63 3.01 3.07 2.67 2.37 3.62 3.37 17025163
4.99 2.90 4.35 2.74 3.77 2.33 3.65 3.51 2.64 2.29 2.72 5.69 2.56 2.43 3.48 2.89 2.11 3.19 2.37 2.43 2.48 0.00 3.03 3.03 0.00 2.60 2.62 2.13 3.11 4.28 2.72 3.75 17038253
2.24 2.86 3.63 2.22 3.19 2.89 2.47 2.61 4.99 2.48 2.66 3.01 3.77 2.50 4.79 3.06 2.23 3.18 2.55 5.41 2.58 2.43 2.31 2.30 0.00 2.66 3.18 3.99 2.66 3.41 2.49 2.81 17051343
3.18 2.82 3.58 2.55 3.57 2.51 2.66 4.47 2.62 2.51 3.78 2.55 3.95 2.25 5.48 0.00 2.57 2.94 3.65 2.85 2.36 0.00 2.34 2.54 0.00 2.67 2.70 4.17 2.94 5.44 2.64 3.72 17064433
3.27 2.61 3.86 2.62 3.85 2.76 2.50 2.53 2.35 2.21 2.32 2.40 2.55 2.45 7.69 2.55 2.26 3.12 2.66 8.95 2.12 2.03 2.42 2.55 0.00 2.73 3.16 4.07 2.86 3.79 2.95 3.81 17077523
2.57 2.42 2.53 2.44 3.37 2.83 3.35 2.93 2.94 2.64 2.54 5.41 4.79 3.95 2.68 2.24 2.66 3.29 2.57 4.12 2.71 2.15 2.57 3.03 0.00 3.15 2.26 4.26 2.66 4.29 2.24 2.08 17090613
3.35 2.92 4.35 2.74 3.92 2.41 2.91 4.62 2.19 3.02 3.63 5.21 2.78 2.51 5.45 3.09 2.14 3.71 3.12 2.37 3.84 0.00 2.25 2.35 0.00 3.01 3.49 4.22 2.44 2.59 2.88 3.01 17103703
3.79 2.57 3.52 2.19 3.94 3.17 2.96 3.49 2.24 3.01 4.18 4.84 4.13 2.74 3.36 7.59 2.33 2.35 3.20 8.97 2.78 0.00 2.20 0.00 0.00 2.60 2.94 4.00 2.14 3.34 3.77 3.90 17116793
3.98 2.84 4.31 2.25 3.79 3.54 3.21 3.62 2.74 2.44 4.31 5.18 4.04 2.72 7.67 7.56 2.95 2.58 3.18 2.59 2.14 0.00 3.75 2.33 0.00 3.16 2.59 2.81 3.22 5.26 2.18 4.15 17129883
3.80 3.05 4.89 2.23 2.56 2.41 2.84 2.70 2.25 3.69 4.03 3.99 3.39 2.67 6.02 3.52 2.16 3.04 4.56 4.34 3.14 0.00 2.84 2.13 0.00 2.41 2.76 4.00 3.62 5.91 3.14 3.86 17142973
3.88 2.64 4.01 2.43 2.77 2.78 2.66 4.77 2.56 2.36 3.33 4.68 5.27 3.12 2.63 4.67 2.08 2.54 3.60 9.18 2.40 0.00 3.09 3.83 0.00 3.26 2.21 3.57 2.41 2.41 3.34 3.74 17156063
3.00 2.81 4.67 2.26 2.93 3.67 3.41 2.86 2.60 2.34 4.37 5.10 4.28 3.07 4.92 5.31 2.27 2.91 2.68 3.04 3.02 5.75 2.33 2.80 0.00 3.00 2.25 3.54 2.65 4.22 2.87 4.01 17169153
3.75 2.46 4.87 2.41 3.32 2.83 3.08 4.27 3.73 2.30 2.91 4.91 3.98 2.95 7.87 7.74 2.05 2.58 2.42 0.00 2.42 5.65 2.41 3.88 0.00 3.24 2.55 3.19 2.50 6.01 2.87 4.20 17182243
3.80 2.77 4.75 2.44 3.41 2.90 2.91 5.00 2.38 2.27 4.08 3.67 3.25 2.52 6.54 3.61 2.33 3.48 3.52 6.86 3.03 0.00 2.23 4.10 0.00 3.57 3.22 3.08 2.12 2.41 2.46 4.14 17195333
3.68 2.97 4.03 2.28 3.96 3.65 3.46 4.35 2.50 2.70 4.42 4.36 5.25 3.30 4.59 8.12 2.10 2.55 3.56 8.92 2.42 5.26 2.95 4.47 0.00 4.11 2.92 3.94 2.45 3.66 2.26 4.00 17208423
3.76 2.45 4.96 2.47 3.71 2.52 3.40 5.03 2.74 3.00 3.79 4.14 4.10 2.46 7.92 8.05 2.56 3.49 2.60 2.68 2.51 5.11 2.61 4.59 0.00 3.89 3.44 4.07 2.60 5.25 3.16 3.87 17221513
3.60 2.95 3.20 2.87 3.79 2.85 3.25 3.16 3.24 2.44 3.93 4.18 5.28 3.02 7.73 8.13 2.08 2.86 2.28 8.88 2.47 0.00 3.37 3.74 0.00 3.14 3.09 3.90 3.94 2.33 3.09 3.05 17234603
3.47 2.89 4.70 2.64 3.81 3.02 3.45 3.67 3.30 3.13 4.32 4.31 3.22 2.65 7.85 8.06 2.13 3.07 3.74 9.09 2.81 0.00 2.78 4.21 0.00 4.15 3.04 4.19 4.08 6.12 2.99 4.00 17247693
3.53 2.86 4.30 2.35 3.89 3.33 3.30 4.11 3.38 2.93 3.63 4.60 4.82 3.60 7.98 2.18 2.61 3.46 2.62 8.73 3.42 5.15 3.19 2.96 0.00 4.02 3.57 3.96 3.82 4.21 3.26 3.99 17260783
3.55 2.93 4.43 2.04 3.75 2.93 3.33 3.99 4.27 2.43 4.25 4.38 5.12 5.20 8.08 8.09 2.02 3.54 4.74 8.78 4.70 0.00 2.39 2.86 0.00 3.61 2.73 3.41 2.74 4.17 3.97 3.98 17273873
3.24 2.62 4.80 2.77 3.78 3.56 3.25 5.09 2.20 2.32 4.26 4.23 5.36 3.80 8.38 7.71 2.47 3.34 2.49 2.98 4.45 4.63 4.76 4.58 0.00 4.22 3.47 3.82 2.36 5.47 3.03 4.11 17286963
3.40 2.98 4.75 2.65 3.83 3.59 3.38 3.67 2.59 2.16 4.26 4.50 5.60 5.29 8.37 0.00 2.67 2.89 5.46 6.49 3.60 4.68 3.03 3.68 0.00 4.00 3.24 3.70 3.84 4.17 3.13 4.01 17300053
3.31 2.86 4.86 2.43 3.71 3.51 2.75 5.11 4.96 3.34 4.30 4.64 5.53 3.11 8.22 5.51 2.44 3.70 3.27 8.72 3.63 0.00 3.02 2.93 0.00 4.31 3.19 4.27 4.15 4.26 4.02 4.02 17313143
3.21 2.92 4.87 2.65 3.70 3.66 3.34 4.73 4.25 2.95 4.24 4.39 5.65 4.54 7.83 0.00 2.17 3.20 4.88 6.98 5.02 4.72 3.00 4.70 0.00 4.48 3.55 3.81 2.59 2.78 2.48 4.04 17326233
3.19 2.70 4.78 2.81 3.68 3.58 3.58 5.07 2.74 3.95 4.18 4.45 5.63 4.93 8.38 8.36 2.01 3.49 3.60 8.61 3.14 4.63 2.69 4.90 0.00 4.33 2.92 3.96 3.75 3.32 2.70 3.97 17339323
3.28 2.88 4.77 2.42 3.54 3.62 3.21 5.26 4.44 2.50 4.26 4.44 5.90 4.88 8.18 0.00 2.81 3.30 6.18 8.72 4.43 0.00 3.81 3.12 0.00 4.58 3.68 4.02 4.26 4.15 3.96 4.07 17352413
3.25 2.90 5.07 2.49 3.69 2.57 3.43 4.98 4.10 3.63 4.07 4.45 6.46 7.10 8.28 10.83 2.03 3.73 5.22 8.71 2.87 4.63 3.25 2.12 0.00 4.31 4.30 4.41 2.88 3.94 4.00 4.01 17365504
3.28 2.68 4.83 3.17 3.58 3.38 3.36 4.06 3.56 2.47 4.33 4.50 6.29 2.20 8.41 0.00 0.00 3.66 6.13 8.82 3.82 4.58 2.24 4.77 0.00 4.33 3.62 3.34 2.49 6.24 2.91 3.68 17378593
3.32 2.75 5.02 3.02 3.63 3.46 3.50 5.32 4.71 3.22 4.07 4.66 6.21 6.55 8.17 0.00 0.00 3.71 5.97 8.64 4.63 0.00 8.60 4.64 0.00 4.13 5.65 4.12 4.40 5.08 4.01 4.04 17391683
3.36 2.70 4.71 3.24 3.52 3.24 3.35 5.10 3.66 2.79 4.28 4.50 0.00 5.53 8.13 0.00 0.00 3.77 3.53 8.61 4.74 4.51 3.22 0.00 0.00 4.47 3.68 4.36 2.72 6.14 3.67 4.01 17404773
3.23 2.72 4.90 3.06 3.58 3.12 3.41 5.13 3.37 3.70 4.26 4.19 0.00 3.64 8.30 2.24 2.37 3.75 5.62 8.90 3.80 4.59 2.56 4.29 0.00 4.45 5.18 3.95 3.65 6.29 3.05 4.07 17417863
3.19 2.73 4.89 2.73 3.62 3.17 3.49 5.41 4.17 3.18 4.25 4.65 0.00 5.43 8.23 7.91 2.62 3.37 4.71 8.80 2.93 4.58 3.23 4.83 0.00 2.94 3.31 3.87 2.98 6.33 3.62 4.03 17430953
3.15 2.71 5.13 2.61 3.63 3.17 3.48 5.34 4.66 3.33 4.31 4.88 0.00 6.26 8.29 0.00 2.09 3.71 4.02 9.18 2.61 4.86 2.17 0.00 0.00 5.05 2.91 4.04 3.47 5.12 2.29 4.10 17444043
3.09 2.74 2.88 2.50 3.60 3.17 3.42 5.24 4.56 3.91 4.28 4.58 6.34 7.57 8.44 0.00 2.75 3.87 6.16 8.94 3.83 4.41 3.27 3.16 0.00 4.78 5.92 4.13 4.35 5.14 3.17 4.40 17457133
3.03 2.73 4.81 2.62 3.81 3.16 3.81 5.05 4.34 3.86 4.58 4.66 0.00 6.72 8.41 0.00 2.71 3.74 6.83 8.68 4.27 4.59 3.21 3.96 0.00 4.93 4.92 4.40 2.60 6.27 4.01 4.11 17470223
3.48 2.69 3.41 2.27 3.60 3.10 3.49 3.19 3.85 2.65 4.10 4.66 0.00 7.28 8.42 0.00 2.06 3.78 5.93 8.83 3.37 0.00 3.49 3.51 0.00 4.68 4.87 3.89 4.38 2.57 3.60 4.06 17483313
3.01 2.80 4.66 2.72 3.78 3.16 3.49 4.96 4.35 2.66 4.38 4.86 0.00 7.28 8.46 0.00 2.04 3.50 4.41 9.01 3.74 5.03 3.09 4.16 0.00 5.36 4.49 4.10 4.58 5.34 3.00 4.02 17496403
3.26 2.66 4.42 2.60 3.79 3.19 3.18 5.23 3.81 3.46 4.39 4.76 0.00 5.99 8.41 8.04 2.39 3.53 5.38 8.98 4.32 4.43 3.87 4.78 0.00 5.02 5.63 3.85 2.64 4.11 4.05 4.19 17509493
3.29 2.81 4.93 2.40 3.73 3.18 3.28 5.06 4.13 2.87 4.46 4.71 0.00 6.48 8.43 0.00 2.26 3.17 4.88 9.05 4.19 4.44 6.35 4.17 0.00 0.00 4.51 4.01 2.75 6.20 4.08 0.00 17522583
3.30 2.68 4.99 2.23 3.81 3.13 3.31 4.98 3.91 3.58 4.51 4.93 6.30 6.70 8.44 0.00 2.18 3.16 5.11 9.03 4.33 4.35 3.60 3.82 0.00 5.31 3.01 4.00 5.03 6.92 4.04 4.04 17535673
3.56 2.71 4.98 3.30 3.86 3.30 2.89 5.03 3.78 3.04 4.51 4.87 6.10 3.73 8.42 5.10 2.04 3.00 5.99 0.00 4.20 4.60 5.13 3.71 0.00 5.11 4.27 3.49 4.68 6.28 4.12 0.00 17548763
3.31 2.82 4.59 2.39 3.85 3.21 3.13 5.10 3.37 3.08 4.40 4.94 6.08 6.91 8.44 0.00 2.23 3.97 3.62 8.90 4.17 4.49 3.17 4.52 0.00 5.32 4.37 4.16 4.73 6.25 3.48 4.10 17561853
3.36 2.77 4.61 3.32 3.90 3.15 3.00 4.14 3.48 2.87 4.08 5.22 0.00 3.51 8.08 0.00 2.49 3.52 5.27 8.94 3.26 4.87 3.10 3.09 0.00 2.70 3.63 3.90 4.04 6.71 2.65 4.12 17574943
3.57 2.85 4.38 2.39 3.88 3.34 3.68 4.24 2.82 2.45 3.75 5.01 3.81 2.95 8.43 0.00 0.00 3.74 6.54 9.10 4.13 4.53 3.63 3.77 0.00 5.12 5.90 3.96 2.87 3.27 4.09 4.22 17588033
3.20 2.93 4.03 2.70 3.89 2.82 3.28 3.90 2.83 2.69 2.47 5.10 5.82 5.80 8.21 0.00 2.43 2.61 4.39 6.81 3.68 5.00 2.57 3.94 0.00 3.41 3.53 4.16 4.06 4.72 3.56 4.27 17601123
3.42 2.79 3.93 2.72 3.92 3.45 2.29 4.75 2.46 3.36 4.58 5.21 6.55 2.90 6.47 7.97 2.08 3.66 3.33 9.23 2.35 4.62 4.80 2.41 0.00 4.95 4.48 3.26 3.69 6.37 2.96 4.40 17614213
3.35 2.69 4.92 3.09 4.12 3.00 2.68 5.07 2.87 2.33 4.43 5.61 4.34 2.94 8.31 0.00 2.03 3.64 2.44 9.01 3.46 4.49 2.59 3.57 0.00 2.39 3.17 4.08 4.22 3.52 3.80 4.00 17627303
3.27 2.78 4.75 2.98 3.91 3.27 2.92 2.92 2.28 2.54 2.97 3.90 5.99 2.62 7.94 6.27 2.18 2.57 2.25 8.93 2.74 4.67 2.98 3.84 0.00 3.37 3.08 3.88 3.68 4.50 2.87 4.27 17640393
3.23 2.79 4.66 2.43 4.06 2.63 3.45 3.30 2.36 2.72 4.08 3.94 2.42 2.33 7.52 6.23 2.35 3.51 2.71 9.17 3.09 0.00 3.11 2.25 0.00 5.00 3.63 4.04 3.33 2.69 2.71 3.71 17653483
2.71 2.84 4.57 2.68 4.08 3.06 3.08 5.26 2.82 2.28 3.17 5.72 5.50 4.14 7.03 5.44 2.59 2.53 2.60 2.97 3.13 4.82 2.81 2.72 0.00 3.44 2.95 3.95 3.13 4.04 2.18 4.70 17666573
3.54 2.74 2.36 2.39 3.82 2.49 3.11 2.47 2.39 2.52 2.29 4.98 4.36 4.21 7.46 6.45 2.61 2.10 2.95 0.00 2.42 0.00 4.39 2.19 0.00 4.55 4.14 3.05 2.47 3.22 2.75 4.57 17679663
3.83 2.67 2.38 2.61 2.35 2.89 2.75 5.07 2.46 2.28 2.64 3.25 5.36 2.83 3.97 5.30 2.07 3.05 2.78 2.71 2.90 4.67 3.13 2.70 0.00 3.20 3.22 4.18 3.18 2.44 3.35 4.79 17692753
3.19 2.70 2.22 2.31 4.25 2.43 3.10 5.11 2.82 2.55 2.68 2.60 4.24 3.30 6.58 6.58 2.26 2.58 2.66 2.56 2.75 0.00 3.55 2.22 0.00 4.19 2.57 4.60 3.37 3.66 2.72 3.80 17705843
3.22 2.34 3.07 2.21 3.64 3.14 2.53 2.49 3.33 2.48 2.63 3.64 4.43 2.91 3.20 2.70 2.18 2.80 2.27 8.52 3.42 0.00 3.19 3.14 0.00 2.65 3.25 4.52 3.27 2.49 2.42 4.68 17718933
3.76 2.71 3.50 2.36 2.93 3.54 3.22 3.81 2.23 2.62 2.41 3.27 5.07 2.24 5.96 2.96 2.82 3.20 2.96 7.24 2.86 2.65 2.64 0.00 0.00 3.47 2.48 4.48 5.29 4.09 2.98 2.32 17732023
3.68 2.42 3.76 2.23 3.97 2.42 2.49 2.50 2.36 2.30 2.98 5.14 3.32 3.46 4.74 3.01 2.12 2.66 2.43 3.52 2.69 2.19 2.40 0.00 0.00 4.20 2.78 4.83 2.28 4.38 2.96 2.68 17745113
3.92 2.74 3.40 2.35 2.93 2.66 3.16 3.44 2.87 2.30 2.53 4.48 4.11 3.30 4.71 2.53 2.96 3.04 2.35 7.29 2.23 0.00 2.69 2.38 0.00 3.06 2.60 4.76 2.42 2.96 2.92 4.72 17758203
3.91 2.73 3.25 2.36 3.54 2.28 2.32 2.81 3.01 3.12 2.57 5.50 2.35 2.18 7.29 2.37 2.35 2.62 2.80 7.44 2.32 0.00 2.28 0.00 0.00 3.62 2.27 3.62 2.59 4.24 2.41 4.98 17771293
3.76 2.54 4.06 2.40 3.52 2.21 2.22 3.21 2.61 2.59 2.87 3.16 4.86 3.07 5.39 2.28 2.20 2.19 2.44 4.46 3.40 4.89 2.84 2.20 0.00 3.64 2.92 2.25 3.21 4.12 4.40 5.16 17784383
3.61 2.61 3.26 2.60 2.37 3.56 2.62 3.24 2.85 2.33 3.42 5.30 4.34 2.99 3.39 5.20 2.40 2.59 2.37 3.94 2.46 4.90 2.38 3.12 0.00 4.70 3.56 3.91 5.02 2.74 2.90 3.35 17797473
3.55 2.80 4.83 2.56 3.02 3.36 3.31 4.34 2.21 3.17 3.50 5.72 4.79 2.69 6.20 2.63 2.11 3.67 2.59 2.51 2.26 0.00 2.85 2.10 0.00 4.12 3.03 4.50 3.90 6.13 2.68 4.97 17810563
3.78 2.75 3.32 2.70 4.11 3.39 2.16 5.47 2.16 2.41 3.24 5.04 4.94 2.92 6.48 0.00 2.21 3.47 4.41 2.27 2.50 0.00 2.66 2.66 0.00 2.87 2.71 0.00 3.90 2.88 3.10 4.94 17823653
3.87 2.78 4.01 2.47 4.09 3.70 2.34 2.38 4.25 2.38 2.73 5.12 5.09 2.68 7.12 3.19 2.06 3.35 3.03 7.98 2.33 5.03 2.65 2.42 0.00 4.49 2.86 4.55 2.38 5.99 3.38 4.52 17836743
3.96 2.85 5.03 2.74 4.58 3.52 2.55 5.25 2.32 2.21 4.23 5.19 4.29 2.68 7.14 3.11 2.46 3.49 4.02 2.91 2.62 5.02 2.42 3.81 0.00 4.40 3.73 5.16 2.82 3.34 2.70 4.21 17849833
4.00 2.85 2.16 2.60 3.05 2.81 2.98 2.92 4.91 2.42 4.14 4.80 5.05 4.47 7.17 7.22 2.25 2.95 4.07 7.74 2.53 0.00 2.41 3.57 0.00 4.12 2.55 3.68 2.39 6.28 3.85 5.20 17862923
3.99 2.37 4.85 2.43 4.47 4.08 2.79 4.80 3.33 2.23 3.31 5.68 4.59 2.51 7.30 5.80 2.82 3.66 4.44 4.06 3.09 5.25 2.89 4.46 0.00 4.24 3.39 5.29 5.46 2.84 2.65 4.94 17876013
4.01 2.80 3.60 2.29 4.79 3.69 3.09 2.40 3.21 2.87 3.89 5.51 4.96 3.11 7.97 7.23 2.32 2.79 2.28 7.70 2.45 5.21 2.46 2.79 0.00 4.19 2.06 4.88 3.96 2.72 4.45 2.78 17889103
4.00 2.95 4.49 2.56 4.73 3.74 2.91 5.44 3.41 2.15 2.93 5.67 4.56 2.27 7.32 6.07 0.00 3.51 2.15 6.90 3.12 5.21 4.41 3.32 0.00 4.04 3.81 4.92 3.72 6.32 4.47 4.99 17902193
3.84 2.58 4.66 3.06 4.37 3.87 3.35 4.09 3.58 3.35 5.57 5.34 4.93 5.76 7.58 7.22 2.31 3.72 4.41 7.91 3.35 0.00 3.16 4.85 0.00 3.48 3.22 5.35 2.94 6.76 5.40 5.15 17915283
3.86 3.07 0.00 2.21 4.49 4.07 2.15 5.53 5.34 2.71 5.62 5.66 5.00 6.13 7.30 7.20 2.17 3.52 6.23 7.88 3.61 0.00 5.01 2.20 0.00 4.26 3.65 5.04 5.52 3.29 5.38 5.29 17928373
3.72 3.02 0.00 2.88 4.51 3.93 3.08 5.34 4.01 3.19 5.46 5.62 4.86 5.66 7.27 7.26 2.93 3.80 6.30 7.96 3.87 5.38 3.19 0.00 0.00 3.55 3.96 4.96 4.55 7.11 4.90 5.20 17941463
3.76 3.09 5.06 3.24 4.59 3.61 3.19 4.08 5.18 4.62 5.58 5.65 5.11 6.38 7.62 7.06 2.14 3.73 6.15 7.95 3.55 5.59 3.28 4.34 0.00 4.11 4.07 4.63 5.52 6.99 5.41 5.15 17954553
3.68 3.11 0.00 2.95 0.00 3.04 3.34 5.38 5.51 4.31 5.43 5.76 4.92 6.47 7.62 7.13 2.23 3.80 6.08 7.70 3.68 0.00 2.30 4.28 0.00 3.73 3.72 4.76 4.32 7.05 5.41 5.28 17967643
3.73 3.13 4.83 3.00 4.53 4.09 3.18 5.48 3.88 4.32 5.52 5.75 4.87 6.38 7.36 7.16 2.11 3.78 5.73 7.98 2.20 5.07 0.00 4.69 0.00 3.61 3.83 4.79 3.43 7.62 5.43 5.21 17980733
3.74 3.12 4.83 2.88 4.56 4.03 3.43 5.57 5.31 5.05 5.54 5.67 4.90 6.47 7.38 7.21 2.37 3.74 6.09 7.75 3.57 5.68 0.00 5.07 0.00 3.59 3.80 4.80 5.51 6.98 5.60 5.52 17993823
3.72 3.11 5.01 3.29 4.59 4.07 3.27 5.55 5.19 4.88 5.52 6.40 4.79 5.33 7.30 7.23 2.15 3.63 6.25 7.88 3.69 5.24 10.24 4.38 0.00 3.63 3.82 4.90 5.48 6.87 5.55 5.22 18006914
3.63 3.10 4.87 2.81 4.68 4.05 3.28 5.31 5.45 4.90 5.45 5.62 4.90 6.43 7.29 7.23 0.00 3.66 6.07 7.77 3.60 0.00 10.74 5.08 0.00 3.86 3.88 0.00 5.53 6.98 5.44 5.24 18020004
3.68 2.95 4.70 3.57 4.50 4.09 3.95 5.35 5.51 5.07 5.38 5.70 4.75 6.40 7.86 7.19 0.00 3.82 6.32 7.65 3.78 0.00 10.69 4.55 0.00 3.48 3.84 4.47 5.51 6.81 5.48 5.22 18033094
3.67 3.12 0.00 0.00 4.50 4.06 3.69 5.34 5.38 5.23 5.39 5.60 4.87 6.44 7.29 7.08 2.84 3.62 6.13 7.64 3.62 5.20 10.72 4.42 0.00 3.63 3.88 4.89 5.59 7.32 5.58 5.25 18046184
3.93 3.13 5.07 3.25 4.58 4.19 3.38 5.37 5.73 5.17 5.48 5.77 4.72 6.46 7.44 7.19 0.00 3.70 5.99 8.00 4.11 5.31 10.49 5.19 0.00 3.57 3.93 4.41 5.53 7.13 5.81 5.20 18059274
3.69 3.11 4.95 3.31 4.53 4.16 3.55 5.41 0.00 5.09 5.41 5.66 5.10 6.41 7.35 7.23 2.90 3.65 6.09 7.97 3.90 5.33 10.69 4.45 0.00 3.69 3.82 4.55 5.53 6.77 5.58 5.30 18072364
3.52 3.12 5.45 3.18 5.11 4.09 3.41 5.44 0.00 5.12 5.40 5.71 4.92 6.44 7.34 7.07 2.12 3.58 5.97 7.71 3.64 5.26 10.34 5.09 0.00 3.68 3.77 4.72 5.53 6.81 5.49 5.38 18085454
3.65 3.05 5.09 3.11 4.66 4.12 3.48 5.38 0.00 4.64 5.75 5.64 4.84 6.39 7.41 7.15 3.11 3.61 6.12 7.98 3.68 5.31 10.48 4.93 0.00 3.73 3.77 4.31 5.54 6.55 5.76 5.38 18098544
3.59 3.07 0.00 0.00 4.57 4.25 3.68 5.35 0.00 5.10 5.45 5.63 4.74 6.43 7.51 7.15 3.08 3.62 6.21 7.89 4.05 0.00 10.37 5.49 0.00 3.51 3.76 4.71 5.47 7.04 5.63 5.34 18111634
3.61 3.08 4.98 0.00 4.60 4.08 3.98 5.45 0.00 5.17 5.40 5.78 4.81 6.67 7.35 7.17 3.13 3.60 6.08 7.85 3.70 0.00 10.40 4.43 0.00 3.74 3.77 4.28 5.69 6.78 5.70 5.49 18124724
3.58 3.04 5.09 0.00 4.53 4.08 0.00 5.39 5.87 5.16 5.43 5.70 4.84 6.53 7.37 7.16 0.00 3.71 6.55 8.22 3.84 5.60 9.99 4.48 0.00 3.47 3.78 4.37 5.54 6.76 5.55 5.28 18137813
3.55 3.12 5.14 0.00 4.97 4.16 3.54 5.50 0.00 5.33 5.42 5.98 4.80 6.45 7.41 7.17 0.00 3.62 6.04 7.96 3.81 0.00 10.70 5.38 0.00 0.00 3.77 4.59 5.54 7.09 5.64 5.28 18150904
3.69 3.11 4.99 0.00 4.67 4.20 3.56 5.34 0.00 5.19 5.43 5.87 5.16 6.46 7.34 7.06 0.00 3.70 6.25 7.74 3.70 5.42 10.68 5.12 0.00 3.76 3.77 0.00 5.59 6.58 5.54 5.54 18163994
3.55 3.11 0.00 0.00 4.66 4.19 3.86 5.78 0.00 5.44 5.46 5.84 4.84 6.53 7.32 7.07 0.00 3.71 6.06 7.80 3.68 5.49 10.60 4.96 0.00 0.00 3.77 4.44 5.48 7.01 5.65 5.26 18177084
3.67 3.11 5.15 3.37 4.84 4.16 3.29 5.54 8.35 5.36 5.42 5.83 5.00 6.52 7.32 7.05 0.00 3.58 6.39 7.69 3.67 5.54 10.54 5.38 0.00 3.58 3.78 4.40 5.45 6.96 5.51 5.23 18190174
3.53 3.11 5.17 3.26 5.16 4.11 3.64 5.39 5.33 5.11 5.42 5.77 4.84 6.55 7.30 7.08 0.00 3.59 6.07 8.46 3.62 5.36 10.68 4.86 0.00 3.54 3.78 4.41 5.44 6.48 5.70 0.00 18203264
3.61 3.11 5.12 3.33 4.63 4.21 3.34 5.35 5.42 5.18 5.41 5.59 4.71 6.94 7.35 7.07 2.61 3.59 6.24 7.73 3.62 5.31 10.68 5.37 0.00 3.52 3.78 0.00 5.45 6.86 5.57 5.25 18216354
3.56 3.08 5.11 3.43 4.62 4.19 3.26 5.39 5.40 5.18 5.44 5.59 4.81 6.36 7.37 7.10 2.58 3.59 6.20 7.83 3.63 5.31 10.66 4.93 0.00 3.47 3.78 0.00 5.45 6.55 5.51 5.25 18229444
3.56 3.09 0.00 3.34 4.58 4.09 3.34 5.70 0.00 5.07 0.00 5.58 5.08 6.47 7.39 7.11 0.00 3.60 6.16 8.38 3.64 5.31 10.67 4.98 0.00 3.47 3.79 4.23 5.55 6.72 5.81 5.25 18242534
3.57 3.09 5.11 3.33 4.59 4.08 3.33 0.00 5.32 5.06 5.46 5.61 4.77 6.49 7.38 7.12 0.00 3.87 6.38 8.33 3.70 0.00 10.64 4.30 0.00 3.53 3.78 4.84 5.46 6.53 5.57 5.31 18255624
3.82 3.11 5.15 3.32 4.57 4.13 3.24 5.39 5.68 5.15 0.00 5.59 0.00 6.37 7.39 7.12 2.93 3.97 6.15 0.00 3.72 0.00 10.70 4.29 0.00 3.47 3.78 4.77 5.45 6.55 5.52 5.28 18268714
3.55 3.11 5.20 3.31 4.59 4.11 3.53 5.41 5.31 5.08 6.18 5.72 4.90 6.44 7.41 7.12 2.97 3.77 6.22 7.81 3.73 0.00 10.73 4.34 0.00 3.47 3.78 4.44 5.53 6.58 5.52 5.47 18281804
3.61 3.11 5.17 3.34 4.58 4.12 3.32 5.35 5.35 5.05 0.00 5.66 4.87 6.41 7.39 7.14 2.73 3.89 6.21 7.88 3.76 5.41 10.64 4.32 0.00 3.44 3.77 4.47 5.46 6.59 5.54 0.00 18294894
3.62 3.12 5.19 3.27 4.59 4.13 3.30 5.32 5.35 5.09 0.00 5.65 4.86 6.41 7.39 7.13 2.72 3.92 6.25 7.82 3.75 5.39 10.70 4.31 0.00 3.44 3.78 4.71 5.48 6.58 5.53 0.00 18307984
3.62 3.13 5.17 3.24 4.61 4.14 3.31 5.31 5.67 5.19 0.00 5.65 4.83 6.41 7.40 7.13 2.32 0.00 6.23 7.91 3.74 5.34 10.73 4.87 0.00 3.46 3.78 4.46 5.46 6.58 5.53 0.00 18321074
3.61 3.12 5.19 3.09 4.60 4.14 3.31 5.31 5.67 5.12 0.00 5.66 4.85 6.41 7.40 7.11 2.32 0.00 6.24 7.98 3.77 5.35 10.70 4.53 0.00 3.45 3.78 4.28 5.46 6.59 5.53 0.00 18334164
3.61 3.12 5.19 3.37 4.60 4.14 3.36 5.30 5.67 5.11 0.00 5.66 4.84 6.40 7.39 7.11 0.00 4.03 6.25 7.68 3.75 5.36 10.71 4.31 0.00 3.44 3.77 4.41 5.46 6.62 5.54 0.00 18347254
3.60 3.12 5.19 3.34 4.59 4.15 3.34 5.32 5.69 5.09 0.00 5.67 4.86 6.41 7.40 7.12 2.36 3.94 6.23 7.69 3.74 5.37 10.72 4.31 0.00 3.45 3.79 4.41 5.46 6.61 5.54 0.00 18360344
3.60 3.12 5.18 0.00 4.59 4.15 3.34 5.33 5.67 5.09 0.00 5.67 4.85 6.40 7.40 7.12 2.99 4.02 6.23 7.86 3.75 5.35 10.72 4.39 0.00 3.46 3.79 4.43 5.46 6.60 5.53 0.00 18373434
3.59 3.12 5.19 0.00 4.59 4.16 3.35 5.32 5.65 5.07 0.00 5.66 4.85 6.41 7.40 7.13 3.01 3.86 6.23 7.85 3.75 5.33 10.72 4.33 0.00 3.46 3.78 4.44 5.46 6.61 5.54 0.00 18386524
3.60 3.12 5.19 0.00 4.59 4.15 3.34 5.31 5.68 5.05 0.00 5.66 4.84 6.41 7.41 7.11 3.00 4.02 6.24 7.98 3.74 5.34 10.72 4.33 0.00 3.47 3.78 4.40 5.45 6.61 5.54 0.00 18399614
3.61 3.13 5.18 3.37 4.59 4.14 3.35 5.31 5.67 5.07 0.00 5.67 4.84 6.42 7.41 7.13 0.00 3.83 6.23 8.01 3.75 5.34 10.74 4.33 0.00 3.46 3.79 4.42 5.46 6.59 5.54 0.00 18412704
3.60 3.13 5.18 3.38 4.59 4.15 3.35 5.30 5.67 5.18 0.00 5.67 4.85 6.42 7.41 7.13 2.49 3.84 6.25 8.04 3.73 5.35 10.72 4.33 0.00 3.44 3.79 4.42 5.45 6.58 5.54 0.00 18425794
3.60 3.14 5.18 3.37 4.59 4.14 3.35 5.31 5.65 5.05 0.00 5.67 4.83 6.43 7.42 7.12 2.52 3.85 6.27 8.02 3.73 5.35 10.72 4.43 0.00 3.45 3.78 4.44 5.46 6.57 5.54 0.00 18438884
3.60 3.12 5.19 0.00 4.59 4.15 3.34 5.30 5.66 5.10 0.00 5.69 4.84 6.41 7.40 7.13 2.53 3.83 6.28 8.02 3.72 5.34 10.71 4.46 0.00 3.45 3.79 4.42 5.46 6.56 5.55 0.00 18451974
3.59 3.11 5.19 0.00 4.58 4.15 3.34 5.31 5.66 5.10 0.00 5.70 4.84 6.42 7.38 7.12 2.51 3.83 6.27 7.97 3.73 5.34 10.71 4.48 0.00 3.46 3.77 4.41 5.46 6.63 5.54 0.00 18465064
3.59 3.12 5.18 0.00 4.59 4.14 3.34 5.30 5.66 5.11 0.00 5.69 4.84 6.42 7.38 7.12 2.56 3.83 6.25 7.97 3.72 5.33 10.73 4.48 0.00 3.47 3.78 4.43 5.46 6.59 5.55 0.00 18478154
3.59 3.12 5.18 0.00 4.60 4.14 3.33 5.31 5.66 5.16 0.00 5.69 4.85 6.42 7.40 7.12 2.55 3.82 6.26 7.97 3.73 5.34 10.71 4.48 0.00 3.47 3.78 0.00 5.46 6.58 5.56 0.00 18491244
3.59 3.12 5.18 0.00 4.59 4.14 3.35 5.30 5.67 5.11 0.00 5.69 4.84 6.41 7.39 7.11 2.54 3.82 6.24 7.97 3.72 5.33 10.73 5.10 0.00 3.49 3.79 0.00 5.47 6.59 5.55 0.00 18504334
3.58 3.13 5.18 0.00 4.60 4.15 3.35 5.31 5.66 5.10 0.00 5.69 4.84 6.42 7.39 7.12 2.24 3.82 6.26 7.97 3.73 5.34 10.72 5.12 0.00 3.49 3.78 4.27 5.47 6.57 5.55 0.00 18517424
3.59 3.12 5.17 0.00 4.59 4.14 3.34 5.30 5.66 5.14 0.00 5.69 4.83 6.43 7.39 7.13 2.58 3.81 6.27 7.96 3.72 5.35 10.72 5.11 0.00 4.01 3.80 4.27 5.46 6.58 5.56 0.00 18530514