2.97 2.35 0.00 3.50 4.27 3.98 3.63 5.17 0.00 7.06 6.79 5.91 5.48 7.11 7.77 7.79 0.00 3.75 7.16 8.64 4.51 5.03 10.62 5.34 0.00 3.21 4.09 0.00 6.82 6.87 5.99 0.00 714016
2.97 2.35 0.00 3.51 4.26 3.96 3.62 5.17 0.00 7.07 6.79 5.91 5.48 7.11 7.76 7.79 0.00 3.74 0.00 8.62 4.51 5.03 10.62 5.37 0.00 3.11 4.10 0.00 6.81 6.88 5.98 0.00 727106
2.97 2.34 0.00 3.51 4.26 3.96 3.62 5.17 0.00 7.06 6.81 5.91 5.48 7.11 7.76 7.79 2.59 3.75 6.54 8.63 4.51 5.03 10.62 5.36 0.00 3.10 4.12 0.00 6.82 6.86 5.99 0.00 740196
2.97 2.35 0.00 3.51 4.26 3.97 3.62 5.17 0.00 7.06 6.79 5.91 5.48 7.12 7.76 7.78 2.62 3.74 6.54 8.64 4.52 5.01 10.62 5.35 0.00 2.98 4.12 0.00 6.82 6.87 6.00 0.00 753286
2.97 2.35 0.00 3.52 4.27 3.97 3.62 5.16 0.00 7.06 6.80 5.92 5.48 7.11 7.75 7.79 0.00 3.72 6.54 8.63 4.52 5.02 10.61 5.35 0.00 3.12 4.05 0.00 6.83 6.87 5.99 0.00 766376
2.96 2.35 0.00 3.52 4.26 3.99 3.62 5.18 0.00 7.06 6.78 5.92 5.48 7.12 7.76 7.78 0.00 3.70 6.57 8.63 4.52 5.02 10.61 5.35 0.00 3.13 4.04 0.00 6.82 6.86 5.97 7.01 779466
2.98 2.37 0.00 0.00 4.27 3.98 3.61 5.35 0.00 7.05 6.79 5.88 5.49 7.30 7.76 7.78 2.08 3.67 6.55 8.68 4.51 5.03 10.61 5.35 0.00 3.12 4.03 0.00 6.82 6.87 6.00 6.99 792556
2.88 2.36 5.14 0.00 4.27 3.97 3.64 5.35 0.00 7.05 6.79 5.89 5.50 7.22 8.26 7.79 0.00 3.67 7.27 8.65 4.50 5.02 10.65 4.60 0.00 2.98 3.99 0.00 6.82 6.86 5.93 6.27 805646
2.87 2.37 5.09 3.50 4.27 3.96 3.62 5.05 0.00 7.09 6.80 5.88 5.49 7.24 7.93 7.77 0.00 3.62 7.27 8.52 4.49 5.21 10.83 4.56 0.00 0.00 4.37 0.00 6.82 6.87 6.07 6.29 818736
2.90 2.36 5.18 3.50 4.26 4.03 3.55 5.09 0.00 7.07 6.95 5.89 5.48 7.23 7.76 0.00 0.00 3.71 6.94 9.37 4.51 5.18 0.00 4.64 0.00 2.86 4.14 0.00 6.83 6.89 5.97 6.33 831825
2.94 2.34 5.44 0.00 4.26 3.97 3.50 5.06 0.00 7.10 6.94 5.97 5.66 7.20 7.75 7.76 0.00 3.67 6.56 8.80 4.59 0.00 10.63 4.78 0.00 2.83 4.10 0.00 6.91 6.91 6.11 6.34 844916
2.89 2.43 5.02 0.00 4.26 4.01 3.47 5.13 0.00 7.06 7.10 6.10 5.76 7.09 7.75 8.25 2.25 3.78 6.71 8.69 4.50 5.04 10.62 4.43 0.00 2.75 4.12 0.00 6.87 6.86 6.07 6.47 858006
2.97 2.42 4.91 0.00 4.36 4.06 3.62 5.19 5.20 6.24 6.91 6.06 5.50 7.25 7.80 8.06 2.81 3.72 6.66 8.99 4.41 5.06 9.80 4.47 0.00 3.02 4.08 0.00 6.87 7.00 5.75 0.00 871095
3.14 2.42 4.94 0.00 4.41 4.04 3.61 5.00 0.00 4.02 7.04 5.88 5.64 7.19 7.83 7.91 0.00 4.02 6.71 8.80 4.41 5.09 10.76 4.83 0.00 2.67 3.86 0.00 7.00 6.85 6.04 0.00 884186
3.26 2.52 5.04 3.43 4.38 4.04 3.50 5.18 0.00 7.13 6.73 5.93 5.46 7.14 8.18 7.85 0.00 3.81 6.60 8.90 4.42 5.04 10.34 0.00 0.00 2.69 3.92 0.00 7.02 6.87 5.93 6.12 897276
3.10 2.50 4.86 3.28 4.51 4.09 3.66 5.19 5.16 7.06 6.50 6.20 5.47 7.23 8.23 7.81 0.00 3.78 0.00 8.85 4.59 5.08 0.00 4.53 0.00 3.00 3.62 0.00 6.99 7.00 5.97 6.30 910365
3.05 2.96 4.89 3.07 4.37 3.99 3.76 5.28 5.25 4.13 6.43 6.02 5.46 7.31 7.91 8.40 0.00 3.47 6.59 9.22 4.39 5.33 0.00 4.63 0.00 2.73 3.54 0.00 7.07 6.89 5.60 6.13 923455
3.45 2.43 5.09 2.86 4.32 4.03 4.28 5.14 0.00 6.98 6.57 6.00 5.86 7.69 8.02 8.49 2.71 3.78 6.88 8.85 4.44 5.10 10.38 4.69 0.00 2.79 3.66 0.00 6.99 6.87 5.85 5.93 936546
3.15 2.51 4.46 2.53 4.40 4.11 3.25 5.03 5.17 4.56 6.42 5.92 4.69 5.37 7.86 8.08 2.53 3.64 6.40 8.93 4.47 5.14 10.32 0.00 0.00 2.73 3.54 0.00 7.02 6.87 6.13 0.00 949636
3.14 2.53 4.86 3.13 4.58 4.06 3.68 5.22 0.00 6.97 6.50 5.89 5.56 6.29 7.95 8.09 2.68 3.63 6.48 0.00 4.59 5.15 10.55 4.33 0.00 2.75 3.48 0.00 6.98 6.90 5.72 5.85 962726
3.09 2.57 4.91 3.20 4.35 4.08 3.67 5.28 4.47 4.53 6.40 5.61 5.90 7.68 7.87 7.99 0.00 3.64 6.84 8.89 4.41 5.09 10.52 2.88 0.00 2.74 3.59 0.00 6.98 7.00 5.63 5.69 975816
3.10 2.50 5.13 2.96 4.42 4.05 3.42 5.19 4.81 3.75 6.03 5.77 5.55 7.07 7.92 7.93 0.00 3.56 6.61 9.49 4.50 0.00 3.01 4.63 0.00 2.78 3.50 0.00 7.14 6.90 5.20 5.57 988905
3.13 2.53 5.28 0.00 4.52 3.59 3.51 5.31 2.55 4.79 5.81 5.73 6.03 7.15 7.98 8.16 2.11 3.81 6.56 9.02 4.62 5.73 10.63 4.65 0.00 2.75 3.55 0.00 7.07 7.07 5.28 5.44 1001996
3.25 2.51 5.22 3.61 4.52 4.15 3.27 5.18 0.00 3.80 5.78 5.78 5.91 7.40 7.99 7.93 2.73 3.55 6.55 9.14 4.72 5.78 10.43 4.54 0.00 2.71 3.57 0.00 7.09 6.90 5.25 4.97 1015086
3.19 2.63 5.25 3.38 4.56 4.18 3.34 5.34 5.32 5.15 5.43 5.58 5.89 7.17 8.27 7.99 0.00 3.53 3.83 8.99 3.70 0.00 10.52 5.05 0.00 2.76 3.53 0.00 7.08 6.84 4.38 5.20 1028176
3.16 2.62 5.37 2.71 4.61 4.22 3.10 5.28 2.26 4.08 5.55 5.48 5.74 7.05 8.22 8.05 0.00 3.69 6.65 9.02 4.56 5.09 3.67 4.06 0.00 2.69 3.57 0.00 7.07 7.11 4.84 4.89 1041265
3.42 2.65 4.82 2.62 4.73 4.24 3.28 5.28 4.82 3.30 5.25 5.21 0.00 4.54 8.15 0.00 2.14 4.17 6.36 8.98 4.55 0.00 10.42 4.36 0.00 2.70 3.51 0.00 7.15 6.54 4.62 4.80 1054356
3.24 2.69 5.02 2.50 4.62 4.11 3.49 5.64 2.96 3.38 5.04 5.11 5.86 3.78 8.13 0.00 2.66 3.78 6.26 8.97 4.67 5.21 8.99 4.72 0.00 2.64 3.49 0.00 7.24 6.61 4.49 4.78 1067445
3.19 2.67 4.84 2.54 4.01 2.96 2.77 4.36 2.97 2.83 4.91 5.03 5.70 4.41 8.04 0.00 2.60 3.77 5.76 9.21 3.19 5.36 4.74 0.00 0.00 2.69 3.49 0.00 7.03 6.61 4.20 4.74 1080535
3.34 2.80 4.74 2.72 4.51 4.02 2.91 5.42 2.82 2.81 4.98 5.26 5.85 7.16 8.38 0.00 2.87 3.27 6.12 8.92 4.48 5.43 7.35 4.03 0.00 2.74 3.51 0.00 6.75 6.57 3.90 5.05 1093625
3.57 2.92 4.54 2.41 4.23 2.56 3.31 4.99 3.48 2.29 4.52 5.39 5.58 7.05 8.03 8.24 0.00 3.70 5.58 9.69 4.30 0.00 5.27 3.19 0.00 2.69 3.65 0.00 7.05 6.52 3.66 4.57 1106715
3.47 2.75 4.31 2.63 4.44 2.99 3.48 5.32 2.83 2.46 5.15 5.24 5.76 3.32 8.11 7.14 2.47 3.75 2.61 9.07 4.58 0.00 0.00 2.29 0.00 2.90 3.59 0.00 3.97 6.36 4.40 4.04 1119805
3.49 2.94 3.83 2.79 4.43 2.62 2.28 4.81 4.23 3.54 5.15 5.42 5.85 2.49 8.47 2.11 2.71 3.80 4.37 8.98 4.59 5.87 2.83 2.33 0.00 2.84 3.56 2.74 5.22 6.41 3.67 5.07 1132895
3.62 2.68 3.27 2.60 4.36 3.16 3.19 5.19 4.28 2.33 4.59 5.39 3.12 2.64 8.05 0.00 2.12 3.71 5.22 8.84 2.91 5.59 4.56 2.47 0.00 2.84 3.32 0.00 5.29 5.47 3.86 3.93 1145985
3.59 2.64 5.10 2.66 2.30 4.08 3.07 4.86 2.45 2.55 5.16 6.06 5.74 3.13 8.04 8.31 2.29 3.54 3.62 0.00 4.30 5.47 4.68 5.16 0.00 2.87 3.71 0.00 5.76 3.07 2.88 4.58 1159075
3.55 3.06 5.26 2.51 4.14 3.15 3.36 5.79 2.36 3.46 5.04 5.48 2.49 3.01 8.13 8.11 2.53 3.84 4.74 9.03 4.23 5.53 2.82 2.89 0.00 2.66 3.63 0.00 4.66 2.28 2.94 4.63 1172165
3.56 2.98 5.29 2.61 4.23 3.41 3.02 4.93 2.56 2.75 5.15 5.55 0.00 2.25 8.25 7.94 2.52 3.92 3.68 9.04 3.13 0.00 2.37 2.26 0.00 2.72 3.06 0.00 5.37 6.28 3.90 4.70 1185255
3.49 2.80 4.93 2.84 3.96 4.02 3.76 5.42 4.04 3.06 5.14 5.61 0.00 2.94 8.72 8.48 0.00 3.93 4.34 3.79 2.46 6.11 2.82 3.14 0.00 2.76 3.76 0.00 4.20 6.37 3.09 4.84 1198345
3.58 2.75 4.71 2.90 4.37 3.53 2.83 4.84 2.96 2.29 2.64 5.72 0.00 3.66 8.06 2.12 2.67 4.01 5.71 6.84 4.70 0.00 4.65 2.77 0.00 2.67 3.79 2.34 5.38 6.09 3.33 4.04 1211435
3.63 2.57 4.99 2.60 4.28 3.30 2.70 3.21 3.99 3.00 5.27 5.74 6.09 2.40 0.00 2.87 2.09 3.83 5.73 6.09 4.66 5.52 3.15 2.60 0.00 2.96 3.67 0.00 6.13 5.66 4.38 4.72 1224525
3.72 2.90 4.93 2.40 4.33 3.64 2.81 4.86 3.34 2.63 3.25 5.70 6.15 3.42 7.83 5.81 2.59 3.43 4.28 8.83 4.64 5.55 2.74 2.38 0.00 2.77 3.28 0.00 2.81 6.17 4.83 4.82 1237615
3.89 3.11 4.85 2.92 4.44 2.98 3.37 5.78 2.56 3.66 5.29 0.00 0.00 3.04 7.86 8.21 2.93 3.55 5.86 8.91 4.85 5.68 3.56 3.39 0.00 2.81 3.58 0.00 5.64 5.69 4.60 5.17 1250705
3.72 2.96 3.62 2.61 4.61 4.02 3.49 5.60 4.75 4.35 5.13 5.77 6.13 5.58 8.35 0.00 2.20 3.93 3.72 9.08 3.88 5.52 3.20 2.57 0.00 2.59 3.48 0.00 5.11 5.67 4.16 4.80 1263795
3.75 2.91 5.05 2.73 4.35 3.87 3.38 4.93 4.67 3.36 5.20 5.83 5.90 6.76 8.38 8.30 2.66 3.86 5.57 8.91 4.79 5.55 9.98 3.93 0.00 2.64 3.70 0.00 5.88 5.60 3.90 4.87 1276885
3.64 2.98 4.91 2.55 4.33 4.08 3.29 5.51 5.42 2.80 5.23 5.82 0.00 6.68 7.85 8.14 2.05 3.62 6.52 8.79 4.67 0.00 10.01 3.99 0.00 2.65 3.54 0.00 5.71 5.69 4.81 4.97 1289976
3.72 2.93 5.04 3.49 4.40 4.08 3.57 5.52 5.01 3.73 5.12 5.76 5.93 6.64 7.76 7.89 0.00 3.56 4.61 8.88 4.70 5.76 6.33 3.38 0.00 2.51 3.42 0.00 4.78 5.62 4.93 4.92 1303065
3.62 3.02 0.00 2.49 4.35 4.10 4.02 5.53 5.12 4.59 5.03 5.72 5.89 6.69 7.82 7.91 2.02 3.72 6.26 0.00 4.64 5.65 10.31 4.39 0.00 2.59 3.69 0.00 5.68 5.72 4.88 5.03 1316156
3.60 2.97 4.81 2.66 4.41 3.94 3.71 5.54 5.11 4.36 5.13 5.88 5.95 6.66 0.00 7.82 2.65 3.64 6.31 8.76 4.85 5.63 8.88 4.56 0.00 2.66 3.91 0.00 5.90 5.62 4.95 5.08 1329245
0.00 3.01 0.00 2.89 4.36 4.16 3.30 5.37 5.04 4.77 5.15 5.72 5.73 6.55 0.00 7.66 0.00 3.90 6.78 8.52 4.76 5.56 10.30 4.81 0.00 0.00 3.64 0.00 5.98 5.64 4.93 5.16 1342336
3.65 2.98 0.00 0.00 4.50 4.09 3.28 5.38 5.21 4.85 5.25 5.87 5.77 6.76 7.69 7.63 0.00 3.61 3.75 8.69 4.74 5.57 3.66 0.00 0.00 2.49 3.49 0.00 5.81 5.66 5.07 4.95 1355425
3.61 3.12 5.00 3.23 4.42 4.13 3.53 5.70 5.22 4.00 5.09 5.79 6.20 6.55 7.79 7.86 0.00 3.64 6.36 8.90 4.71 0.00 10.40 5.43 0.00 2.46 3.54 0.00 5.64 5.65 4.92 4.90 1368516
3.67 2.97 0.00 3.24 4.53 4.11 3.69 5.47 5.68 4.48 5.11 5.74 5.86 6.41 7.67 7.66 2.02 3.51 6.49 8.99 4.69 0.00 10.48 4.28 0.00 2.57 3.57 0.00 5.69 5.69 4.89 4.96 1381606
3.60 3.03 0.00 3.01 4.39 4.12 3.82 5.52 5.67 4.17 5.13 5.83 5.61 6.34 7.53 7.49 2.82 3.64 6.37 9.14 4.71 0.00 10.59 5.48 0.00 2.43 3.69 0.00 5.61 5.69 4.87 4.93 1394696
3.68 3.60 0.00 3.07 4.48 4.15 3.46 5.38 5.15 4.50 5.07 5.79 5.85 6.41 7.71 8.17 0.00 3.73 6.26 9.48 4.64 5.75 10.71 0.00 0.00 2.67 3.62 0.00 5.68 5.70 5.17 5.15 1407786
3.63 3.08 0.00 2.54 4.62 4.14 3.40 5.73 5.60 4.43 5.14 5.77 5.85 6.37 7.51 7.65 2.89 3.69 6.68 8.53 4.80 0.00 10.52 0.00 0.00 2.35 3.59 0.00 5.79 5.75 5.01 5.21 1420876
3.76 3.04 4.99 3.63 4.53 4.14 3.33 5.34 5.28 4.53 5.24 5.81 6.66 6.30 7.86 7.70 2.70 3.65 6.47 8.92 4.68 5.66 10.55 5.26 0.00 2.41 3.58 0.00 5.64 5.75 4.88 4.93 1433966
3.94 3.04 0.00 3.55 4.54 4.21 3.40 5.38 0.00 4.52 5.34 5.74 6.52 6.30 7.37 7.54 2.75 3.46 6.22 8.89 4.63 5.67 10.62 0.00 0.00 2.38 3.66 0.00 5.93 5.79 4.90 0.00 1447056
3.61 2.98 5.70 3.38 4.60 4.17 3.47 5.54 7.26 4.25 5.11 6.43 6.15 6.39 7.42 7.60 2.74 4.02 6.54 8.84 4.71 5.68 10.55 5.18 0.00 2.54 3.97 0.00 5.71 5.77 4.98 0.00 1460146
3.70 2.98 0.00 3.72 4.62 4.17 3.32 5.41 5.73 4.38 5.22 6.07 6.04 6.30 7.85 7.74 0.00 3.69 7.12 8.72 4.64 0.00 10.54 4.79 0.00 2.42 3.97 0.00 5.72 0.00 4.90 4.99 1473236
3.68 2.98 0.00 3.10 4.60 4.14 3.29 5.63 0.00 4.53 5.35 6.50 5.86 6.38 7.53 7.38 0.00 3.74 6.41 8.86 4.70 5.57 10.52 4.54 0.00 2.55 3.89 0.00 5.70 5.82 4.98 0.00 1486326
3.68 3.02 0.00 3.56 4.42 4.15 0.00 5.49 5.64 4.56 5.14 5.77 5.67 6.27 7.40 7.82 0.00 3.47 6.68 8.41 4.71 5.60 10.53 5.03 0.00 2.37 4.07 0.00 5.50 5.88 4.88 5.00 1499416
3.63 3.02 0.00 0.00 4.48 4.13 0.00 5.43 5.53 4.45 5.21 5.72 5.70 6.44 7.40 7.36 2.93 3.72 6.42 8.65 4.71 0.00 10.53 5.35 0.00 0.00 4.17 0.00 5.52 5.72 4.92 5.10 1512506
3.69 3.10 0.00 0.00 4.44 4.09 3.92 5.42 5.55 4.55 5.16 5.71 5.73 6.26 7.12 7.43 2.03 3.58 6.72 0.00 4.88 5.59 10.49 5.02 0.00 2.58 4.02 6.21 5.44 5.75 4.85 4.94 1525596
3.59 2.98 0.00 3.50 4.47 4.13 4.03 5.42 5.37 4.44 5.22 5.73 5.68 6.40 7.23 7.75 0.00 3.70 6.38 8.65 4.73 0.00 10.55 5.35 0.00 0.00 3.99 6.24 5.60 6.41 4.88 4.91 1538686
3.68 3.12 0.00 2.90 4.47 4.16 3.54 5.73 0.00 4.52 5.35 5.77 6.08 6.23 7.23 7.21 0.00 3.67 0.00 8.87 4.64 0.00 10.56 5.50 0.00 2.48 4.12 0.00 5.45 5.75 4.88 4.96 1551776
3.66 2.96 0.00 0.00 4.42 4.05 3.25 5.42 6.78 4.40 5.20 5.83 5.71 6.22 7.25 7.35 2.17 3.56 6.80 0.00 4.70 5.60 10.60 4.49 0.00 2.40 4.01 0.00 5.41 5.77 4.93 4.90 1564866
3.72 2.96 0.00 0.00 4.45 4.10 3.61 5.48 5.24 4.46 5.20 5.77 5.61 6.17 6.98 7.31 0.00 3.53 6.78 8.54 4.77 0.00 10.49 4.74 0.00 2.36 4.01 0.00 5.90 5.73 5.07 4.93 1577956
3.59 2.98 0.00 3.08 4.49 4.11 3.50 5.45 0.00 4.06 5.25 5.80 5.67 6.28 7.02 7.03 2.24 3.62 6.45 8.99 4.74 5.91 10.50 4.89 0.00 2.53 4.23 0.00 5.51 5.68 5.50 4.97 1591046
3.63 3.01 0.00 3.52 4.79 4.11 3.62 5.38 5.37 4.16 5.23 5.83 5.87 6.10 6.99 7.74 0.00 3.64 6.13 9.38 4.77 0.00 0.00 0.00 0.00 2.35 4.30 0.00 5.57 5.84 4.92 5.00 1604135
3.59 3.01 0.00 3.45 4.48 4.10 0.00 5.48 7.10 4.19 5.18 0.00 4.95 6.06 6.97 7.02 2.57 3.82 6.29 8.89 4.68 5.60 9.93 0.00 0.00 2.61 4.02 0.00 5.57 5.77 4.94 5.49 1617225
3.75 3.06 0.00 3.16 4.49 4.17 0.00 5.54 5.18 4.12 5.41 5.74 5.61 6.09 6.85 6.85 2.73 3.72 6.22 8.82 4.79 5.88 10.23 4.86 0.00 2.43 3.88 0.00 5.37 5.77 5.16 4.93 1630316
3.73 2.98 0.00 2.92 4.47 4.14 3.47 5.52 5.22 3.73 5.21 5.79 5.57 6.07 6.71 7.00 2.44 4.25 6.96 8.67 4.80 0.00 8.61 2.11 0.00 2.42 3.89 6.32 5.34 5.86 5.08 4.97 1643405
3.69 2.84 0.00 0.00 4.52 4.07 3.69 5.55 5.37 4.16 5.62 5.85 5.59 6.00 6.66 7.03 2.72 3.81 6.48 8.74 4.76 5.83 9.80 4.67 0.00 2.42 4.02 5.97 5.30 5.78 5.14 5.00 1656495
3.75 2.92 5.01 2.71 4.55 4.11 3.52 5.44 3.19 3.80 5.30 5.81 5.26 5.96 6.48 6.57 0.00 3.49 6.40 9.15 4.86 5.73 6.79 4.69 0.00 2.35 3.95 0.00 5.32 5.87 4.88 5.47 1669585
3.74 2.94 0.00 2.98 4.54 4.26 3.71 5.63 5.14 4.08 5.19 5.92 5.17 6.09 6.56 6.80 2.14 3.70 6.27 8.91 4.83 0.00 9.68 5.18 0.00 2.37 3.84 6.33 5.28 5.88 5.23 5.04 1682675
3.66 3.07 0.00 4.16 4.58 4.11 3.30 5.44 5.21 3.17 5.25 5.89 5.13 6.04 6.43 6.48 2.10 3.52 6.86 8.82 4.81 6.26 6.95 4.20 0.00 2.36 4.00 0.00 4.39 5.90 5.45 0.00 1695765
3.99 3.04 5.23 0.00 4.65 4.17 3.59 5.52 4.71 3.88 5.27 5.89 5.14 6.03 6.77 6.27 2.83 3.57 6.24 9.09 4.77 5.81 8.02 4.26 0.00 2.51 3.97 5.92 5.73 5.97 5.35 4.92 1708855
3.80 2.92 5.07 2.73 4.63 4.24 3.58 6.03 5.16 2.68 5.32 5.95 4.99 6.00 6.51 6.20 2.52 3.74 6.58 9.65 4.69 0.00 8.01 2.90 0.00 2.44 4.00 6.27 5.38 5.87 5.70 5.22 1721945
3.90 2.98 3.12 3.22 4.61 4.17 3.65 5.43 4.59 3.89 5.36 5.88 4.88 6.04 6.60 6.23 2.08 3.52 6.55 9.11 4.84 5.62 10.81 5.38 0.00 2.35 4.09 5.61 5.31 5.92 4.76 5.13 1735036
3.88 2.92 4.88 3.09 4.66 4.00 3.33 5.68 4.68 3.74 5.43 6.31 4.84 6.02 6.77 6.24 2.38 3.89 6.54 8.49 4.81 5.69 6.33 0.00 0.00 2.60 4.04 5.46 5.33 5.97 4.78 5.16 1748125
3.64 3.05 4.67 2.38 4.61 4.20 3.56 5.58 2.54 3.96 5.29 6.00 4.97 6.25 6.56 6.32 0.00 3.88 6.23 9.03 4.69 5.70 2.92 4.02 0.00 2.38 4.14 6.27 5.40 5.85 5.54 5.12 1761215
3.79 3.04 0.00 3.53 4.60 4.08 3.57 5.55 5.02 3.70 5.59 5.90 4.81 6.10 6.60 6.29 0.00 3.62 3.39 9.04 4.68 5.75 10.42 3.86 0.00 2.40 4.16 5.33 5.29 6.03 5.20 4.83 1774306
3.73 2.98 5.02 2.85 4.73 4.16 0.00 5.66 5.50 3.97 5.14 6.03 4.89 6.17 6.73 6.36 0.00 3.59 6.45 8.79 4.94 5.71 5.95 0.00 0.00 2.40 4.25 5.36 3.24 6.26 5.63 5.18 1787395
3.67 2.92 4.80 2.21 4.65 4.10 3.55 5.48 4.92 3.92 5.36 6.04 4.94 6.21 6.79 6.48 2.04 3.83 5.37 8.79 4.83 5.83 9.54 4.65 0.00 0.00 4.01 5.44 5.20 5.96 5.67 5.10 1800485
3.66 3.07 0.00 2.76 4.58 4.21 3.50 5.62 5.14 2.75 5.45 6.05 4.77 6.18 6.84 6.37 2.09 3.46 6.40 8.79 5.01 0.00 7.36 0.00 0.00 2.95 4.10 5.40 5.22 6.02 5.57 5.13 1813575
3.83 2.97 0.00 3.80 4.64 4.13 3.36 5.46 3.33 3.86 5.64 6.02 4.80 6.60 6.71 6.28 0.00 3.41 7.14 8.87 4.82 5.88 9.53 4.67 0.00 2.49 3.88 5.42 5.51 6.18 5.68 5.20 1826665
3.73 3.01 5.08 0.00 4.68 4.26 3.66 5.70 5.15 2.27 5.42 6.37 4.67 6.31 6.82 6.29 0.00 3.49 6.79 8.96 4.83 5.94 9.83 5.47 0.00 2.48 3.93 5.37 5.24 6.06 5.68 5.31 1839755
3.74 2.95 5.46 3.18 4.65 4.19 3.54 5.42 4.77 3.82 5.52 6.06 4.93 6.39 6.79 6.76 2.05 3.43 4.27 8.90 4.80 6.03 10.84 0.00 0.00 2.47 3.91 5.44 5.51 6.06 5.11 0.00 1852846
3.69 2.90 0.00 3.01 4.77 4.17 3.37 5.59 5.03 3.88 5.45 6.21 4.62 6.32 6.84 6.30 0.00 3.55 6.58 8.75 4.99 5.99 10.14 4.46 0.00 2.49 3.83 5.29 5.13 6.10 5.82 5.25 1865936
3.72 3.01 4.75 3.24 5.17 4.16 3.72 5.50 4.31 3.68 5.66 6.22 4.74 6.35 6.91 6.38 2.07 3.41 6.75 8.83 4.94 5.91 10.22 0.00 0.00 2.45 3.95 5.54 5.15 6.47 5.79 5.37 1879026
3.74 3.00 4.82 3.06 5.10 4.21 3.54 5.50 5.30 3.84 5.38 6.14 4.92 6.36 6.90 6.22 2.50 3.27 7.12 8.78 4.77 0.00 10.63 4.52 0.00 2.49 3.85 5.39 5.00 6.09 6.00 5.27 1892116
3.74 3.07 0.00 0.00 4.68 4.15 3.59 5.57 4.83 3.90 5.58 6.10 4.77 6.31 6.87 6.96 2.82 3.41 6.77 8.33 4.74 5.86 10.43 5.04 0.00 2.53 3.77 5.20 5.03 6.46 5.75 5.21 1905206
3.72 3.25 0.00 3.16 4.70 4.17 3.26 5.48 5.14 3.93 5.39 6.20 4.91 6.49 6.86 6.51 2.02 3.59 6.71 9.13 4.93 5.71 10.48 4.46 0.00 3.26 3.93 5.14 5.03 5.90 5.81 5.91 1918296
3.74 2.96 0.00 3.18 4.90 4.18 3.31 5.44 5.90 3.83 5.45 6.26 4.66 6.43 6.86 6.44 2.13 3.64 6.26 8.66 4.76 5.77 10.20 5.31 0.00 2.55 3.94 5.02 5.06 5.90 5.94 5.22 1931386
3.83 2.98 0.00 0.00 4.71 4.14 3.77 5.59 4.99 3.78 5.66 6.14 0.00 6.50 7.35 6.76 2.03 3.32 7.15 8.63 4.78 5.71 10.30 5.01 0.00 0.00 3.91 5.02 4.94 6.11 5.87 5.21 1944476
3.74 3.06 0.00 0.00 4.89 4.17 3.61 5.64 5.47 3.77 5.51 6.11 4.73 6.47 6.91 6.36 2.27 3.76 6.13 8.72 4.77 5.73 9.78 4.76 0.00 2.48 4.05 5.02 5.18 5.79 5.90 5.25 1957565
4.13 3.01 0.00 0.00 4.66 4.20 0.00 5.52 4.97 3.78 5.77 6.10 5.14 6.47 6.91 6.28 0.00 3.88 6.38 8.97 4.99 5.87 10.45 4.97 0.00 2.57 3.89 4.86 4.98 5.92 5.93 5.31 1970656
3.76 3.05 0.00 3.59 4.66 4.16 3.59 5.43 4.98 3.92 5.44 6.08 4.87 6.38 6.84 6.39 2.10 3.32 6.59 9.32 5.15 5.74 9.79 4.43 0.00 2.53 3.82 0.00 5.07 5.91 5.83 5.56 1983745
3.76 3.05 0.00 0.00 4.64 4.17 3.31 5.60 5.09 3.69 5.63 6.18 4.90 6.41 6.89 6.31 0.00 3.29 6.02 8.89 4.81 5.84 10.88 4.73 0.00 2.59 3.90 0.00 5.02 5.91 5.95 5.25 1996836
3.99 3.06 0.00 2.68 4.65 4.31 3.80 5.45 4.96 3.86 5.44 6.13 4.69 6.41 6.91 6.47 0.00 3.44 6.59 8.90 4.80 0.00 10.02 4.72 0.00 2.60 3.84 4.90 5.02 6.16 6.04 0.00 2009926
3.76 3.06 0.00 0.00 4.68 4.25 3.34 5.35 4.98 3.84 5.43 6.09 4.82 6.35 6.96 6.38 0.00 3.47 6.62 9.04 4.80 0.00 10.02 4.62 0.00 2.57 4.14 5.28 5.06 5.91 5.90 5.25 2023016
3.76 3.10 0.00 0.00 4.84 4.16 3.72 5.54 4.98 3.81 5.45 6.13 4.74 6.55 6.95 6.36 0.00 4.25 6.55 8.73 4.76 0.00 10.16 4.84 0.00 2.67 3.86 5.20 5.20 6.50 5.80 0.00 2036106
3.90 3.17 0.00 0.00 4.66 4.25 0.00 5.48 4.97 3.86 5.45 6.11 4.80 6.46 6.91 6.40 0.00 3.33 6.50 8.62 4.88 0.00 10.15 4.52 0.00 2.80 3.95 5.28 5.17 5.85 6.09 5.94 2049196
3.81 3.03 0.00 0.00 4.69 4.26 3.73 5.34 5.02 3.81 5.74 6.17 5.26 6.61 6.89 6.44 0.00 3.35 6.73 8.36 4.84 0.00 10.74 4.50 0.00 2.49 4.19 5.32 5.12 5.85 6.02 5.31 2062286
3.80 3.04 0.00 3.61 4.73 4.24 0.00 5.47 5.07 3.81 5.74 6.16 4.95 6.46 6.95 6.42 0.00 3.58 6.53 8.38 4.91 5.76 10.41 4.94 0.00 2.48 3.85 4.69 5.12 5.83 5.85 5.27 2075376
3.78 3.06 0.00 0.00 4.71 4.27 3.59 5.62 5.03 3.77 5.49 6.12 4.91 6.72 7.02 6.51 0.00 3.32 6.69 9.20 4.83 0.00 0.00 5.03 0.00 2.48 3.84 4.85 5.03 5.82 5.85 5.34 2088465
3.94 3.15 0.00 0.00 4.67 4.23 3.90 5.49 5.02 3.99 5.66 6.13 5.17 6.59 6.99 6.39 0.00 3.35 6.71 8.95 4.79 0.00 10.55 4.81 0.00 2.55 3.82 5.25 4.94 5.76 6.15 5.28 2101556
3.75 3.09 0.00 0.00 4.68 4.27 3.99 5.61 5.06 3.79 5.46 6.12 5.39 6.54 0.00 6.39 0.00 3.36 6.56 0.00 4.85 0.00 0.00 4.97 0.00 2.50 3.84 0.00 5.01 0.00 6.32 0.00 2114645
3.81 3.08 0.00 0.00 4.65 4.22 0.00 5.55 4.99 3.81 5.45 6.18 4.76 6.50 7.02 6.30 0.00 3.68 6.58 8.92 4.85 0.00 9.73 5.00 0.00 2.51 3.86 0.00 5.32 5.86 6.08 5.28 2127735
3.78 3.05 0.00 0.00 4.66 4.28 4.26 5.84 5.00 3.79 5.52 6.19 4.95 6.45 6.95 6.28 0.00 3.35 6.88 8.68 4.84 0.00 10.01 4.90 0.00 2.50 3.95 4.64 5.15 5.80 6.11 5.33 2140826
3.74 3.07 0.00 0.00 4.64 4.20 0.00 5.49 4.99 3.77 5.45 6.32 4.94 6.39 7.00 6.38 0.00 3.36 6.20 0.00 4.96 0.00 10.09 4.64 0.00 2.48 3.86 4.81 4.94 5.76 5.95 5.28 2153916
3.76 3.16 0.00 0.00 4.66 4.26 0.00 5.51 5.10 3.71 5.62 6.15 5.00 6.54 6.98 6.32 2.12 3.47 6.50 8.73 4.90 0.00 10.05 4.83 0.00 2.50 3.87 4.99 4.97 5.82 6.09 5.25 2167006
3.79 3.27 0.00 0.00 4.65 4.24 4.19 5.49 5.09 3.67 5.54 6.16 4.92 6.40 6.94 6.44 2.76 4.16 6.12 8.57 4.80 5.78 10.10 4.57 0.00 2.51 3.91 4.86 4.96 5.84 5.83 5.37 2180096
3.73 3.14 0.00 0.00 4.65 4.18 3.76 5.50 5.06 3.68 5.77 6.19 4.70 6.45 6.98 6.36 0.00 3.45 6.45 8.75 4.85 5.84 0.00 4.52 0.00 2.62 3.97 4.60 4.95 5.78 6.11 0.00 2193185
3.71 3.09 0.00 0.00 4.67 4.22 0.00 5.43 5.03 3.80 5.57 6.15 5.55 6.40 6.98 6.33 0.00 3.57 6.35 8.75 4.81 5.79 10.41 4.46 0.00 2.50 4.13 0.00 5.05 5.69 6.03 5.34 2206276
3.82 3.11 0.00 0.00 4.66 4.18 0.00 5.65 4.97 3.73 5.54 6.11 5.63 6.47 6.98 6.37 2.42 3.44 6.19 8.55 4.90 0.00 10.34 0.00 0.00 2.47 3.84 0.00 5.00 5.81 6.17 0.00 2219366
4.38 3.10 0.00 0.00 4.67 4.19 3.69 5.44 5.09 3.83 5.57 6.17 4.70 6.47 6.99 6.33 0.00 3.44 6.44 8.59 4.96 0.00 10.49 4.95 0.00 2.48 4.03 4.84 5.24 5.85 6.08 5.30 2232456
3.74 3.06 0.00 3.09 4.71 4.30 3.80 5.66 5.09 3.71 5.52 6.18 4.74 6.57 6.98 6.46 2.64 3.57 7.04 9.13 5.00 0.00 10.30 0.00 0.00 2.62 3.84 4.61 5.08 5.68 5.97 5.29 2245546
3.77 3.00 0.00 3.22 4.82 4.24 0.00 5.49 4.84 3.87 5.52 6.46 4.78 6.50 6.96 6.42 2.23 3.41 6.57 8.77 4.78 6.43 10.54 0.00 0.00 2.50 3.77 4.57 5.19 5.77 5.99 5.36 2258636
4.45 3.11 0.00 2.94 4.73 4.19 4.03 5.55 4.94 3.78 5.61 6.19 4.72 6.47 7.07 6.39 2.45 3.65 6.34 8.93 4.84 5.80 0.00 4.55 0.00 2.62 3.81 4.21 4.99 5.87 6.22 5.13 2271725
3.80 2.93 0.00 0.00 5.47 4.16 3.58 5.78 4.81 3.66 5.55 6.50 4.97 6.76 7.02 6.53 2.02 3.38 6.54 8.68 4.86 6.46 10.03 4.64 0.00 2.66 3.93 4.45 5.06 5.88 6.17 5.89 2284816
3.78 2.91 0.00 3.02 4.72 4.21 4.04 5.61 4.91 3.81 5.57 6.40 5.10 6.66 7.08 6.45 2.02 3.46 6.20 8.63 4.83 5.97 10.09 4.32 0.00 2.58 3.88 4.10 4.94 5.67 6.11 5.44 2297906
3.87 2.83 0.00 3.52 4.96 4.24 3.58 5.63 4.10 3.71 5.64 6.41 4.68 6.75 7.04 6.55 2.43 3.44 6.08 8.79 4.83 5.99 10.62 4.86 0.00 2.87 4.07 4.13 5.12 5.67 4.51 5.35 2310996
4.01 3.07 0.00 0.00 4.88 4.16 2.31 5.38 4.74 3.68 5.71 6.17 5.17 6.60 7.10 6.71 2.37 3.47 4.93 8.53 5.19 5.77 6.46 5.15 0.00 2.98 3.83 4.26 5.07 5.69 6.33 5.41 2324085
3.78 2.93 5.21 3.16 4.80 4.19 3.35 5.44 4.65 3.77 5.78 6.62 5.06 6.93 7.16 6.47 2.85 3.47 6.15 8.74 5.12 5.92 10.28 3.38 0.00 2.62 3.85 3.96 5.18 5.67 6.02 5.37 2337176
3.77 2.87 4.98 2.99 4.78 4.14 0.00 5.50 4.66 3.69 5.92 6.39 4.97 6.73 7.24 6.41 2.68 3.44 6.28 8.45 4.98 5.82 10.66 5.09 0.00 2.83 3.86 3.91 5.03 5.71 6.27 3.91 2350266
3.83 2.90 4.80 2.03 4.93 4.26 3.71 5.69 2.86 3.79 5.79 6.40 5.42 5.74 7.40 6.44 2.05 3.59 4.20 8.87 5.13 5.97 2.91 3.20 0.00 2.83 3.98 4.27 5.03 5.73 6.28 5.42 2363355
3.58 2.98 5.12 3.04 4.40 2.27 3.31 5.44 2.99 3.64 5.86 6.39 5.30 6.86 7.32 6.49 2.62 3.41 6.38 8.94 5.02 0.00 7.49 3.21 0.00 2.93 3.85 4.29 4.13 5.76 4.95 5.54 2376445
3.72 2.80 4.87 2.69 3.86 4.36 3.49 5.03 2.84 4.00 5.96 6.62 4.68 5.13 7.32 6.57 2.72 3.54 4.75 8.91 5.15 0.00 5.75 2.71 0.00 2.70 3.94 4.13 5.16 5.65 6.51 5.94 2389535
4.11 2.94 4.38 2.89 4.95 3.76 2.84 3.53 3.32 2.61 4.03 6.50 5.38 5.23 7.47 6.59 2.51 3.58 4.32 8.87 5.28 0.00 2.60 3.09 0.00 2.72 2.57 4.54 4.67 5.80 5.23 5.49 2402625
3.18 2.90 3.60 2.70 4.45 3.32 3.39 4.46 3.70 2.49 6.02 6.59 5.53 7.12 7.46 7.30 0.00 3.38 4.01 9.50 5.41 5.91 4.08 4.69 0.00 2.75 3.97 4.57 4.27 5.69 5.41 4.05 2415715
4.15 2.87 5.20 2.64 4.00 2.37 2.41 2.88 2.57 2.78 4.95 6.59 4.71 2.47 5.85 7.14 2.50 3.29 6.58 7.96 5.41 5.99 2.71 2.94 0.00 2.78 2.32 4.59 5.59 5.42 4.87 6.00 2428805
4.13 2.83 4.80 2.49 3.52 3.52 2.16 2.84 2.66 2.40 2.71 7.22 3.93 2.82 0.00 7.01 2.40 3.51 4.23 2.18 4.42 0.00 4.53 3.55 0.00 2.88 4.25 4.78 4.93 2.90 5.42 5.90 2441895
4.27 2.84 4.98 3.09 2.62 4.54 2.57 2.75 2.89 2.60 3.20 2.55 2.78 2.65 7.56 2.82 2.45 3.10 3.28 8.37 3.63 6.09 3.12 2.35 0.00 2.85 2.86 4.83 4.24 4.81 6.74 6.01 2454985
4.30 2.50 3.72 3.21 5.27 2.64 2.76 2.99 3.36 2.34 2.83 4.17 2.13 2.21 2.33 5.92 2.22 2.77 2.85 2.99 3.60 6.61 2.69 2.51 0.00 3.16 2.88 4.87 4.67 3.92 2.73 5.53 2468075
4.17 2.89 2.71 2.76 5.31 2.76 3.08 3.17 2.72 2.30 2.88 6.90 2.73 2.96 2.30 4.13 2.37 3.39 3.40 2.27 3.91 3.13 2.18 3.50 0.00 3.03 4.07 4.69 3.54 2.77 5.87 6.02 2481165
4.25 2.76 4.42 2.27 3.43 3.48 2.68 3.30 3.00 2.83 2.76 6.95 3.71 2.65 6.62 5.28 2.08 2.91 2.20 2.11 3.28 0.00 2.24 2.37 0.00 3.08 2.55 4.90 5.65 3.10 3.07 5.81 2494255
3.70 2.38 4.53 2.67 5.11 2.32 2.54 3.19 3.18 2.77 5.13 3.71 5.71 2.37 7.86 7.31 2.34 3.57 3.07 3.97 3.24 0.00 3.03 2.68 0.00 3.00 2.79 0.00 2.84 2.55 2.42 4.62 2507345
4.41 2.45 3.53 2.27 2.51 2.87 3.41 3.84 2.49 2.41 3.56 7.11 2.83 2.77 2.39 3.01 2.57 2.67 3.69 3.58 5.64 0.00 2.39 2.82 0.00 3.21 3.50 5.13 3.64 3.18 3.95 4.99 2520435
4.39 2.70 4.23 2.32 3.50 2.58 2.92 2.30 2.66 2.25 2.49 7.13 2.17 2.20 2.73 3.44 2.73 2.49 3.31 3.13 2.30 2.17 2.42 2.82 0.00 3.02 4.05 4.51 3.34 4.81 4.96 5.24 2533525
4.48 2.93 3.53 2.38 3.79 2.74 3.26 3.56 2.47 2.43 2.18 5.41 3.62 3.25 7.97 2.56 2.40 3.69 2.30 0.00 2.91 0.00 2.78 2.77 0.00 2.94 2.77 4.86 2.51 3.68 3.89 3.36 2546615
3.69 2.54 2.96 2.45 3.48 2.74 2.26 3.04 2.71 2.89 3.14 4.10 2.44 2.48 6.16 7.51 2.04 2.66 5.91 3.75 2.35 0.00 2.41 2.35 0.00 2.95 3.88 5.32 3.11 2.40 2.91 5.86 2559705
3.78 2.78 3.92 2.51 4.65 2.45 2.67 2.62 2.67 2.45 2.50 7.22 2.26 2.49 3.36 2.47 2.08 3.66 2.95 3.63 2.88 0.00 2.48 2.44 0.00 2.65 2.90 4.88 3.56 2.99 3.02 5.54 2572795
4.56 2.60 3.58 2.51 3.16 3.38 3.34 3.51 2.28 2.39 3.32 4.44 2.74 2.35 5.95 6.73 2.19 3.64 2.36 3.46 2.97 0.00 2.50 3.62 0.00 2.75 2.83 5.07 3.12 4.51 2.09 4.71 2585885
4.70 2.73 4.09 2.07 3.87 2.97 2.25 5.57 3.44 2.60 2.41 3.75 5.59 3.65 6.69 5.00 2.30 3.99 3.20 2.39 2.52 6.83 2.65 2.37 0.00 2.57 2.94 4.48 2.81 2.98 4.41 3.33 2598975
4.56 2.80 4.17 2.57 3.74 2.36 2.86 3.88 3.38 2.22 3.18 5.88 6.30 5.33 8.28 5.80 2.66 3.70 3.27 8.62 2.31 0.00 3.05 3.19 0.00 2.88 3.00 0.00 2.86 4.82 2.96 4.16 2612065
4.71 2.92 3.84 2.15 6.45 3.22 2.48 2.51 2.85 2.50 3.96 7.31 2.38 2.31 6.48 3.23 2.59 3.91 5.20 2.82 2.15 0.00 2.46 2.74 0.00 2.76 3.69 5.43 3.17 4.11 2.36 4.31 2625155
4.63 2.84 3.11 2.45 6.29 5.21 3.21 4.04 3.25 2.72 4.11 7.14 6.36 4.01 2.26 7.81 2.84 3.73 3.02 3.38 4.19 0.00 2.83 2.41 0.00 3.19 3.47 4.80 4.15 3.00 3.37 2.89 2638245
4.73 2.69 3.28 2.82 7.00 2.38 3.33 4.35 2.54 2.27 5.53 7.85 5.94 2.69 5.65 6.35 2.26 3.32 2.31 8.83 4.72 7.17 3.34 3.69 0.00 2.87 3.83 5.14 3.57 3.98 2.61 4.30 2651335
4.02 2.87 3.85 2.17 5.52 3.41 3.35 2.91 3.77 2.44 4.41 7.27 5.83 4.27 8.55 0.00 2.75 3.54 2.91 0.00 2.08 0.00 3.11 3.05 0.00 2.79 3.74 4.06 4.93 4.50 4.73 4.48 2664425
4.67 2.59 2.36 2.35 6.89 4.63 3.00 2.92 2.20 2.33 5.71 7.15 0.00 2.76 8.40 8.30 2.16 2.99 4.02 2.26 2.66 7.15 3.07 5.26 0.00 2.90 3.47 5.18 5.79 2.53 4.29 4.43 2677515
4.67 3.01 3.97 2.24 5.53 4.84 2.64 2.47 3.22 3.36 4.51 7.14 4.30 3.63 8.41 8.15 2.40 3.50 6.52 8.77 3.19 7.18 4.05 4.32 0.00 2.83 3.80 4.85 3.58 6.06 2.18 4.46 2690605
4.73 2.61 3.80 3.07 4.83 5.10 2.18 3.05 3.83 4.36 5.37 7.31 5.85 3.94 8.40 8.13 2.45 3.61 2.69 7.98 4.71 0.00 2.52 4.89 0.00 2.98 3.39 4.90 3.29 4.52 4.18 4.48 2703695
4.80 2.88 3.93 2.59 5.95 3.81 3.21 2.41 3.84 3.08 7.24 7.34 5.69 4.52 8.40 0.00 0.00 3.88 6.63 8.89 4.68 0.00 10.37 2.21 0.00 2.93 2.92 4.88 5.84 4.96 4.37 4.56 2716786
4.63 2.51 3.99 2.40 7.30 7.24 3.43 4.29 3.49 2.75 2.36 7.55 5.66 6.20 8.39 8.39 0.00 3.96 6.60 8.67 4.43 7.15 3.45 3.58 0.00 2.96 3.65 5.00 3.50 5.92 4.66 4.47 2729875
4.61 2.93 3.79 2.13 6.88 7.77 3.51 5.18 3.20 3.34 5.63 7.86 0.00 7.81 8.39 8.17 2.09 3.88 6.90 8.69 2.46 0.00 2.40 3.78 0.00 3.25 2.99 4.79 3.40 5.59 4.67 4.43 2742965
4.62 2.95 3.91 2.94 6.33 4.45 3.15 4.34 2.90 3.05 7.59 7.35 5.84 2.83 8.41 2.60 2.06 3.67 5.57 8.76 4.89 0.00 2.21 4.12 0.00 3.03 3.69 4.89 4.43 4.25 4.84 4.52 2756055
4.62 2.97 3.72 2.76 7.45 7.79 3.19 4.93 3.66 4.24 3.19 0.00 0.00 5.14 8.40 8.18 0.00 3.67 6.04 8.83 5.90 0.00 4.03 3.30 0.00 2.99 2.88 4.97 4.20 5.35 4.67 4.48 2769145
4.58 3.12 3.49 3.74 7.26 5.88 3.10 5.21 3.16 3.25 5.29 4.80 0.00 4.57 8.40 0.00 2.11 3.67 3.31 8.64 2.73 0.00 7.72 3.40 0.00 3.01 3.65 5.23 5.89 4.02 4.10 4.59 2782235
4.59 2.68 3.40 2.82 7.44 5.46 3.36 3.47 3.24 2.45 6.92 7.33 6.34 5.31 8.40 8.73 0.00 3.49 7.11 9.00 5.63 7.23 8.95 4.37 0.00 3.05 3.67 4.98 4.83 5.99 4.63 4.46 2795325
4.63 2.89 3.39 2.85 7.17 7.71 3.34 5.47 4.04 3.57 7.03 7.70 6.22 7.55 8.39 0.00 2.78 3.52 6.32 8.70 3.15 0.00 10.59 4.89 0.00 3.05 3.64 5.00 4.40 5.91 3.40 4.45 2808416
4.61 2.89 3.42 2.64 7.40 6.32 3.10 4.07 3.71 3.85 6.98 7.43 6.29 6.54 8.39 0.00 0.00 3.84 5.43 9.47 4.99 7.73 10.63 0.00 0.00 3.06 3.70 4.75 5.56 5.95 4.72 4.48 2821506
4.80 2.85 3.46 3.15 7.05 7.83 3.16 4.92 3.38 5.22 7.01 7.71 0.00 7.98 8.42 0.00 2.24 3.76 6.27 9.01 5.95 0.00 7.09 4.96 0.00 3.12 3.71 4.84 5.87 5.89 4.65 4.51 2834595
4.64 3.12 3.52 2.23 6.96 4.12 3.40 3.40 3.95 4.37 7.09 7.83 0.00 5.49 8.40 8.67 2.02 3.54 7.02 8.89 5.50 7.35 5.30 4.49 0.00 2.97 3.72 5.17 6.04 4.22 4.44 4.63 2847685
4.79 2.97 3.45 3.24 6.68 7.88 3.30 5.08 3.05 3.81 7.20 7.57 0.00 6.84 8.45 8.32 2.96 3.68 6.72 8.90 5.80 0.00 3.84 3.97 0.00 3.07 3.89 4.75 4.80 6.48 4.63 4.50 2860775
4.80 2.83 3.46 3.05 7.38 7.96 3.32 5.12 4.14 3.82 7.28 7.94 0.00 7.37 8.40 0.00 2.46 3.59 5.75 8.89 2.48 0.00 10.33 4.80 0.00 3.13 3.93 4.94 5.64 5.91 4.89 4.70 2873866
4.65 2.88 3.49 2.59 7.99 7.97 3.39 4.85 3.75 3.69 6.65 7.94 0.00 7.66 8.45 0.00 2.17 3.68 3.59 0.00 4.91 7.24 2.46 4.28 0.00 3.11 3.99 5.08 3.94 5.92 4.75 5.05 2886955
4.67 2.65 3.53 2.80 7.25 7.99 3.23 4.91 3.64 5.41 6.78 7.98 6.32 8.10 8.39 0.00 2.07 4.06 6.00 8.87 2.73 7.20 9.59 4.44 0.00 3.22 3.99 5.10 5.39 6.23 4.70 4.60 2900045
4.59 3.06 3.58 2.92 7.99 7.14 3.19 4.73 4.07 4.74 7.03 7.44 6.21 7.76 8.39 0.00 0.00 3.94 6.39 9.24 0.00 0.00 10.11 0.00 0.00 3.23 4.11 5.03 5.97 5.98 3.05 4.66 2913136
4.65 2.83 3.57 3.67 7.29 5.83 3.37 4.89 3.06 3.42 7.11 0.00 0.00 5.74 8.38 8.21 2.47 3.87 6.47 9.51 5.98 7.29 4.37 4.44 0.00 3.19 4.30 5.03 5.58 5.43 4.60 4.72 2926225
4.63 2.81 3.44 2.94 7.51 8.07 3.12 5.09 3.85 3.54 7.05 7.57 0.00 7.86 8.40 0.00 2.93 3.27 6.57 9.20 2.62 7.50 8.13 4.69 0.00 3.08 4.31 5.46 5.86 3.92 3.71 4.72 2939315
4.62 2.94 3.47 2.86 7.95 7.64 3.03 4.61 4.52 2.94 6.95 8.12 5.82 7.07 8.47 5.48 0.00 3.73 5.61 8.96 3.67 0.00 3.52 4.52 0.00 3.08 4.34 5.22 4.35 6.07 4.74 4.67 2952405
4.59 2.94 3.48 3.91 7.47 8.04 3.58 4.65 3.06 2.57 6.97 7.66 5.82 6.38 8.44 0.00 0.00 3.70 2.73 8.80 5.05 0.00 8.40 4.49 0.00 3.05 4.33 5.41 3.95 6.20 4.81 4.84 2965495
4.63 3.03 3.42 3.87 7.38 6.53 3.16 4.79 4.67 4.99 6.85 7.64 0.00 7.47 8.39 0.00 2.27 3.26 6.41 9.01 5.62 0.00 8.17 4.22 0.00 3.06 4.10 5.34 5.26 6.01 4.97 4.83 2978585
4.76 2.88 3.42 3.28 7.46 7.86 3.24 4.65 3.25 3.17 7.17 7.59 6.17 7.32 8.40 8.34 2.23 3.69 6.76 8.83 4.61 0.00 6.98 4.39 0.00 3.11 4.41 5.22 5.59 2.95 5.07 4.39 2991675
4.60 3.07 3.60 3.32 6.70 7.65 3.25 4.79 4.28 4.47 7.05 7.62 0.00 7.81 8.41 8.40 2.70 3.71 6.47 8.92 4.27 0.00 5.30 5.63 0.00 3.02 4.37 5.33 4.21 4.60 4.55 4.93 3004765
4.77 3.00 3.65 3.66 6.70 7.82 2.43 4.75 4.65 2.94 6.99 2.26 6.10 4.59 8.46 0.00 2.85 3.57 6.66 9.28 3.36 7.27 4.53 4.56 0.00 3.22 4.27 5.57 2.71 5.69 4.30 4.92 3017855
4.79 2.74 3.65 2.78 6.63 7.30 3.38 3.27 4.05 3.96 6.58 8.06 6.12 4.49 8.39 0.00 0.00 3.50 6.44 8.93 4.33 0.00 3.01 4.69 0.00 3.03 4.55 5.48 2.86 5.97 4.80 4.83 3030945
4.23 3.00 3.74 2.51 4.44 5.21 2.94 4.71 4.75 3.65 7.11 7.85 0.00 5.59 6.27 0.00 2.79 3.51 6.75 9.03 3.50 0.00 2.72 3.83 0.00 3.22 4.61 5.57 2.33 5.54 4.98 5.20 3044035
4.90 2.85 3.70 2.32 5.84 5.55 3.31 3.29 2.25 4.29 4.40 7.74 6.15 7.74 8.39 8.11 2.93 3.89 4.74 6.91 5.68 0.00 4.59 4.65 0.00 3.08 4.70 5.59 4.66 6.07 4.05 4.91 3057125
4.65 3.02 3.29 2.93 7.10 3.94 3.26 4.80 2.21 2.42 4.52 7.61 5.90 5.68 8.47 8.17 2.61 3.73 2.98 9.03 5.92 0.00 4.48 3.42 0.00 3.33 2.95 5.11 3.18 5.88 4.93 5.47 3070215
4.98 2.95 3.69 2.45 8.31 5.10 3.55 4.07 3.88 2.60 4.19 7.61 6.52 7.47 7.49 8.29 2.74 3.46 6.75 2.85 3.54 0.00 7.96 3.81 0.00 3.02 3.14 5.62 4.11 6.08 3.11 5.07 3083305
5.19 2.23 3.86 2.39 6.55 3.90 2.67 5.02 2.56 2.23 6.40 7.86 6.10 6.44 0.00 3.66 2.48 3.78 5.29 0.00 2.09 6.36 2.46 2.54 0.00 3.24 4.80 0.00 5.99 6.09 4.74 5.03 3096395
4.38 2.76 3.49 2.59 3.29 2.58 2.79 3.92 2.38 2.42 3.16 2.66 6.05 5.51 8.42 2.83 2.04 3.43 2.88 9.06 5.28 6.48 3.32 2.98 0.00 3.39 4.74 4.62 3.75 5.92 5.00 5.02 3109485
5.09 2.73 3.37 2.46 3.22 3.92 2.38 2.22 2.88 3.08 6.37 3.22 4.58 4.60 7.75 2.24 2.17 3.55 2.73 6.22 3.50 0.00 2.59 4.74 0.00 2.89 4.72 4.54 4.97 5.52 4.18 4.85 3122575
5.37 2.77 3.41 2.25 2.67 4.72 2.62 4.81 2.94 2.46 3.42 4.15 6.32 2.93 7.35 6.15 2.21 3.35 3.43 2.51 3.58 0.00 3.36 3.01 0.00 2.36 4.98 5.30 3.42 4.58 4.18 0.00 3135665
5.71 2.95 3.95 2.13 4.58 4.24 2.75 3.80 2.64 2.59 2.88 7.46 5.86 2.91 4.87 2.07 2.22 2.85 4.74 3.00 2.50 5.56 2.21 2.17 0.00 3.27 3.66 3.26 3.87 6.01 3.96 5.18 3148755
3.47 2.82 3.97 2.47 2.09 3.89 2.84 2.41 3.33 3.44 2.61 3.97 2.46 2.26 2.85 3.34 2.56 3.60 5.00 2.26 2.52 3.75 2.40 3.12 0.00 3.06 2.32 2.13 3.89 5.47 2.73 4.15 3161845
4.52 2.81 3.35 2.44 6.16 3.69 2.66 4.38 2.33 2.50 2.58 3.57 2.46 2.71 2.79 2.76 2.21 3.55 3.25 3.03 2.83 2.32 2.80 2.69 0.00 3.39 4.09 0.00 3.10 4.47 2.51 3.26 3174935
5.31 2.79 3.37 2.58 4.47 3.10 2.94 3.03 2.48 3.40 3.29 4.58 3.00 4.67 5.72 5.10 2.36 3.30 2.90 7.44 2.94 4.70 2.34 2.33 0.00 3.00 2.50 2.56 2.37 6.01 4.72 4.45 3188025
2.63 2.53 3.97 2.46 4.95 2.88 2.79 3.47 2.65 3.33 4.22 7.35 3.89 4.10 3.09 2.36 2.63 3.38 3.15 0.00 2.48 2.19 3.27 3.41 0.00 3.04 2.75 3.32 2.70 2.63 3.00 5.08 3201115
4.03 2.86 3.86 2.58 2.63 2.22 2.33 4.28 2.35 2.53 4.44 2.45 5.36 2.40 2.26 2.84 2.11 2.90 3.43 0.00 2.65 4.86 2.33 2.18 0.00 3.05 2.92 3.05 5.97 4.21 3.06 0.00 3214205
2.50 2.60 4.49 2.38 2.08 3.43 2.80 3.56 2.65 2.51 3.06 4.74 2.98 4.07 4.47 3.46 2.21 3.78 2.76 2.34 3.12 0.00 2.78 2.27 0.00 2.97 2.92 2.24 2.37 3.71 2.46 5.50 3227295
3.87 2.39 3.83 2.80 4.34 2.53 2.56 5.17 3.93 2.50 3.21 3.04 5.17 4.25 6.53 2.29 2.33 3.17 4.35 6.55 2.08 4.92 2.78 2.12 0.00 3.02 2.26 0.00 3.46 6.29 2.86 5.44 3240385
4.43 2.36 3.55 2.16 3.45 3.71 3.07 2.54 2.28 2.97 3.03 0.00 4.57 2.31 6.56 2.53 2.07 3.64 4.48 3.29 2.81 5.05 2.62 2.73 0.00 3.01 2.25 2.24 3.03 2.46 3.35 5.62 3253475
2.14 2.67 4.46 2.50 2.79 3.80 2.37 3.24 2.45 2.82 2.69 3.42 5.20 4.02 5.49 5.00 2.63 3.04 3.51 2.35 2.41 4.43 2.39 2.50 0.00 3.06 2.79 2.15 2.73 2.33 2.47 3.31 3266565
0.00 2.62 4.36 2.80 4.56 2.91 2.97 2.42 2.65 3.14 2.91 2.78 3.32 2.49 6.51 3.88 2.26 2.74 4.27 2.15 3.34 5.16 2.48 3.00 0.00 2.85 2.65 2.31 2.22 4.69 2.99 2.42 3279655
0.00 2.92 4.41 2.68 4.15 3.79 2.78 2.03 2.36 2.44 2.86 3.96 4.40 2.84 6.66 2.40 2.09 2.57 3.09 3.73 2.88 4.92 2.83 2.45 0.00 2.83 4.05 5.32 2.24 6.10 3.17 4.72 3292745
5.82 2.95 4.33 2.31 3.70 4.04 2.49 4.73 2.59 2.54 5.87 6.12 5.13 3.07 6.50 3.33 2.73 3.45 3.48 5.51 3.95 5.41 5.95 2.64 0.00 2.94 4.01 5.48 4.95 6.24 2.90 3.17 3305835
0.00 2.92 4.40 2.37 5.51 4.33 3.41 5.17 3.05 3.32 3.78 7.70 2.44 2.98 6.11 6.12 2.31 3.34 6.09 9.33 2.80 5.01 3.09 3.85 0.00 3.39 3.70 5.43 2.47 4.00 3.12 5.90 3318925
0.00 3.07 4.33 2.76 7.54 6.36 3.02 4.92 3.76 2.47 2.43 7.34 5.37 3.05 4.72 6.07 2.46 3.07 4.14 8.94 3.89 5.05 2.37 2.39 0.00 2.89 3.07 2.40 2.67 6.34 2.36 3.29 3332015
0.00 2.95 4.30 2.39 7.24 3.23 3.39 0.00 2.74 2.78 2.17 7.88 5.06 4.24 6.49 6.09 2.53 3.39 6.24 8.86 4.25 4.98 3.69 2.62 0.00 2.97 3.42 5.33 3.23 5.33 2.18 5.82 3345105
0.00 2.90 4.45 3.42 7.22 5.30 3.57 0.00 3.22 3.09 7.61 5.72 5.31 4.77 6.45 6.07 2.14 3.44 6.10 8.71 3.88 4.94 6.37 4.13 0.00 2.89 3.50 2.51 2.82 5.69 4.60 5.79 3358195
0.00 3.02 4.40 2.81 7.56 7.56 3.25 5.91 4.85 2.99 7.54 7.40 5.39 2.58 6.53 6.10 2.34 3.46 4.40 8.77 4.17 5.59 2.39 0.00 0.00 2.88 3.63 5.37 3.88 3.05 2.95 5.91 3371285
0.00 2.96 4.27 2.56 7.19 7.80 3.33 0.00 4.84 3.36 7.45 7.54 5.14 2.97 6.51 6.10 2.09 3.41 4.38 5.12 4.45 5.70 3.54 4.85 0.00 2.85 3.68 5.45 6.35 3.05 5.67 0.00 3384375
0.00 2.93 4.34 2.60 7.08 4.61 3.43 5.74 2.07 6.82 7.55 7.40 4.91 6.29 6.44 5.46 2.95 3.25 6.41 8.99 3.85 5.08 6.65 3.23 0.00 2.88 3.11 5.36 6.08 6.64 5.33 5.94 3397465
0.00 2.98 4.20 5.50 7.22 7.81 3.25 6.57 4.00 2.91 7.61 7.46 4.94 6.48 6.49 5.97 0.00 3.50 6.22 8.80 3.58 5.01 6.71 4.57 0.00 2.94 3.58 5.56 6.74 7.11 3.83 6.04 3410555
0.00 2.97 4.20 4.21 7.13 8.25 3.47 0.00 5.34 6.62 7.64 7.39 4.88 6.16 6.42 6.02 2.51 3.49 6.66 8.58 4.26 5.68 3.39 4.55 0.00 2.85 3.64 0.00 6.91 6.54 5.28 0.00 3423645
0.00 2.94 4.30 3.59 7.12 7.70 3.73 6.43 0.00 5.48 7.58 7.36 4.95 5.90 6.32 6.01 2.93 3.32 6.75 0.00 4.20 5.12 10.55 4.14 0.00 3.29 3.62 5.62 4.70 6.65 5.66 5.97 3436736
0.00 2.98 4.23 5.93 7.20 7.85 0.00 0.00 5.14 7.10 7.98 7.36 4.90 6.33 6.39 6.12 2.01 3.41 6.63 8.86 4.22 5.58 10.31 3.29 0.00 2.81 3.70 5.45 6.91 6.70 5.59 0.00 3449826
0.00 2.97 4.23 3.04 7.02 7.82 3.30 0.00 5.23 7.51 7.84 0.00 4.91 6.12 6.47 6.46 0.00 3.53 6.67 8.53 4.25 5.12 10.41 4.50 0.00 2.65 3.68 5.39 7.58 6.88 5.65 5.84 3462916
0.00 2.94 4.33 3.46 0.00 7.70 3.41 0.00 5.84 7.46 7.60 7.40 5.01 6.23 6.29 6.02 0.00 3.49 6.81 8.69 4.42 5.07 10.30 4.57 0.00 0.00 3.67 5.63 6.49 6.68 5.66 6.44 3476006
0.00 2.99 4.29 2.50 7.20 7.85 3.50 0.00 5.18 7.19 0.00 7.44 4.92 6.10 6.29 6.09 2.30 3.37 6.93 0.00 4.29 5.04 10.81 4.92 0.00 3.02 3.81 5.63 6.58 6.76 5.84 5.98 3489096
0.00 3.00 4.23 3.36 7.32 7.74 3.88 0.00 0.00 7.47 7.64 0.00 4.80 6.08 6.33 6.10 0.00 3.52 0.00 8.70 4.85 5.47 10.65 4.58 0.00 0.00 3.96 5.63 5.60 6.89 5.67 6.02 3502186
0.00 3.03 4.25 0.00 7.26 7.75 0.00 0.00 5.40 7.44 7.59 7.34 4.81 6.13 6.34 6.07 2.02 3.47 4.56 8.65 4.29 4.99 10.76 4.61 0.00 0.00 3.72 5.67 7.02 7.07 5.73 6.12 3515276
0.00 2.94 4.21 0.00 7.23 7.79 3.43 0.00 0.00 7.39 7.65 0.00 5.27 6.10 0.00 6.01 2.49 3.87 7.04 8.80 4.19 5.06 0.00 4.72 0.00 2.55 3.82 5.95 6.81 6.91 5.62 5.98 3528365
0.00 3.01 4.25 3.40 7.08 7.80 3.47 0.00 0.00 7.67 7.59 7.53 4.88 6.24 6.38 6.09 2.26 3.63 6.58 8.83 4.23 0.00 10.49 4.66 0.00 2.63 3.61 0.00 6.82 6.91 5.66 6.66 3541456
0.00 2.93 4.23 2.98 7.13 7.75 3.43 0.00 0.00 7.49 7.63 7.47 5.30 6.16 6.40 6.09 0.00 3.79 0.00 8.92 4.24 5.77 9.86 4.60 0.00 2.58 3.73 5.60 0.00 6.79 5.73 0.00 3554545
0.00 2.99 4.25 0.00 7.14 7.69 3.21 0.00 0.00 7.52 7.66 7.35 4.96 6.14 6.47 6.12 2.50 3.63 7.33 0.00 4.18 0.00 10.46 0.00 0.00 2.57 3.69 5.64 6.90 6.95 5.70 5.95 3567636
0.00 3.04 4.25 5.95 7.07 7.69 3.37 0.00 5.27 7.53 7.74 7.36 4.96 6.21 6.39 6.00 2.06 3.66 7.06 9.31 4.19 5.13 10.26 0.00 0.00 2.64 3.70 5.69 6.98 6.97 5.63 6.34 3580726
0.00 3.01 4.41 0.00 7.18 7.69 3.72 0.00 0.00 7.46 7.73 7.42 4.73 6.24 6.42 6.01 2.08 3.82 7.12 0.00 4.30 5.11 10.49 0.00 0.00 2.57 3.75 5.36 6.82 7.10 5.68 5.95 3593816
0.00 2.99 4.24 3.13 7.23 7.69 3.71 0.00 0.00 7.46 7.71 7.40 5.08 6.20 6.44 6.02 2.03 3.96 6.97 9.01 4.26 5.08 0.00 0.00 0.00 2.57 3.83 5.36 6.82 6.91 5.75 6.21 3606905
0.00 2.99 4.26 3.06 7.17 7.70 3.28 0.00 5.13 7.45 7.65 0.00 4.92 6.13 6.34 6.02 2.05 3.70 7.08 8.51 4.19 5.05 9.73 0.00 0.00 0.00 3.89 6.03 6.85 6.85 5.71 6.07 3619995
0.00 2.96 4.27 5.76 7.18 7.71 0.00 0.00 5.24 7.47 7.58 7.39 5.21 6.16 6.42 6.22 2.02 3.80 6.86 8.68 4.34 5.03 10.85 0.00 0.00 0.00 3.74 5.72 6.84 6.83 5.74 5.98 3633086
0.00 3.09 4.29 3.17 7.18 7.69 0.00 0.00 0.00 7.46 8.29 0.00 5.15 6.11 6.35 6.02 0.00 3.70 6.68 8.66 4.34 5.07 10.73 5.27 0.00 2.64 3.74 5.33 6.84 6.95 5.65 5.95 3646176
0.00 3.02 4.31 0.00 7.18 7.71 3.69 0.00 0.00 7.46 7.79 7.48 4.81 6.13 6.40 6.03 2.48 3.73 6.61 8.68 4.31 5.05 10.85 4.98 0.00 2.80 3.76 5.43 6.84 7.35 5.68 5.95 3659266
0.00 3.09 5.00 6.36 7.09 7.72 3.51 0.00 0.00 7.47 8.35 7.35 4.96 6.13 6.32 6.03 2.21 3.77 6.07 8.65 4.28 5.13 10.47 0.00 0.00 2.61 3.76 0.00 6.84 6.99 5.68 6.11 3672356
0.00 3.08 4.28 3.15 7.18 7.70 0.00 0.00 0.00 7.46 7.75 7.44 0.00 6.13 6.41 6.02 2.46 3.78 6.39 8.52 4.29 5.10 10.18 5.24 0.00 2.69 3.69 5.57 6.84 7.57 5.83 6.64 3685446
0.00 3.06 4.35 0.00 7.17 7.71 0.00 0.00 0.00 7.45 7.62 7.43 4.96 6.13 6.37 6.03 2.88 3.78 6.60 8.49 4.31 5.08 10.77 0.00 0.00 2.70 3.75 5.76 6.85 7.00 5.78 6.62 3698536
0.00 3.10 4.28 5.84 7.18 7.71 0.00 0.00 0.00 7.46 7.57 7.39 5.11 6.15 6.35 6.03 2.85 3.80 6.22 8.61 4.23 5.07 10.48 0.00 0.00 2.60 3.74 0.00 6.81 6.96 5.76 6.14 3711626
0.00 3.10 4.29 0.00 7.17 7.72 0.00 0.00 0.00 7.49 7.58 7.44 5.03 6.14 6.37 6.03 2.20 3.77 6.82 8.57 4.28 5.07 10.84 0.00 0.00 2.64 3.73 5.91 7.16 6.96 5.81 6.10 3724716
0.00 3.10 4.28 0.00 7.18 7.70 0.00 0.00 0.00 7.47 7.57 7.39 5.12 6.15 6.34 6.01 2.03 3.76 6.13 8.62 4.17 5.07 10.75 0.00 0.00 2.62 3.73 6.20 6.85 0.00 5.67 6.12 3737806
0.00 3.04 4.27 0.00 7.17 7.70 3.77 0.00 0.00 7.47 7.62 7.39 5.11 6.15 6.40 6.03 2.04 4.26 6.59 8.69 4.17 5.08 10.21 0.00 0.00 2.60 3.72 6.20 6.87 7.54 5.71 0.00 3750896
0.00 3.02 4.26 0.00 7.18 7.71 3.55 0.00 0.00 7.46 7.60 7.40 4.90 6.14 6.39 6.02 2.21 4.23 6.66 8.68 4.19 5.08 10.72 0.00 0.00 2.59 3.73 6.24 6.88 7.37 5.74 0.00 3763986
0.00 3.03 4.27 0.00 7.19 7.71 3.58 0.00 0.00 7.47 7.56 7.36 5.01 6.14 6.38 6.02 2.06 4.15 6.67 8.68 4.18 5.08 10.52 0.00 0.00 2.58 3.73 5.53 6.90 7.26 5.68 6.07 3777076
0.00 3.03 4.26 0.00 7.18 7.71 3.45 0.00 0.00 7.47 7.62 7.36 4.79 6.16 6.36 6.02 2.06 3.96 6.62 8.71 4.19 5.06 10.30 5.06 0.00 2.57 3.73 5.56 6.87 7.45 5.67 6.07 3790166
0.00 3.03 4.25 0.00 7.19 7.72 3.48 0.00 0.00 7.47 7.62 7.37 4.81 6.16 6.35 6.02 2.03 3.94 6.66 8.93 4.24 5.06 10.87 0.00 0.00 2.58 3.74 5.59 6.92 0.00 0.00 0.00 3803256
0.00 3.04 4.27 0.00 7.19 7.72 3.48 0.00 0.00 7.46 7.63 7.36 4.80 6.14 6.36 6.03 2.04 3.94 6.58 8.69 4.26 5.06 10.47 0.00 0.00 2.57 3.72 5.53 6.88 7.37 5.68 0.00 3816346
0.00 3.05 4.27 0.00 7.19 7.72 3.49 0.00 0.00 7.47 7.58 7.36 4.81 6.16 6.35 6.04 2.03 3.97 6.54 0.00 4.26 5.07 10.48 0.00 0.00 2.59 3.73 5.58 6.88 7.32 5.81 0.00 3829436
0.00 3.05 4.27 0.00 7.20 7.70 3.49 0.00 0.00 7.47 7.59 7.36 4.80 6.16 6.36 6.03 2.04 3.99 6.72 8.61 4.27 5.08 10.43 0.00 0.00 2.56 3.73 5.56 6.89 7.33 5.82 0.00 3842526
0.00 3.04 4.28 0.00 7.20 7.72 3.52 0.00 0.00 7.48 7.59 7.37 4.81 6.16 6.34 6.05 2.03 4.00 6.77 8.36 4.26 5.06 10.44 0.00 0.00 2.55 3.74 5.57 6.88 7.32 5.81 0.00 3855616
0.00 3.04 4.27 0.00 7.20 7.72 3.50 0.00 0.00 7.48 7.58 7.35 4.80 6.15 6.36 6.04 2.02 4.00 6.64 0.00 4.26 5.07 10.44 0.00 0.00 2.54 3.73 5.58 6.87 7.12 5.81 0.00 3868706
0.00 3.04 4.27 0.00 7.22 7.72 3.49 0.00 0.00 7.49 7.58 7.36 4.80 6.15 6.35 6.04 2.19 4.27 6.67 9.01 4.26 5.06 10.44 0.00 0.00 2.55 3.74 5.57 6.89 7.31 5.81 0.00 3881796
0.00 3.04 4.27 0.00 7.20 7.72 3.49 0.00 0.00 7.49 7.58 7.36 4.80 6.15 6.35 6.03 2.03 4.56 6.49 8.38 4.27 5.06 10.43 0.00 0.00 2.54 3.72 5.57 6.89 7.32 5.80 0.00 3894886
0.00 3.04 4.28 0.00 7.21 7.70 3.49 0.00 0.00 7.50 7.59 7.36 4.85 6.16 6.36 6.05 2.03 4.61 6.92 8.40 4.27 5.08 10.44 0.00 0.00 2.54 3.71 5.57 6.89 7.31 5.80 0.00 3907976
0.00 3.04 4.26 0.00 7.22 7.71 3.47 0.00 0.00 7.50 7.58 7.36 4.81 6.14 6.36 6.03 2.03 0.00 6.59 8.41 4.26 5.07 10.41 0.00 0.00 2.55 3.72 5.56 6.88 7.34 5.79 0.00 3921066
0.00 3.05 4.27 0.00 7.20 7.72 3.46 0.00 0.00 7.50 7.57 7.36 4.79 6.14 6.35 6.04 2.03 4.27 6.68 8.59 4.27 5.07 10.32 0.00 0.00 2.56 3.73 5.55 6.89 7.34 5.79 0.00 3934156
0.00 3.04 4.27 0.00 7.20 7.72 3.46 0.00 0.00 7.50 7.60 7.36 4.82 6.16 6.35 6.04 2.03 4.19 6.70 8.60 4.27 5.07 10.32 0.00 0.00 2.56 3.73 5.56 6.87 7.35 5.79 0.00 3947246
0.00 3.04 4.26 0.00 7.21 7.72 3.47 0.00 0.00 7.48 7.59 7.36 4.84 6.14 6.36 6.05 2.02 3.86 6.72 8.58 4.28 5.06 10.33 0.00 0.00 2.56 3.72 5.54 6.86 7.34 5.80 0.00 3960336
0.00 3.04 4.26 0.00 7.22 7.71 3.45 0.00 0.00 7.48 7.59 7.36 4.85 6.15 6.36 6.04 2.02 4.27 6.68 8.41 4.27 5.05 10.41 0.00 0.00 2.56 3.72 5.53 6.84 7.35 5.79 0.00 3973426
0.00 3.05 4.26 0.00 7.21 7.71 3.46 0.00 0.00 7.47 7.58 7.36 4.84 6.15 6.35 6.04 2.02 4.37 6.73 8.41 4.27 5.06 10.42 0.00 0.00 2.57 3.73 5.53 6.84 7.34 5.80 0.00 3986516
0.00 3.04 4.26 0.00 7.22 7.71 3.46 0.00 0.00 7.48 7.59 7.36 4.85 6.14 6.35 6.03 2.01 4.20 6.66 8.42 4.28 5.06 10.41 5.23 0.00 2.56 3.74 5.54 6.83 7.34 5.79 0.00 3999606
0.00 3.04 4.26 0.00 7.22 7.72 3.45 0.00 0.00 7.47 7.58 7.36 4.86 6.14 6.36 6.04 2.02 4.27 6.64 8.41 4.27 5.06 10.41 0.00 0.00 2.56 3.72 5.54 6.83 7.36 5.79 0.00 4012696
0.00 3.04 4.27 0.00 7.25 7.71 3.46 0.00 0.00 7.47 7.58 7.36 4.86 6.14 6.36 6.04 2.03 4.29 6.63 8.40 4.27 5.06 10.42 0.00 0.00 2.56 3.73 5.53 6.83 7.34 5.78 0.00 4025786
0.00 3.04 4.27 0.00 7.27 7.71 3.46 0.00 0.00 7.47 7.58 7.36 4.85 6.14 6.35 6.04 2.01 4.32 6.62 8.42 4.27 5.06 10.41 5.25 0.00 2.56 3.72 5.54 6.84 7.33 5.80 0.00 4038876
0.00 3.04 4.27 0.00 7.31 7.72 3.45 0.00 0.00 7.46 7.58 7.35 4.87 6.15 6.35 6.04 2.01 4.35 6.65 8.41 4.27 5.06 10.37 5.23 0.00 2.57 3.73 5.56 6.84 7.32 5.78 0.00 4051966
0.00 3.04 4.28 0.00 7.31 7.71 3.46 0.00 0.00 7.47 7.59 7.35 5.04 6.16 6.35 6.04 2.02 4.56 6.52 8.41 4.27 5.06 10.35 0.00 0.00 2.55 3.73 5.54 6.83 7.33 5.79 0.00 4065056
0.00 3.04 4.28 0.00 7.31 7.71 3.45 0.00 0.00 7.47 7.58 7.36 5.06 6.16 6.36 6.06 2.01 4.58 6.42 8.42 4.28 5.07 10.35 5.23 0.00 2.59 3.73 5.55 6.84 7.32 5.78 0.00 4078146
0.00 3.04 4.26 0.00 7.28 7.71 3.46 0.00 0.00 7.46 7.59 7.36 5.06 6.15 6.37 6.04 2.02 0.00 6.43 8.42 4.28 5.06 10.34 5.22 0.00 2.61 3.73 5.54 6.84 7.19 5.78 0.00 4091236