0.00 3.04 4.27 0.00 7.22 7.73 3.47 0.00 0.00 7.47 7.59 7.37 5.04 6.15 6.36 6.05 2.01 4.59 6.57 8.63 4.34 5.07 10.35 0.00 0.00 2.59 3.88 5.56 6.85 7.37 5.77 0.00 9612934
0.00 3.04 4.27 0.00 7.20 7.73 3.47 0.00 0.00 7.47 7.59 7.37 5.03 6.16 6.36 6.05 2.01 4.03 6.57 8.67 4.34 5.06 10.34 0.00 0.00 2.58 3.87 5.59 6.85 7.37 5.78 0.00 9626024
0.00 3.05 4.28 0.00 7.21 7.74 3.48 0.00 0.00 7.47 7.58 7.37 5.02 6.16 6.36 6.06 2.02 4.02 6.52 8.67 4.35 5.06 10.36 0.00 0.00 2.59 3.79 5.58 6.86 7.34 5.78 0.00 9639114
0.00 3.04 4.27 0.00 7.21 7.72 3.48 0.00 0.00 7.46 7.59 7.37 5.00 6.16 6.36 6.06 2.02 4.05 6.46 8.67 4.34 5.06 10.37 0.00 0.00 2.58 3.80 5.58 6.84 7.17 5.78 0.00 9652204
0.00 3.03 4.28 0.00 7.20 7.73 3.50 0.00 0.00 7.46 7.57 7.37 5.02 6.16 6.35 6.07 0.00 4.01 6.51 8.64 4.34 5.06 10.38 0.00 0.00 2.59 3.80 5.59 6.82 7.14 5.78 0.00 9665294
0.00 3.04 4.27 0.00 7.07 7.75 3.51 0.00 0.00 7.47 7.59 7.39 5.04 6.15 6.36 6.06 2.01 3.96 6.57 9.05 4.37 5.06 10.37 0.00 0.00 2.59 3.80 5.58 6.83 7.36 5.79 0.00 9678384
0.00 3.03 4.27 0.00 7.08 7.75 3.47 0.00 0.00 7.49 7.76 7.41 5.05 6.15 6.34 6.06 2.01 3.68 6.29 8.71 4.35 5.05 10.44 0.00 0.00 2.57 3.78 6.23 6.82 7.43 6.45 0.00 9691474
0.00 3.03 4.28 3.00 7.07 7.74 3.41 0.00 0.00 7.49 7.57 7.35 4.98 6.15 6.37 6.05 2.01 3.67 6.68 8.43 4.35 5.05 10.42 0.00 0.00 2.56 3.75 5.56 6.87 7.13 5.84 0.00 9704564
0.00 3.00 4.56 3.20 7.05 7.73 3.34 0.00 0.00 7.47 7.85 7.44 5.40 6.14 6.33 6.07 2.03 3.69 6.52 8.67 4.33 5.14 10.46 0.00 0.00 2.57 3.88 5.57 6.80 7.53 5.64 6.23 9717654
0.00 3.03 4.27 5.90 7.06 7.75 3.41 0.00 0.00 7.52 7.60 7.35 5.01 6.18 6.45 6.02 2.04 3.86 6.90 8.77 4.22 5.15 10.51 4.79 0.00 2.66 3.67 5.54 6.80 7.34 5.78 6.36 9730744
0.00 3.12 4.37 0.00 7.04 7.80 3.67 0.00 0.00 7.47 7.62 7.45 5.10 6.24 6.38 6.02 0.00 3.79 6.44 8.37 4.23 5.05 10.53 0.00 0.00 2.68 3.70 6.05 6.78 6.90 5.75 6.12 9743834
0.00 2.92 4.37 6.16 7.01 7.69 3.32 0.00 0.00 7.43 7.55 7.52 4.71 6.31 6.42 6.08 2.54 3.78 7.04 9.27 4.26 5.07 10.52 4.93 0.00 2.71 3.77 0.00 6.82 6.89 5.69 6.03 9756924
0.00 2.94 4.31 5.73 7.60 7.71 0.00 0.00 0.00 7.61 0.00 0.00 4.74 6.12 6.43 6.01 2.87 3.66 6.52 9.28 4.29 0.00 0.00 0.00 0.00 2.62 3.74 5.43 6.75 6.99 5.74 6.06 9770013
0.00 2.95 4.35 3.01 7.16 7.67 3.49 0.00 0.00 7.51 7.69 7.35 4.80 6.20 0.00 6.08 2.07 3.66 6.78 8.52 4.32 5.13 10.39 0.00 0.00 2.59 3.77 5.60 6.78 7.05 5.71 6.06 9783104
0.00 3.07 4.44 5.88 7.11 7.71 0.00 0.00 0.00 7.48 7.51 7.40 4.89 6.11 6.42 6.03 2.18 4.39 6.86 8.57 4.28 0.00 10.58 0.00 0.00 2.60 3.80 5.94 6.87 7.09 5.85 6.79 9796194
0.00 3.01 4.51 3.15 7.15 7.84 3.51 0.00 5.32 7.56 7.59 7.37 4.92 6.18 6.42 6.14 0.00 3.75 6.64 8.70 4.14 5.07 10.64 0.00 0.00 2.64 3.98 5.46 6.76 6.96 5.69 6.30 9809284
0.00 3.00 4.36 6.29 7.25 0.00 0.00 0.00 5.71 7.40 7.61 0.00 5.09 6.11 6.54 6.04 2.71 3.53 6.76 9.27 4.10 5.17 10.62 0.00 0.00 2.57 3.73 5.87 6.73 7.01 5.76 0.00 9822374
0.00 3.07 4.36 0.00 7.08 8.13 3.33 0.00 5.73 6.43 8.13 7.35 5.11 6.13 6.81 6.16 2.12 3.33 6.57 8.75 4.13 5.08 5.51 5.28 0.00 2.76 3.78 5.66 6.82 7.04 5.69 6.16 9835463
0.00 3.04 4.40 3.16 7.16 7.72 4.14 6.00 5.33 7.58 7.65 7.38 4.96 6.07 6.39 6.18 0.00 3.47 6.47 8.77 4.03 5.35 3.23 4.40 0.00 2.59 3.77 5.66 6.47 7.02 5.72 0.00 9848553
0.00 3.05 4.32 3.34 7.15 7.64 3.66 0.00 5.13 7.63 7.78 7.48 4.91 6.16 6.37 6.17 2.77 3.41 6.76 8.64 4.05 5.05 9.96 5.31 0.00 2.58 3.94 6.21 6.17 7.11 5.71 6.16 9861643
0.00 3.02 4.28 3.30 7.58 7.69 3.28 0.00 5.74 7.64 7.62 7.39 4.87 6.23 6.36 6.08 0.00 3.57 6.79 8.81 4.14 5.07 10.03 4.71 0.00 2.65 3.73 5.74 6.11 6.17 5.90 6.18 9874734
0.00 3.09 4.36 2.86 7.11 7.70 3.52 0.00 0.00 7.59 7.74 7.34 4.91 6.14 6.55 6.12 2.06 3.36 6.99 8.75 4.10 5.20 10.42 4.03 0.00 2.55 3.67 0.00 6.03 7.41 5.82 6.33 9887824
0.00 2.94 4.32 0.00 7.10 7.86 3.34 5.69 5.42 6.44 7.62 7.29 5.11 6.13 7.04 6.09 2.75 3.51 6.53 8.76 4.05 0.00 8.76 5.54 0.00 2.82 3.66 6.24 6.05 7.09 5.89 0.00 9900913
0.00 3.00 4.34 2.92 7.09 7.80 3.76 0.00 5.18 7.64 7.72 7.79 5.13 6.12 6.73 6.18 2.50 3.56 6.59 8.83 4.10 5.16 9.81 4.62 0.00 2.71 3.62 5.30 5.93 7.09 5.27 6.41 9914003
0.00 2.92 4.30 0.00 7.30 7.65 3.39 0.00 0.00 7.00 7.67 7.32 5.15 6.23 6.38 6.14 2.85 3.41 6.63 9.42 4.14 5.22 10.29 4.97 0.00 2.75 3.82 5.15 6.04 7.03 5.91 6.39 9927094
0.00 3.02 4.32 2.69 7.10 7.69 3.21 0.00 5.21 6.50 7.70 7.38 5.06 6.21 6.68 6.17 0.00 3.43 6.73 8.76 4.16 5.19 9.81 0.00 0.00 2.63 3.78 5.15 5.98 7.03 5.72 6.93 9940183
0.00 3.02 4.32 3.21 7.69 7.86 3.40 0.00 5.24 7.68 7.66 7.37 5.18 6.11 6.34 6.25 0.00 3.73 6.74 8.92 4.24 0.00 10.17 4.65 0.00 2.83 3.68 4.96 5.93 7.05 5.96 6.18 9953274
0.00 3.01 4.37 3.72 7.10 7.75 3.26 6.56 0.00 7.64 7.64 7.27 5.01 6.14 6.44 6.22 2.34 3.39 6.70 8.93 4.25 5.28 10.67 0.00 0.00 2.80 3.75 4.79 6.02 7.04 6.13 6.91 9966364
0.00 3.05 4.38 0.00 7.03 7.73 3.37 0.00 3.45 6.41 7.70 7.32 4.95 6.13 6.62 0.00 2.76 3.42 6.68 9.47 4.29 5.13 9.33 4.24 0.00 2.84 3.75 5.26 6.00 7.61 5.86 6.27 9979453
0.00 3.04 4.45 3.31 7.04 7.77 3.33 0.00 5.33 7.62 7.69 0.00 5.03 6.12 6.47 6.36 2.03 3.40 6.56 0.00 4.15 5.16 9.41 4.45 0.00 2.69 4.04 5.46 6.02 7.09 5.89 6.21 9992543
0.00 3.02 4.62 0.00 7.03 7.70 3.72 0.00 5.48 7.54 7.69 7.97 5.05 6.23 6.40 6.20 2.07 3.67 6.60 0.00 4.13 5.05 10.26 5.55 0.00 2.74 3.83 5.61 5.94 7.03 5.86 6.30 10005634
0.00 3.06 4.40 2.94 6.99 7.67 3.65 0.00 5.48 7.59 7.78 7.33 4.99 6.32 0.00 0.00 2.07 3.42 6.63 0.00 4.18 5.34 10.30 4.34 0.00 2.69 3.78 5.03 5.91 7.13 5.84 6.30 10018724
0.00 3.08 4.41 0.00 7.00 7.73 0.00 5.77 5.69 7.60 7.63 7.23 5.76 6.22 6.46 6.23 0.00 3.53 6.66 8.80 4.23 5.06 10.38 4.81 0.00 2.72 3.65 5.21 6.02 7.16 5.84 7.05 10031814
0.00 3.04 4.48 5.80 6.98 7.72 3.48 0.00 0.00 7.55 7.66 7.28 5.13 6.13 6.49 6.18 2.01 3.61 7.15 8.87 4.25 5.43 9.95 4.74 0.00 0.00 3.84 5.05 5.96 7.00 5.79 6.36 10044903
0.00 2.98 4.36 0.00 7.18 7.73 0.00 0.00 0.00 6.87 7.67 7.28 4.98 6.14 6.50 6.36 0.00 3.43 6.91 8.59 4.17 5.08 10.32 4.48 0.00 2.77 3.66 5.46 5.98 0.00 5.84 6.49 10057994
0.00 3.03 4.36 6.48 0.00 7.78 0.00 0.00 5.15 7.22 7.64 7.57 5.13 6.16 6.56 0.00 2.12 3.54 6.84 8.67 4.15 5.03 9.36 4.10 0.00 2.73 3.76 5.26 6.03 6.98 5.84 6.39 10071083
0.00 2.97 4.49 0.00 7.16 7.83 0.00 0.00 0.00 7.63 7.72 7.43 4.97 6.23 6.50 6.22 2.01 3.61 6.73 8.74 4.29 5.21 10.63 5.09 0.00 2.79 3.71 5.29 6.01 6.98 6.20 0.00 10084174
0.00 3.13 4.38 0.00 7.00 7.80 3.63 0.00 0.00 7.65 7.59 7.29 5.12 6.10 6.57 6.28 0.00 3.45 6.75 8.63 4.52 0.00 10.32 4.15 0.00 2.87 3.70 0.00 6.14 7.22 5.82 0.00 10097264
0.00 3.12 4.39 3.17 7.13 7.80 0.00 0.00 5.54 7.58 7.66 7.25 5.10 6.15 6.43 6.32 2.40 3.50 6.82 8.67 4.23 5.11 10.91 5.30 0.00 2.77 3.71 5.45 6.06 7.00 5.95 6.47 10110354
0.00 3.03 4.40 0.00 7.06 7.77 0.00 0.00 0.00 7.57 7.77 7.32 5.07 6.16 6.47 6.30 2.07 3.58 7.38 9.26 4.25 0.00 10.47 0.00 0.00 2.72 3.71 5.17 6.09 7.20 5.93 6.54 10123444
0.00 3.05 4.39 0.00 7.14 7.77 0.00 0.00 0.00 7.59 7.83 7.26 5.13 6.10 6.49 6.42 2.82 3.49 6.61 8.81 4.24 5.76 10.57 5.36 0.00 0.00 3.64 5.19 6.04 7.04 5.98 7.12 10136534
0.00 3.13 4.39 0.00 7.71 7.73 0.00 0.00 0.00 7.61 7.60 0.00 5.59 6.10 6.59 6.49 2.08 3.48 6.57 8.95 4.32 5.03 10.31 4.71 0.00 2.79 3.61 5.25 6.16 7.12 6.00 6.52 10149624
0.00 3.07 4.39 6.24 7.56 0.00 0.00 0.00 0.00 7.58 7.72 7.26 5.02 6.18 6.47 6.22 2.64 4.14 6.79 8.70 4.31 0.00 10.28 0.00 0.00 2.76 3.92 5.04 6.08 7.05 6.03 6.70 10162714
0.00 3.11 4.43 0.00 7.27 0.00 0.00 0.00 0.00 7.57 7.59 7.39 5.20 6.25 6.45 6.35 0.00 3.67 6.65 8.88 4.20 5.36 10.54 0.00 0.00 2.79 3.65 5.41 6.06 7.01 6.00 7.05 10175804
0.00 3.01 4.38 4.41 6.99 7.68 0.00 6.04 5.36 7.61 7.64 0.00 5.11 6.13 6.45 6.33 2.79 3.50 6.72 8.92 4.17 5.09 9.98 4.66 0.00 0.00 3.65 5.60 6.16 0.00 6.16 6.43 10188893
0.00 3.10 4.39 0.00 7.28 7.68 0.00 0.00 0.00 7.61 7.63 7.59 5.41 6.21 6.82 6.36 2.77 3.48 6.67 0.00 4.15 5.00 10.39 5.31 0.00 0.00 3.68 5.11 6.21 7.03 6.09 6.44 10201984
0.00 3.46 4.37 0.00 6.97 7.69 0.00 0.00 0.00 7.60 7.66 7.33 5.24 6.05 6.45 0.00 0.00 3.62 6.65 8.63 4.18 5.13 10.21 4.89 0.00 3.45 3.67 5.75 6.06 6.92 5.94 6.54 10215074
0.00 3.13 4.48 0.00 6.96 7.70 0.00 0.00 0.00 7.49 7.74 7.33 5.49 6.14 0.00 6.22 2.83 3.53 6.67 8.78 4.34 5.59 10.31 5.25 0.00 0.00 3.63 5.76 6.75 7.19 6.01 6.44 10228164
0.00 3.06 4.37 0.00 6.97 7.85 0.00 0.00 0.00 7.66 8.34 0.00 4.95 6.59 0.00 6.33 2.85 3.65 6.67 0.00 4.31 5.06 9.88 5.05 0.00 3.25 3.68 5.12 6.07 7.04 5.92 6.40 10241253
0.00 3.10 4.43 6.08 6.97 7.81 0.00 0.00 0.00 7.60 7.62 7.48 5.21 6.16 6.48 6.32 2.84 3.68 6.72 0.00 4.27 5.02 9.88 4.83 0.00 2.91 3.67 5.13 6.63 7.14 5.87 6.37 10254343
0.00 3.08 0.00 0.00 6.99 8.09 0.00 0.00 0.00 7.69 7.64 7.98 5.13 6.16 6.44 6.54 2.80 3.61 6.71 8.83 4.32 5.23 9.72 5.29 0.00 2.74 3.62 5.78 6.17 7.53 5.99 6.39 10267433
0.00 3.10 4.51 0.00 7.17 0.00 0.00 0.00 0.00 7.63 7.70 0.00 5.32 6.08 6.47 6.34 0.00 3.57 6.70 9.29 4.29 0.00 9.74 5.22 0.00 2.76 3.63 5.28 6.05 6.95 6.04 6.45 10280523
0.00 3.12 4.34 0.00 7.66 7.87 0.00 0.00 0.00 7.64 7.65 7.26 5.11 6.17 6.43 6.34 0.00 3.62 0.00 8.64 4.26 5.32 9.72 5.00 0.00 2.80 3.65 5.08 6.12 7.01 5.94 6.43 10293613
0.00 3.13 4.35 0.00 7.15 0.00 0.00 0.00 0.00 7.61 7.61 7.25 5.13 6.15 6.47 6.31 0.00 3.73 0.00 8.65 4.27 5.17 9.83 4.80 0.00 2.80 3.65 5.21 6.07 6.98 6.06 6.56 10306703
0.00 3.11 4.80 6.10 7.61 0.00 0.00 0.00 0.00 7.63 7.58 7.29 5.20 6.16 6.47 6.31 0.00 3.63 0.00 8.66 4.25 0.00 9.84 4.72 0.00 3.49 3.66 5.20 6.14 6.98 5.97 6.40 10319793
0.00 3.10 4.54 0.00 7.11 7.86 0.00 0.00 0.00 7.67 7.55 7.29 5.13 6.12 6.50 6.35 0.00 3.73 7.04 8.69 4.25 0.00 9.85 4.83 0.00 3.46 3.67 5.09 6.13 6.89 5.97 6.50 10332883
0.00 3.12 4.42 0.00 6.95 7.85 0.00 0.00 0.00 7.63 7.55 0.00 4.95 6.16 6.49 6.33 0.00 3.58 0.00 8.64 4.25 5.09 9.82 4.73 0.00 2.79 3.86 5.08 6.88 6.91 6.33 6.42 10345973
0.00 3.13 4.47 0.00 6.96 7.86 0.00 0.00 0.00 7.60 7.56 7.26 5.14 6.07 6.47 6.34 0.00 3.80 7.48 8.75 4.22 0.00 10.57 4.68 0.00 2.79 3.64 5.09 6.18 6.91 6.05 6.41 10359064
0.00 3.03 4.37 0.00 6.95 7.81 0.00 0.00 0.00 7.63 7.69 7.26 5.18 6.12 6.46 6.39 0.00 3.87 0.00 8.78 4.29 0.00 9.78 4.65 0.00 2.79 3.63 5.00 6.08 6.92 5.85 6.43 10372153
0.00 3.08 4.43 0.00 6.95 8.29 0.00 0.00 0.00 7.64 7.77 7.27 5.05 6.14 0.00 6.34 0.00 3.69 7.50 8.76 4.30 0.00 9.90 4.70 0.00 2.81 3.67 5.09 6.19 6.91 5.91 0.00 10385243
0.00 3.10 4.37 0.00 6.95 7.71 0.00 0.00 0.00 7.60 7.70 7.25 5.06 6.18 6.65 6.33 0.00 3.65 7.50 8.77 4.23 5.04 9.81 4.80 0.00 2.79 3.67 5.05 6.16 7.61 6.71 6.57 10398333
0.00 3.06 4.37 0.00 6.96 7.72 0.00 0.00 0.00 7.61 8.34 7.26 5.04 6.13 6.66 0.00 0.00 3.70 7.15 8.78 4.22 5.38 9.81 4.74 0.00 2.79 3.66 5.09 6.37 7.62 5.96 6.45 10411423
0.00 3.06 0.00 0.00 6.97 7.68 0.00 0.00 0.00 7.64 7.62 7.24 5.13 6.16 6.48 6.33 0.00 3.82 7.51 8.82 4.23 5.20 9.99 4.69 0.00 2.78 3.67 5.08 6.29 7.03 5.94 6.49 10424513
0.00 3.05 4.37 6.01 7.09 7.81 0.00 0.00 0.00 7.60 7.70 7.27 5.41 6.19 6.46 6.37 0.00 3.90 0.00 8.83 4.23 5.12 9.85 4.72 0.00 2.79 3.66 0.00 6.31 6.99 5.86 0.00 10437603
0.00 3.05 4.33 5.97 7.10 7.80 0.00 0.00 0.00 7.62 7.59 7.27 5.19 6.12 6.48 6.36 0.00 3.65 0.00 8.80 4.19 5.27 9.80 4.96 0.00 2.79 3.66 5.11 6.18 7.03 5.89 7.05 10450693
0.00 3.08 0.00 5.92 7.08 7.69 0.00 0.00 0.00 7.62 7.77 7.21 5.54 6.15 6.50 6.32 0.00 3.68 7.54 8.87 4.28 0.00 9.82 4.67 0.00 2.84 3.68 0.00 0.00 7.00 5.86 6.45 10463783
0.00 3.00 4.33 6.23 7.08 7.69 0.00 0.00 0.00 7.62 0.00 7.21 5.19 6.13 6.62 6.34 0.00 3.65 7.53 9.26 4.21 0.00 10.32 4.85 0.00 2.81 3.67 5.14 6.79 7.02 5.97 6.37 10476874
0.00 3.07 4.36 0.00 7.11 7.70 0.00 0.00 0.00 7.67 7.76 7.23 5.53 6.08 6.48 6.34 0.00 3.62 7.51 8.86 4.16 0.00 10.00 4.90 0.00 2.89 3.70 5.56 6.19 6.95 6.06 6.44 10489964
0.00 3.11 4.34 0.00 7.09 7.69 0.00 0.00 0.00 7.69 7.65 0.00 5.04 6.08 6.44 6.32 2.01 3.72 0.00 8.87 4.19 5.22 10.13 5.01 0.00 0.00 3.66 5.08 6.16 7.00 6.13 6.45 10503054
0.00 3.06 4.36 6.39 7.05 7.68 0.00 0.00 0.00 7.61 7.55 7.29 5.93 6.11 6.62 6.32 2.72 3.61 6.69 8.76 4.22 5.15 10.12 5.02 0.00 0.00 3.68 5.46 6.24 7.60 6.60 6.56 10516144
0.00 3.05 4.37 0.00 0.00 7.66 3.72 0.00 0.00 7.66 7.68 7.20 5.86 6.12 6.49 6.27 2.72 3.53 6.94 8.82 4.20 0.00 10.15 4.99 0.00 2.76 3.63 5.86 6.09 6.85 6.00 6.43 10529234
0.00 3.09 4.39 5.98 7.03 7.66 0.00 0.00 0.00 7.41 7.70 7.24 5.07 6.11 0.00 6.23 0.00 3.62 6.57 8.90 4.28 0.00 10.23 3.41 0.00 2.80 3.75 0.00 6.06 6.89 6.00 6.57 10542324
0.00 3.10 4.38 0.00 7.05 7.64 0.00 0.00 0.00 7.55 7.68 0.00 5.28 6.11 6.52 6.30 2.02 3.63 6.76 8.91 4.20 5.10 10.67 4.75 0.00 3.04 3.67 0.00 6.08 0.00 6.35 0.00 10555414
0.00 3.05 4.28 0.00 6.99 7.62 0.00 0.00 5.68 7.65 8.02 7.41 5.25 6.20 6.53 6.32 0.00 3.56 6.64 8.88 4.24 5.11 10.52 4.98 0.00 3.06 3.71 5.84 6.19 6.75 5.95 7.12 10568504
0.00 3.12 4.32 2.83 6.86 7.84 3.09 0.00 4.96 7.66 7.70 7.93 5.19 6.13 6.52 6.64 2.81 3.71 6.69 8.72 4.16 5.15 10.90 0.00 0.00 2.81 3.70 5.42 6.13 6.79 6.02 6.52 10581594
0.00 3.06 4.24 3.06 6.93 7.62 3.60 5.85 0.00 7.67 7.67 7.52 5.08 6.21 6.48 6.35 2.49 3.69 6.66 8.90 4.56 5.07 9.84 4.43 0.00 2.87 3.79 5.45 6.41 6.78 5.95 6.42 10594683
0.00 3.02 4.24 5.68 7.69 7.71 3.27 0.00 5.29 4.40 7.75 7.27 4.98 6.13 6.49 6.43 2.03 3.71 6.50 0.00 4.23 5.07 9.81 3.54 0.00 2.78 3.79 5.17 6.31 6.85 6.22 6.54 10607773
0.00 3.07 4.28 0.00 6.98 6.34 3.74 5.04 4.08 4.10 7.72 7.23 5.40 4.07 6.65 6.41 2.42 3.43 6.54 9.44 4.05 5.04 5.39 0.00 0.00 3.01 3.73 5.58 6.18 6.68 6.10 6.49 10620863
0.00 2.92 4.27 3.28 7.29 6.34 3.70 4.66 4.41 4.85 6.28 6.28 5.21 3.63 6.60 6.38 0.00 3.58 6.32 8.96 4.16 0.00 7.56 3.43 0.00 2.99 3.75 5.22 5.89 6.84 6.19 6.64 10633953
4.63 2.85 4.59 3.54 6.84 4.83 2.77 3.79 5.43 2.51 7.11 7.15 5.07 4.39 6.63 6.42 2.67 3.49 5.07 8.75 4.15 0.00 4.79 2.63 0.00 3.10 3.75 5.57 6.50 5.58 6.17 6.33 10647043
5.31 3.05 4.08 2.96 5.24 4.03 2.69 4.93 2.55 3.37 4.98 3.49 4.97 2.56 6.98 6.46 2.15 3.17 6.01 8.90 4.19 5.12 3.88 0.00 0.00 2.96 3.76 5.60 6.25 6.80 4.87 7.01 10660133
0.00 3.04 4.32 2.46 4.11 5.22 3.40 4.77 3.51 3.14 5.23 0.00 2.32 6.23 6.77 6.63 0.00 3.41 6.64 4.98 4.07 0.00 4.32 5.02 0.00 3.08 3.72 5.74 4.84 7.37 5.55 6.89 10673223
0.00 2.98 4.52 2.73 7.31 5.14 3.79 2.66 2.31 2.09 3.34 6.55 5.07 3.52 6.88 5.82 2.44 3.15 4.66 0.00 4.27 0.00 2.98 2.51 0.00 3.09 3.63 5.43 4.73 6.66 6.23 6.73 10686313
5.82 2.91 4.63 2.55 3.51 4.56 3.28 4.97 3.50 2.51 3.45 4.85 4.06 5.22 7.02 6.21 2.20 3.27 2.63 9.45 3.18 5.35 4.43 2.19 0.00 3.02 3.30 6.01 3.33 6.41 2.49 6.55 10699403
5.68 2.92 3.22 2.83 3.88 3.88 3.02 3.65 4.15 2.91 2.42 0.00 4.89 2.81 6.93 6.79 2.20 3.46 0.00 2.40 2.34 5.30 2.21 2.51 0.00 3.07 3.58 0.00 4.13 6.46 2.72 0.00 10712493
0.00 2.86 4.75 2.23 5.29 3.36 3.45 4.22 3.49 3.14 3.15 3.68 4.09 3.04 0.00 6.45 0.00 2.30 2.55 8.81 3.03 4.16 2.91 2.43 0.00 3.15 2.79 5.99 6.68 4.89 5.49 4.50 10725583
4.30 3.06 4.63 2.55 3.22 3.86 3.34 4.25 3.30 2.45 5.43 4.68 2.16 3.22 7.27 5.34 2.05 3.52 3.07 2.56 4.09 5.55 2.41 2.39 0.00 3.20 3.61 0.00 5.19 3.05 5.76 6.62 10738673
2.12 2.90 4.60 2.64 3.18 3.40 2.83 3.07 3.23 2.63 4.07 0.00 2.12 2.77 6.78 6.81 2.65 3.58 2.69 4.66 3.43 5.21 3.66 2.91 0.00 3.13 2.79 0.00 4.61 2.80 2.29 0.00 10751763
2.65 2.76 5.07 2.44 3.70 3.91 2.42 3.35 3.00 2.34 4.72 3.68 4.43 2.37 7.21 6.80 2.27 3.20 3.25 0.00 3.28 0.00 3.11 2.18 0.00 3.27 2.76 2.08 4.58 5.84 2.24 0.00 10764853
4.23 2.68 4.39 2.55 4.31 4.06 2.33 3.85 3.27 3.65 3.07 2.50 4.30 3.28 6.04 2.82 2.57 2.90 3.42 3.29 3.00 0.00 2.45 2.90 0.00 2.93 3.43 3.11 4.82 6.75 2.26 4.49 10777943
5.50 2.25 3.97 2.50 3.72 3.66 3.51 3.51 2.85 2.82 2.58 4.82 5.02 3.07 7.42 2.27 2.08 2.45 2.53 3.18 3.17 0.00 3.31 2.04 0.00 3.30 2.81 0.00 2.81 6.09 3.36 6.28 10791033
5.38 2.93 4.67 2.46 4.38 3.81 2.08 4.09 3.29 2.49 5.18 3.02 5.10 2.59 3.83 2.64 2.42 3.60 2.48 6.73 3.19 0.00 2.64 2.37 0.00 2.91 3.45 2.43 5.85 5.81 2.90 0.00 10804123
3.35 2.99 4.30 2.68 3.72 3.60 3.23 4.34 2.42 2.40 4.08 2.78 2.54 2.71 7.39 6.90 2.39 2.78 4.27 3.10 3.37 5.36 2.54 2.39 0.00 2.80 3.16 0.00 4.02 4.52 6.73 3.20 10817213
5.50 2.79 4.71 2.55 4.88 3.74 3.10 3.29 3.07 2.89 3.54 4.08 4.10 3.02 4.64 4.17 2.35 3.35 3.57 4.52 2.82 5.81 2.24 3.24 0.00 2.41 3.27 2.65 7.03 4.26 5.82 5.07 10830303
0.00 2.90 4.88 2.46 4.08 3.70 2.75 3.39 3.05 2.36 2.80 3.83 3.83 4.55 6.84 4.68 2.15 3.34 4.62 0.00 4.42 3.94 2.05 2.72 0.00 2.57 2.70 0.00 4.17 6.63 4.40 5.17 10843393
5.72 2.49 4.98 2.48 3.73 2.26 2.93 4.03 2.52 2.64 4.06 6.40 4.40 3.33 7.88 0.00 2.72 2.75 2.97 4.09 3.46 0.00 2.45 3.52 0.00 2.51 3.43 0.00 5.51 6.71 4.11 5.98 10856483
4.54 2.87 4.83 2.41 4.12 3.33 3.36 3.95 3.33 2.97 3.74 3.65 5.00 3.92 7.47 6.96 2.63 3.75 4.24 8.46 4.16 0.00 2.86 2.77 0.00 2.46 2.64 0.00 4.52 6.85 2.13 6.07 10869573
5.45 2.78 4.88 2.60 4.31 3.77 3.21 4.14 2.29 2.62 5.69 4.87 4.76 4.00 2.72 7.32 0.00 3.71 5.76 8.44 2.33 0.00 4.68 3.01 0.00 2.68 2.84 0.00 3.79 6.12 5.97 5.97 10882663
5.30 2.61 4.81 2.49 4.31 2.62 3.23 3.82 2.83 2.62 3.61 4.46 4.78 4.99 7.48 6.92 2.17 2.65 6.24 0.00 3.66 5.42 3.92 2.70 0.00 2.86 3.29 0.00 6.92 6.80 3.92 5.67 10895753
5.35 3.00 4.69 2.44 4.09 3.99 3.54 4.00 3.24 2.61 4.08 4.71 4.57 2.74 7.77 7.23 2.97 2.92 5.12 8.89 4.68 5.42 2.49 3.49 0.00 2.59 3.30 0.00 7.47 6.73 3.46 6.28 10908843
5.47 3.02 4.83 2.84 4.15 3.77 3.53 2.93 2.45 2.92 5.52 5.31 4.69 4.17 7.89 6.06 2.00 3.16 6.13 8.50 4.61 5.41 3.38 4.14 0.00 2.71 3.39 0.00 3.41 6.18 6.04 5.41 10921933
4.67 2.96 4.68 2.63 3.94 3.93 3.52 3.86 2.03 4.99 5.43 6.00 4.87 5.33 7.60 7.21 0.00 3.70 5.71 8.06 3.70 0.00 7.98 3.53 0.00 2.54 3.38 0.00 3.23 6.41 6.11 5.60 10935023
5.57 2.59 4.81 2.50 3.37 3.97 3.68 3.89 2.45 3.50 6.32 5.84 3.84 6.19 7.46 7.51 0.00 3.69 6.27 8.55 4.38 5.42 2.91 3.00 0.00 2.81 3.39 0.00 3.49 6.89 5.88 5.38 10948113
0.00 3.01 4.76 2.56 3.93 4.02 3.49 3.91 5.29 3.95 6.23 5.87 4.92 2.68 7.50 7.40 2.06 3.63 2.59 8.49 4.60 6.01 5.17 4.65 0.00 2.74 3.30 0.00 6.78 2.45 6.07 5.43 10961203
5.31 3.38 4.85 2.74 4.35 4.08 3.23 3.88 2.11 2.94 5.01 5.40 5.22 5.52 7.75 7.49 0.00 3.50 6.54 8.60 2.96 5.55 3.69 3.76 0.00 2.71 3.34 0.00 6.55 6.49 6.02 5.26 10974293
0.00 3.14 4.89 2.78 3.93 4.12 3.68 3.99 4.57 5.42 6.36 5.88 4.83 2.44 7.51 7.55 2.85 3.58 6.14 8.57 4.32 0.00 10.78 4.05 0.00 2.76 3.38 0.00 6.62 6.90 5.53 5.44 10987384
0.00 2.97 4.80 3.54 4.04 3.89 3.38 4.17 2.71 3.18 4.91 5.94 4.94 5.31 7.45 7.57 2.12 3.63 4.97 8.12 4.72 5.51 10.48 0.00 0.00 0.00 3.37 0.00 7.47 6.90 5.52 5.32 11000474
0.00 2.99 5.00 3.36 4.09 4.19 3.61 3.94 3.43 3.25 6.01 5.71 4.98 6.09 7.57 7.64 2.38 3.59 6.45 8.37 4.65 5.67 0.00 4.09 0.00 2.71 3.34 0.00 7.37 6.92 2.85 5.35 11013563
0.00 3.10 4.86 3.11 4.10 4.20 3.37 4.07 3.90 3.50 5.73 5.73 5.18 4.43 7.49 7.72 2.07 3.69 3.29 8.59 4.65 0.00 2.96 4.42 0.00 3.06 3.38 0.00 7.45 6.94 6.17 5.27 11026653
0.00 3.05 5.03 2.70 4.18 4.20 3.34 3.90 5.15 3.29 5.93 5.69 5.06 6.61 7.37 7.75 2.02 3.68 6.20 8.82 4.79 5.46 6.90 4.60 0.00 2.85 3.37 0.00 7.78 6.98 5.66 5.44 11039743
0.00 3.08 5.27 2.62 4.13 4.19 3.41 3.92 5.18 5.25 5.81 5.82 5.39 6.67 7.45 7.91 0.00 3.61 6.14 8.39 4.75 5.46 10.77 4.80 0.00 2.77 3.45 0.00 7.51 7.14 5.79 5.43 11052834
5.41 3.06 4.73 2.98 4.11 4.39 3.39 3.85 5.39 3.72 5.67 5.70 5.08 6.70 7.61 7.98 2.87 3.58 6.16 8.27 4.69 5.41 8.76 4.32 0.00 2.79 3.76 0.00 7.41 6.95 5.77 0.00 11065923
0.00 3.01 4.80 3.00 4.13 4.24 3.35 3.93 3.50 5.57 5.54 5.71 5.13 6.82 7.49 7.87 2.03 3.71 6.29 8.55 4.72 0.00 10.63 4.46 0.00 3.29 3.26 0.00 7.42 6.98 5.68 5.32 11079014
0.00 0.00 4.93 2.77 4.11 4.33 3.41 3.90 5.18 6.10 5.84 5.64 0.00 6.75 7.60 7.77 0.00 4.14 6.24 8.24 4.66 6.14 10.02 4.05 0.00 2.96 3.43 0.00 7.39 6.79 6.26 5.35 11092104
0.00 3.13 5.02 3.86 4.08 4.23 4.09 3.95 0.00 6.07 5.76 5.64 5.55 6.89 7.51 8.51 2.02 3.51 6.47 8.19 4.71 0.00 10.18 4.29 0.00 0.00 3.52 0.00 7.42 6.90 5.58 0.00 11105194
0.00 3.12 4.73 3.56 4.11 4.45 3.44 3.92 5.24 6.18 6.07 5.95 5.40 6.76 7.56 8.04 0.00 3.62 6.13 8.88 4.67 0.00 10.36 5.21 0.00 2.95 3.31 0.00 7.45 6.95 6.21 5.31 11118284
0.00 3.04 4.74 3.28 4.11 4.43 3.55 3.95 0.00 5.98 5.87 5.61 0.00 6.88 7.35 7.92 0.00 3.86 6.27 8.51 4.79 5.41 10.29 4.70 0.00 2.92 3.27 0.00 7.46 6.93 5.61 5.42 11131374
0.00 3.09 4.94 3.17 4.07 4.24 3.68 4.03 0.00 6.02 5.55 6.23 5.05 6.71 7.85 7.94 0.00 3.71 6.19 8.31 4.70 5.55 10.29 4.80 0.00 0.00 3.30 0.00 7.41 0.00 5.63 5.39 11144464
0.00 3.08 4.92 0.00 4.00 4.36 3.48 4.68 0.00 6.09 5.75 5.70 5.27 6.72 0.00 7.92 0.00 3.56 6.11 8.06 4.75 5.45 10.31 5.18 0.00 2.89 3.34 0.00 7.48 6.99 5.88 5.55 11157554
0.00 3.12 4.97 0.00 4.07 4.32 3.41 4.01 0.00 6.24 5.60 5.66 5.21 7.08 7.60 7.97 2.53 3.64 6.17 8.18 4.72 5.51 10.17 4.78 0.00 2.82 3.28 0.00 7.41 7.02 5.89 5.43 11170644
0.00 3.09 4.88 3.50 4.09 4.36 3.60 3.93 0.00 6.08 5.41 5.70 5.40 6.82 7.68 8.25 2.67 3.74 5.61 8.19 4.74 5.63 10.60 3.94 0.00 3.20 3.33 0.00 7.45 6.83 0.00 5.35 11183734
0.00 3.10 4.78 0.00 4.14 4.41 3.39 4.18 5.17 6.46 5.53 5.68 5.33 6.77 8.02 7.97 2.64 3.56 6.90 8.19 4.83 5.41 10.47 3.97 0.00 2.78 3.31 0.00 7.51 6.90 5.70 5.34 11196824
0.00 3.08 5.00 0.00 4.83 4.25 3.41 4.06 0.00 5.95 5.62 5.66 5.21 6.82 7.89 7.97 2.02 4.04 6.50 8.23 4.87 0.00 9.97 0.00 0.00 2.76 3.32 0.00 7.47 6.83 5.56 5.33 11209913
0.00 3.06 4.73 0.00 3.90 4.35 3.34 4.38 0.00 6.05 5.49 5.67 5.37 6.80 7.77 8.57 2.16 3.72 6.26 8.63 4.80 0.00 10.58 4.05 0.00 2.80 3.25 0.00 7.44 6.84 5.63 6.09 11223004
0.00 3.09 4.80 0.00 4.10 4.43 3.52 4.11 0.00 6.02 5.53 5.64 5.14 6.90 7.97 0.00 0.00 3.83 6.28 8.13 4.72 5.60 10.42 4.47 0.00 2.79 3.50 0.00 7.49 7.00 5.66 5.46 11236094
0.00 3.09 4.73 0.00 3.85 4.40 3.46 3.90 0.00 6.17 5.46 5.62 5.20 6.79 7.79 0.00 2.87 3.67 6.45 8.07 4.76 5.46 10.13 4.77 0.00 2.79 3.25 0.00 7.59 6.85 5.62 6.07 11249184
0.00 3.13 4.78 0.00 3.64 4.34 3.42 3.95 0.00 6.06 5.35 5.62 5.27 6.95 7.55 0.00 2.82 3.65 6.50 8.20 4.75 5.52 10.51 4.67 0.00 2.77 3.28 0.00 7.45 6.83 5.62 5.34 11262274
0.00 3.08 4.90 3.29 3.84 4.23 3.57 4.51 0.00 5.97 5.80 5.62 5.48 6.88 7.62 8.50 0.00 3.56 6.58 8.49 4.78 5.45 10.16 5.28 0.00 2.79 3.26 0.00 7.54 6.84 0.00 0.00 11275364
0.00 3.09 4.80 0.00 3.90 4.29 3.58 4.03 0.00 5.94 5.65 5.62 5.23 6.95 7.62 7.92 0.00 4.15 6.35 8.12 5.44 0.00 10.36 4.72 0.00 2.79 3.32 0.00 7.50 6.89 5.59 5.42 11288454
0.00 3.11 4.92 0.00 3.75 4.25 3.40 3.92 0.00 6.09 5.55 5.77 5.33 6.88 7.75 0.00 0.00 3.48 6.53 8.85 5.43 5.44 10.41 4.76 0.00 2.90 3.26 0.00 7.51 7.52 5.50 0.00 11301544
0.00 3.61 4.83 0.00 3.63 4.24 3.39 4.01 0.00 5.95 5.28 5.75 5.36 6.83 7.74 7.97 2.42 3.74 6.40 8.73 4.84 0.00 10.10 0.00 0.00 2.88 3.25 0.00 7.57 6.82 5.58 5.37 11314634
0.00 3.07 4.80 0.00 3.53 4.24 0.00 3.94 0.00 6.10 5.33 5.68 5.60 6.86 8.09 0.00 2.32 3.65 6.44 8.50 4.79 0.00 10.48 0.00 0.00 2.79 3.28 0.00 7.47 6.88 5.64 5.30 11327724
0.00 3.00 4.82 0.00 3.62 4.22 3.40 4.07 0.00 5.94 5.24 5.70 5.34 6.87 7.54 8.56 2.84 3.57 6.51 8.82 4.91 0.00 10.08 4.47 0.00 2.76 3.34 0.00 7.52 6.97 5.53 5.28 11340814
0.00 3.03 4.82 0.00 3.79 4.23 3.49 4.27 0.00 6.16 5.27 5.63 5.40 6.83 7.66 7.97 2.06 3.58 6.44 8.58 4.73 5.49 10.34 4.26 0.00 2.76 3.28 0.00 7.70 7.00 5.25 5.37 11353904
0.00 3.07 4.84 0.00 3.78 4.23 3.38 3.96 5.36 6.00 5.31 5.71 5.90 6.94 7.64 8.06 2.14 3.88 6.46 8.39 4.86 5.52 9.81 4.91 0.00 2.75 3.31 0.00 7.63 6.86 5.30 5.42 11366993
0.00 3.07 4.89 3.49 3.78 4.22 3.33 3.95 0.00 5.86 5.29 5.72 5.40 6.91 7.74 8.15 2.62 3.65 6.29 8.45 4.76 6.27 9.72 5.62 0.00 2.77 3.27 0.00 7.55 6.89 5.37 5.36 11380083
0.00 3.06 4.85 0.00 3.82 4.22 3.36 3.93 0.00 6.02 5.50 5.60 5.13 6.96 8.10 8.27 2.56 3.62 6.33 8.53 4.84 0.00 10.51 5.22 0.00 2.92 3.29 0.00 7.64 6.87 5.68 5.33 11393174
0.00 3.11 4.96 3.45 3.51 4.21 4.04 3.98 0.00 5.90 5.43 5.59 5.49 6.96 8.03 8.19 2.47 3.78 6.51 8.48 4.87 5.49 9.82 3.93 0.00 2.76 3.28 0.00 7.73 6.87 5.78 5.32 11406263
0.00 3.09 4.89 0.00 3.78 4.23 3.38 3.90 0.00 5.84 5.37 5.59 5.43 7.00 7.76 0.00 2.33 3.65 6.46 8.61 4.80 5.49 10.55 5.26 0.00 2.78 3.34 0.00 8.37 6.86 5.41 0.00 11419354
0.00 3.07 4.96 0.00 3.52 4.23 3.30 3.97 0.00 5.96 5.28 0.00 5.63 6.83 7.73 8.42 2.77 3.76 6.39 8.83 4.88 5.45 10.51 4.52 0.00 2.78 3.28 0.00 7.59 6.87 5.63 5.31 11432444
0.00 3.09 4.87 0.00 3.36 4.23 3.30 4.10 0.00 5.91 5.31 5.60 5.29 6.84 7.99 8.06 2.45 3.65 6.54 8.43 4.82 5.57 10.09 4.49 0.00 2.89 3.27 0.00 7.54 6.92 5.40 5.42 11445534
0.00 3.16 4.84 3.52 3.38 4.22 3.30 4.17 0.00 5.98 5.18 5.56 5.53 6.87 7.91 8.34 2.22 3.73 6.46 8.68 4.77 5.49 9.90 5.60 0.00 2.79 3.28 0.00 8.00 6.89 5.36 0.00 11458623
0.00 3.06 4.85 0.00 3.39 4.14 3.27 4.02 0.00 5.88 6.01 5.57 6.18 6.94 7.93 8.10 2.74 3.54 6.45 8.60 4.76 0.00 10.42 4.92 0.00 2.80 3.27 0.00 7.56 6.91 5.30 6.01 11471714
0.00 3.05 4.85 3.00 3.48 4.27 3.31 4.64 0.00 5.99 5.28 5.57 5.45 7.12 7.71 8.00 2.71 3.60 6.38 8.68 4.82 5.99 9.78 5.58 0.00 2.81 3.28 0.00 7.59 0.00 5.76 6.04 11484803
0.00 3.03 4.84 0.00 3.67 4.17 3.30 3.97 0.00 5.82 5.21 5.58 5.39 6.98 7.85 0.00 2.71 3.96 6.12 8.67 4.82 5.48 10.45 4.51 0.00 2.80 3.27 0.00 7.65 6.85 6.21 5.37 11497894
0.00 3.07 4.93 0.00 3.73 3.91 3.32 3.99 0.00 5.87 5.16 5.58 5.41 7.08 7.87 0.00 2.73 3.87 6.30 8.55 4.79 0.00 10.22 4.44 0.00 2.76 3.28 0.00 7.80 6.82 5.45 5.36 11510984
0.00 3.06 4.96 0.00 3.52 4.01 3.42 4.05 0.00 5.87 5.10 5.61 5.45 6.94 7.80 8.13 2.46 3.67 6.54 8.95 4.94 5.54 10.51 4.45 0.00 2.78 3.28 0.00 7.53 6.84 5.50 5.51 11524074
0.00 3.08 4.91 3.59 3.58 3.88 3.37 3.96 0.00 5.93 5.14 5.74 5.46 7.06 0.00 8.05 2.11 4.05 6.42 8.25 4.96 5.51 10.96 0.00 0.00 2.77 3.27 0.00 7.62 6.98 5.31 6.05 11537164
0.00 3.07 4.92 0.00 3.46 3.79 3.41 4.01 2.22 5.76 5.11 5.70 5.32 6.94 7.69 0.00 2.60 3.59 6.44 8.30 4.95 6.12 0.00 5.20 0.00 2.76 3.29 0.00 7.53 7.04 5.50 5.30 11550253
0.00 3.11 4.97 2.80 3.55 3.64 3.35 3.99 0.00 5.84 4.98 5.72 5.51 7.00 7.71 8.18 0.00 3.64 6.55 8.61 4.86 5.62 0.00 4.07 0.00 2.76 3.32 0.00 7.59 6.99 5.39 5.30 11563343
0.00 3.12 4.98 0.00 3.53 3.51 3.35 3.94 0.00 5.66 5.03 5.56 5.79 7.03 7.83 0.00 0.00 3.62 6.35 8.58 4.83 5.59 0.00 4.53 0.00 2.90 3.35 0.00 7.68 0.00 5.44 5.40 11576433
0.00 3.08 4.94 0.00 3.48 3.62 3.32 3.93 0.00 5.88 5.22 5.73 5.58 7.11 7.95 0.00 2.75 3.65 6.10 8.42 4.84 5.49 0.00 4.00 0.00 2.80 3.32 0.00 7.73 7.14 5.32 5.30 11589523
0.00 2.95 4.95 3.04 3.41 3.51 3.40 3.96 5.22 5.66 5.56 5.46 5.54 7.10 7.71 8.27 0.00 3.73 6.45 8.92 5.06 0.00 10.37 4.51 0.00 0.00 3.30 0.00 7.67 6.91 5.21 5.94 11602614
6.14 3.04 5.00 3.55 3.33 3.45 3.40 4.07 0.00 5.59 4.93 5.41 6.01 7.33 7.98 8.07 2.05 3.65 6.35 8.25 4.98 6.36 10.95 4.35 0.00 2.82 3.26 0.00 7.69 6.89 5.14 5.30 11615704
0.00 3.10 4.97 0.00 3.30 3.37 3.50 4.17 5.43 5.52 5.16 5.40 5.91 7.13 8.16 8.31 2.74 3.70 6.39 0.00 4.87 5.84 0.00 5.38 0.00 2.79 3.24 0.00 7.67 6.89 5.08 5.18 11628793
0.00 2.95 5.05 3.71 3.24 3.44 3.43 4.03 5.17 3.50 4.50 5.19 5.81 7.11 8.00 8.11 2.05 3.74 6.39 8.34 5.01 5.68 5.35 4.64 0.00 2.86 3.29 0.00 7.65 6.96 4.82 5.15 11641883
0.00 2.89 5.10 0.00 3.26 3.54 3.29 4.07 5.88 3.52 4.75 5.11 5.77 7.15 8.49 8.18 2.83 3.81 6.32 8.24 4.95 5.68 3.81 5.36 0.00 2.80 3.29 0.00 7.62 7.03 4.87 5.22 11654973
5.78 3.01 4.95 3.41 3.36 3.56 3.33 4.18 4.39 4.75 4.82 5.17 5.94 7.25 8.03 8.34 0.00 3.90 6.42 8.62 5.19 0.00 8.86 4.45 0.00 2.83 3.31 0.00 7.95 7.00 4.80 4.95 11668063
5.72 3.07 4.94 2.93 3.40 3.55 3.26 4.03 4.80 4.49 4.62 4.94 5.95 7.28 8.19 8.21 2.40 3.64 6.25 8.41 5.15 5.87 3.83 4.20 0.00 2.86 3.39 0.00 6.72 6.99 4.95 5.54 11681153
5.78 2.73 5.08 3.13 3.31 3.48 2.93 4.07 5.44 3.77 4.49 4.93 0.00 7.58 8.39 8.25 2.02 3.72 6.31 8.48 5.25 5.75 10.91 4.35 0.00 2.87 3.40 0.00 6.25 5.03 4.70 5.06 11694244
5.31 2.97 5.20 2.62 3.36 3.53 3.22 4.27 5.10 4.59 4.60 4.80 6.00 6.98 8.45 0.00 2.93 3.75 6.42 8.63 5.09 0.00 3.84 4.00 0.00 2.97 3.43 5.80 7.86 7.28 4.67 4.99 11707333
5.30 3.09 4.67 2.68 3.40 3.59 3.28 4.02 2.20 2.59 4.71 4.63 4.36 6.20 8.41 8.33 2.65 3.59 5.91 8.88 5.20 5.88 10.45 4.48 0.00 2.94 3.51 0.00 4.15 5.81 4.62 5.16 11720424
5.52 2.97 5.15 2.95 3.42 3.48 3.26 3.74 5.24 3.12 4.10 4.62 5.94 7.56 8.45 0.00 2.68 3.60 2.37 8.71 5.54 5.90 3.09 0.00 0.00 0.00 3.40 0.00 5.31 6.59 4.30 4.83 11733513
5.29 2.79 4.74 3.20 3.42 3.52 2.97 4.12 2.64 2.37 4.37 4.43 0.00 7.82 7.22 7.74 2.01 3.81 3.50 8.74 5.46 6.03 4.16 3.42 0.00 2.96 3.25 0.00 6.65 7.35 4.65 4.16 11746603
4.44 3.05 4.59 2.84 3.39 3.57 3.30 4.20 4.00 2.49 4.40 4.17 0.00 5.23 7.41 0.00 2.37 3.60 5.87 8.71 4.67 5.99 4.43 3.81 0.00 2.98 3.42 0.00 6.30 6.92 4.26 4.81 11759693
4.16 2.96 5.03 3.06 3.46 3.58 3.13 4.41 3.74 2.48 4.20 4.51 0.00 3.05 8.42 2.49 2.13 3.81 4.67 8.53 4.87 0.00 3.17 2.63 0.00 3.48 3.68 0.00 6.54 7.47 2.61 4.92 11772783
4.62 3.11 5.11 2.87 3.40 3.31 3.30 4.55 4.04 2.86 3.45 4.53 6.10 5.04 8.44 3.97 2.77 3.74 4.95 5.64 3.81 6.41 4.32 3.17 0.00 3.10 3.21 0.00 2.96 2.52 2.85 4.99 11785873
4.36 2.87 5.13 3.04 3.63 3.49 3.22 4.66 3.13 2.57 3.56 4.67 3.39 2.83 8.41 2.40 2.09 3.66 4.00 8.76 2.45 0.00 2.81 2.26 0.00 3.14 3.84 2.23 5.92 5.95 3.38 4.95 11798963
4.92 3.05 3.64 2.38 2.57 3.43 3.05 4.56 3.28 3.03 4.06 4.72 4.70 4.41 8.42 0.00 0.00 3.63 4.62 7.86 3.93 0.00 2.74 2.60 0.00 3.29 2.72 2.54 2.55 6.58 4.75 4.89 11812053
4.36 2.84 4.84 2.71 3.54 3.70 3.30 4.72 2.69 2.09 4.54 4.95 2.46 4.29 8.52 2.78 2.13 3.78 5.56 2.21 2.55 6.41 2.51 3.30 0.00 3.44 2.62 3.77 2.78 3.07 2.54 4.98 11825143
4.03 2.52 5.03 2.90 3.66 3.14 3.23 4.21 2.95 2.56 4.37 3.49 3.73 2.57 2.90 3.40 2.20 3.39 5.33 2.72 2.75 0.00 2.56 2.39 0.00 3.01 3.15 0.00 2.44 6.14 3.80 4.51 11838233
4.29 3.13 4.91 2.50 3.20 3.73 3.07 4.97 2.52 3.08 4.47 4.56 3.70 2.39 7.17 2.63 2.07 3.34 5.54 4.14 2.82 0.00 2.95 2.33 0.00 3.25 3.68 0.00 3.22 5.53 2.95 3.76 11851323
4.11 2.33 4.80 2.75 3.69 3.29 2.85 2.55 4.71 2.33 4.67 4.99 0.00 2.87 2.65 5.38 2.04 3.37 2.69 3.05 3.58 0.00 2.38 4.81 0.00 3.57 3.99 2.42 2.33 3.35 2.52 4.61 11864413
4.43 2.94 4.76 2.46 3.27 2.41 3.31 4.04 2.57 2.34 4.77 5.14 3.41 3.44 7.62 5.03 2.27 4.03 2.49 2.20 2.57 0.00 3.00 2.17 0.00 3.47 2.22 3.34 2.51 3.40 2.68 5.29 11877503
4.13 2.57 4.25 2.33 3.83 3.62 3.59 4.53 3.99 3.05 2.50 5.21 2.55 2.62 2.52 5.95 2.60 3.72 5.21 9.46 2.28 6.56 2.90 2.29 0.00 3.72 3.05 2.74 3.59 5.80 2.46 5.29 11890593
3.75 2.41 4.54 2.68 3.83 3.49 2.91 5.26 2.62 2.56 4.68 4.36 5.93 2.55 5.35 7.68 2.34 3.62 2.25 3.96 3.80 0.00 2.44 2.93 0.00 3.64 2.26 0.00 3.57 3.35 3.06 5.36 11903683
4.07 2.91 3.57 2.40 3.89 3.04 3.86 5.38 2.55 2.58 2.28 5.44 5.57 4.16 7.39 5.09 0.00 3.54 3.18 8.95 3.53 0.00 3.13 0.00 0.00 3.62 4.58 0.00 2.66 2.39 5.26 0.00 11916773
4.17 2.80 4.17 2.43 3.75 3.14 3.46 5.34 3.00 2.80 4.53 5.27 2.42 4.24 7.52 6.20 2.40 3.57 3.23 8.91 3.72 6.81 3.44 2.44 0.00 3.53 2.41 5.12 2.71 3.58 2.88 5.24 11929863
4.00 2.73 5.07 2.65 3.92 2.70 2.80 5.51 3.43 2.24 4.25 4.89 5.61 4.28 7.71 7.47 2.03 3.81 5.85 7.90 4.05 6.67 3.01 3.16 0.00 3.43 4.27 0.00 2.86 6.15 2.34 5.32 11942953
4.16 2.49 4.73 2.65 3.85 3.94 3.77 5.32 4.88 2.91 4.46 5.40 5.40 5.03 7.14 7.20 2.42 3.47 2.14 8.29 2.54 0.00 2.86 0.00 0.00 3.23 4.21 0.00 2.56 6.37 4.20 5.23 11956043
3.94 3.14 5.17 2.43 3.87 3.88 3.14 4.86 4.48 2.80 3.44 5.44 5.64 3.13 6.63 7.26 2.09 3.27 2.16 8.89 5.89 0.00 2.93 4.77 0.00 3.49 4.79 0.00 5.80 2.34 2.92 5.77 11969133
3.94 3.43 4.63 2.33 3.76 3.49 3.63 5.33 3.23 3.64 4.82 4.64 5.49 6.13 7.40 7.31 2.10 3.69 5.52 9.07 2.49 6.68 4.57 2.42 0.00 3.48 4.82 5.92 3.70 4.90 3.47 5.21 11982223
3.94 3.11 4.89 2.33 3.71 3.90 3.33 5.38 4.04 2.88 4.82 5.45 5.25 2.88 7.13 6.73 2.08 3.62 6.15 8.80 5.59 0.00 10.89 4.90 0.00 3.34 3.06 0.00 4.56 6.81 4.00 0.00 11995314
4.02 3.04 4.40 2.73 3.68 3.90 3.24 5.35 4.51 2.31 2.74 5.51 5.95 5.84 6.77 6.79 2.12 3.56 6.88 9.23 5.63 0.00 6.87 5.19 0.00 2.96 5.26 5.66 5.72 6.07 5.18 5.27 12008403
3.93 3.00 5.01 2.69 3.64 3.81 3.49 5.45 3.74 3.68 4.78 5.58 5.55 6.40 6.90 6.77 2.03 3.27 6.84 0.00 0.00 6.71 10.16 4.85 0.00 3.07 4.93 5.78 4.74 6.15 5.19 5.78 12021494
3.94 2.99 0.00 2.41 3.66 3.47 3.55 5.25 4.82 3.92 4.74 5.39 5.77 6.27 6.92 6.56 2.43 3.50 6.49 9.32 5.92 6.71 10.46 0.00 0.00 3.04 4.86 5.66 5.46 6.05 5.17 5.37 12034584
3.84 3.08 4.89 3.38 3.74 3.77 3.24 5.38 4.64 2.39 4.87 5.39 5.21 5.91 6.82 6.65 2.10 3.42 5.59 8.81 0.00 0.00 0.00 5.21 0.00 3.25 4.95 5.58 5.49 5.86 5.24 5.30 12047673
3.89 2.97 5.05 3.13 3.66 3.75 3.55 5.42 4.32 3.80 4.98 5.40 5.30 6.32 6.86 6.52 0.00 3.47 6.44 8.84 2.47 0.00 9.91 0.00 0.00 3.30 5.03 5.36 4.92 6.27 5.17 0.00 12060763
3.88 3.16 5.18 2.67 3.67 3.67 3.55 5.23 4.52 3.68 4.87 5.57 5.25 5.60 6.82 6.55 0.00 3.54 0.00 0.00 0.00 6.74 10.62 5.01 0.00 3.09 5.19 0.00 5.60 5.94 5.17 5.35 12073854
4.17 3.00 5.04 3.94 3.71 3.62 3.35 5.53 4.33 3.75 4.74 5.41 5.41 6.34 6.80 6.84 2.29 3.52 7.08 8.88 3.73 0.00 2.64 5.73 0.00 3.18 4.89 5.67 5.56 5.58 5.18 5.28 12086943
3.92 3.14 4.64 2.59 3.66 3.65 3.51 5.35 4.36 3.82 4.83 5.50 5.16 6.33 6.73 6.77 2.36 3.59 7.36 9.03 0.00 0.00 9.97 4.43 0.00 3.12 5.05 6.12 4.09 5.64 4.60 5.40 12100033
3.94 3.11 4.95 3.27 3.64 3.62 3.70 5.36 4.49 3.83 4.87 5.44 5.23 6.29 6.73 6.58 0.00 3.49 0.00 9.00 5.93 0.00 10.32 4.43 0.00 3.04 4.75 5.68 5.58 5.70 5.22 0.00 12113124
3.92 2.98 5.19 2.75 3.68 3.59 0.00 5.32 4.39 3.91 4.76 5.82 5.14 6.40 6.74 6.83 0.00 3.50 6.96 9.00 0.00 6.82 10.55 4.89 0.00 3.09 4.67 6.05 5.55 5.75 5.23 5.32 12126214
3.92 3.04 4.95 2.82 3.67 3.55 3.53 5.27 4.35 3.95 4.85 6.02 5.40 6.27 6.66 6.54 2.77 3.68 6.86 8.83 5.62 0.00 10.26 4.90 0.00 3.03 4.58 6.26 5.09 5.43 5.24 0.00 12139304
3.90 3.05 4.74 2.83 3.64 3.64 3.42 5.75 4.42 3.82 4.85 5.41 5.40 6.28 6.77 6.58 2.60 3.67 7.05 8.78 0.00 0.00 10.51 5.50 0.00 3.08 5.20 5.98 5.57 5.92 5.40 0.00 12152394
3.97 3.20 4.83 3.34 3.65 3.55 3.48 5.38 4.42 3.83 4.97 6.17 5.29 6.29 7.08 6.67 2.03 3.73 0.00 0.00 5.73 0.00 10.63 0.00 0.00 3.09 4.65 6.03 5.31 5.70 5.23 5.34 12165484
3.92 3.13 5.05 3.25 3.70 3.55 3.59 5.56 4.51 3.81 4.79 5.43 5.29 6.21 6.81 6.52 2.56 3.67 0.00 9.26 0.00 7.27 9.97 4.69 0.00 3.11 4.69 5.51 5.61 5.55 5.25 5.29 12178573
4.32 2.99 5.13 3.22 3.65 3.52 3.54 5.26 4.15 3.83 4.76 5.59 5.44 6.37 6.71 6.58 2.46 3.75 6.24 8.79 0.00 6.83 10.55 5.71 0.00 3.39 4.57 5.42 5.51 5.89 5.28 5.39 12191664
3.91 0.00 5.28 0.00 3.72 3.61 3.47 5.31 4.42 3.81 4.77 5.48 6.09 6.32 6.90 6.56 0.00 3.82 0.00 8.85 0.00 0.00 10.96 0.00 0.00 3.05 4.54 5.33 5.39 5.40 5.21 5.51 12204754
4.02 2.88 4.72 3.30 3.67 3.54 3.67 5.30 4.20 3.74 4.81 5.68 5.15 6.20 6.86 6.54 0.00 3.71 0.00 8.91 0.00 6.67 10.58 4.94 0.00 3.12 4.52 5.60 5.42 5.45 5.22 5.29 12217844
3.98 3.03 5.12 3.37 3.63 3.57 3.33 5.48 4.25 3.79 4.81 6.06 5.15 6.25 6.72 6.62 2.51 3.79 0.00 9.15 0.00 6.70 10.52 4.75 0.00 0.00 4.57 5.35 5.34 5.67 5.23 5.43 12230934
3.99 3.09 0.00 3.35 3.68 3.59 3.53 5.46 4.49 3.76 4.80 5.60 5.33 6.26 6.89 6.52 2.76 3.70 6.86 8.92 0.00 0.00 0.00 0.00 0.00 3.29 4.48 5.87 5.55 5.48 5.40 5.31 12244023
3.94 2.98 4.98 3.15 3.72 3.54 0.00 0.00 4.48 3.79 4.94 5.60 5.24 6.33 6.79 6.60 0.00 3.63 0.00 8.78 5.73 0.00 0.00 5.13 0.00 3.01 4.64 5.48 4.77 5.48 5.32 5.39 12257113
4.13 3.09 0.00 3.26 3.81 3.62 4.12 5.42 4.34 3.82 4.83 5.75 5.47 6.31 6.73 6.64 2.47 3.61 7.02 9.24 0.00 0.00 0.00 0.00 0.00 3.26 4.69 5.69 5.01 5.27 5.27 0.00 12270203
4.28 3.13 0.00 2.77 3.67 3.53 3.49 5.72 4.07 3.80 4.75 5.52 5.21 6.32 6.76 6.58 2.46 3.71 0.00 8.93 0.00 6.73 0.00 5.61 0.00 3.06 4.63 5.69 5.54 5.58 5.25 5.31 12283293
3.96 3.07 0.00 0.00 3.66 3.55 4.07 5.33 4.25 3.85 4.76 5.52 5.33 6.38 6.91 6.56 0.00 3.61 6.69 8.82 0.00 6.79 0.00 4.88 0.00 3.23 4.62 5.65 5.16 5.50 5.20 5.47 12296383
3.93 3.14 4.93 3.17 3.69 3.55 0.00 5.28 4.32 3.80 5.38 5.52 5.32 6.27 6.74 6.56 2.77 3.62 7.26 8.83 0.00 0.00 10.60 5.08 0.00 3.17 4.50 6.29 5.24 5.26 5.24 5.39 12309474
3.94 3.79 4.59 0.00 0.00 3.65 3.36 5.54 4.44 3.86 4.96 5.48 5.11 6.24 7.19 6.55 2.72 3.70 0.00 8.84 0.00 0.00 10.69 0.00 0.00 0.00 4.47 0.00 5.53 5.30 5.20 0.00 12322564
4.02 3.13 0.00 0.00 3.66 3.55 3.48 5.34 4.32 3.81 4.88 5.53 5.57 6.22 0.00 6.64 2.74 3.73 0.00 8.85 0.00 0.00 10.37 4.74 0.00 3.09 4.47 5.62 5.12 5.29 5.26 5.36 12335654
3.91 3.62 5.24 3.06 3.77 3.58 3.66 5.38 4.03 3.91 4.89 0.00 5.21 6.22 6.90 6.59 2.77 3.89 0.00 0.00 0.00 6.80 10.36 4.71 0.00 3.08 4.63 0.00 5.08 5.27 5.16 5.38 12348744
4.32 3.42 5.24 3.28 3.68 3.61 3.55 5.33 4.30 3.95 4.80 5.53 5.79 6.39 6.81 6.59 2.81 3.63 0.00 0.00 0.00 0.00 10.35 4.74 0.00 3.04 4.63 6.17 5.26 5.35 5.25 5.46 12361834
3.97 3.08 5.21 3.17 4.38 3.55 0.00 5.29 3.95 3.86 4.82 5.53 5.91 6.21 6.97 6.57 0.00 3.72 7.25 0.00 0.00 0.00 10.39 4.71 0.00 3.07 4.62 5.60 5.22 5.32 5.17 6.09 12374924
3.97 3.13 5.27 0.00 3.69 3.67 3.59 5.39 4.03 3.79 4.85 5.51 5.45 6.21 6.81 6.58 2.36 3.77 0.00 9.55 0.00 6.77 10.33 4.83 0.00 3.08 4.63 5.69 5.15 5.35 5.18 5.32 12388014
4.07 3.10 5.27 0.00 3.93 3.62 0.00 5.62 4.07 3.79 4.85 5.49 5.57 6.38 6.80 6.66 2.56 3.73 0.00 8.94 0.00 6.75 10.53 4.67 0.00 3.08 4.64 0.00 5.21 5.31 5.17 5.45 12401104
4.01 3.06 5.07 3.55 3.71 3.65 3.89 5.62 4.09 3.83 5.01 5.96 5.32 6.42 7.56 6.74 2.49 3.78 0.00 8.90 0.00 6.79 10.36 0.00 0.00 3.53 4.57 0.00 5.42 5.38 5.18 5.49 12414194
4.02 3.09 0.00 3.36 3.74 3.70 0.00 0.00 4.04 3.80 5.09 5.54 5.41 6.24 6.79 6.61 0.00 3.77 0.00 9.56 0.00 0.00 10.35 0.00 0.00 3.19 4.65 0.00 5.14 5.26 5.85 0.00 12427284
4.04 3.09 0.00 0.00 3.76 3.73 0.00 5.48 4.07 3.81 4.96 5.50 5.64 6.33 6.85 6.61 0.00 3.73 0.00 8.85 0.00 6.79 10.37 4.73 0.00 3.34 4.68 6.22 5.31 5.41 5.20 0.00 12440374
3.91 3.19 5.22 3.15 3.73 3.63 0.00 5.47 4.10 3.83 4.87 5.51 5.28 6.34 6.79 6.65 0.00 3.80 0.00 9.56 0.00 6.81 10.35 0.00 0.00 3.28 4.66 6.20 5.18 5.52 5.28 5.99 12453464
3.95 3.11 0.00 0.00 3.71 3.73 3.86 5.72 4.15 3.81 4.85 5.53 5.52 6.25 6.78 6.71 0.00 3.84 0.00 8.93 0.00 6.67 10.38 4.80 0.00 0.00 4.66 6.16 5.13 5.31 5.24 5.46 12466554
3.95 3.11 5.20 2.93 3.74 3.63 4.03 5.45 4.35 3.91 4.95 5.53 5.13 6.28 6.80 6.69 2.49 3.97 0.00 8.93 0.00 6.73 10.31 4.78 0.00 0.00 4.68 6.15 5.14 5.31 5.22 5.39 12479644
0.00 3.16 0.00 0.00 3.78 3.60 0.00 5.41 4.18 3.89 4.95 5.52 5.29 6.40 7.48 7.36 2.45 3.83 0.00 8.91 0.00 6.74 10.33 4.80 0.00 0.00 4.54 6.04 5.17 5.40 5.31 5.39 12492734
3.91 3.10 0.00 0.00 3.77 3.62 0.00 5.38 4.28 3.88 5.10 5.54 5.16 6.19 6.88 6.58 2.49 3.82 0.00 8.93 0.00 6.75 10.39 0.00 0.00 3.25 4.69 5.63 5.31 5.36 5.21 6.05 12505824
4.29 3.39 0.00 0.00 3.79 3.59 0.00 5.37 4.20 3.80 4.82 5.51 5.21 6.23 6.83 6.68 0.00 3.82 0.00 9.54 0.00 6.75 10.35 0.00 0.00 3.18 4.68 5.65 5.16 5.35 5.22 5.39 12518914
3.97 0.00 0.00 0.00 4.30 3.60 0.00 5.41 4.14 3.87 5.06 5.54 5.31 6.20 6.88 6.72 2.59 0.00 0.00 0.00 0.00 6.76 10.36 0.00 0.00 3.11 4.69 5.66 5.13 5.38 5.29 5.41 12532004
3.93 0.00 0.00 0.00 3.90 3.59 0.00 5.48 4.35 3.88 4.92 5.54 5.19 6.22 6.78 6.65 2.51 4.03 0.00 8.90 0.00 6.75 0.00 0.00 0.00 3.11 4.56 5.66 5.16 5.44 5.23 5.45 12545093
3.97 3.11 0.00 0.00 3.87 3.59 3.69 5.37 4.15 4.43 5.04 5.49 5.24 6.21 6.78 6.58 2.52 3.82 0.00 8.90 0.00 6.74 0.00 0.00 0.00 3.14 4.79 5.52 5.26 5.33 5.23 5.48 12558183
4.05 3.08 0.00 0.00 3.74 3.57 0.00 5.40 3.94 3.83 4.90 5.49 5.25 6.20 6.80 6.61 0.00 3.84 0.00 8.87 0.00 6.74 0.00 0.00 0.00 3.43 4.69 0.00 5.55 5.61 5.24 5.39 12571273
3.91 3.06 0.00 3.07 3.92 3.55 3.75 5.38 4.34 3.84 5.04 5.64 5.29 6.19 6.82 6.61 0.00 3.86 0.00 8.92 0.00 6.74 10.36 0.00 0.00 0.00 4.84 0.00 5.19 5.38 5.36 5.51 12584364
3.97 3.09 0.00 0.00 3.89 3.58 0.00 5.38 4.25 3.80 4.87 5.61 5.83 6.22 6.84 6.64 0.00 3.86 0.00 8.89 0.00 6.73 0.00 4.85 0.00 3.80 4.66 0.00 5.11 5.31 5.19 5.57 12597453
0.00 3.11 5.35 0.00 4.16 3.59 3.75 5.40 4.37 3.82 4.89 5.65 5.23 6.18 6.85 6.65 0.00 3.82 0.00 8.93 0.00 6.73 10.40 0.00 0.00 3.76 4.67 6.21 5.17 6.02 5.17 5.48 12610544
3.91 3.10 5.21 3.06 0.00 3.57 3.75 5.89 4.62 3.80 5.01 6.03 5.20 6.20 6.81 6.62 0.00 3.82 0.00 8.91 0.00 6.71 0.00 0.00 0.00 3.65 4.67 0.00 5.27 5.42 5.32 6.16 12623633
3.94 3.09 5.18 0.00 3.83 3.62 3.67 5.44 3.93 3.79 4.94 0.00 5.19 6.19 6.86 6.67 0.00 4.02 0.00 8.89 0.00 6.73 0.00 0.00 0.00 3.34 4.69 0.00 5.14 5.35 5.20 0.00 12636723
3.98 3.52 0.00 3.13 0.00 3.61 0.00 5.38 3.96 3.81 4.96 0.00 5.16 6.18 6.84 6.66 0.00 0.00 0.00 8.89 0.00 6.72 10.54 0.00 0.00 3.33 4.68 5.80 5.20 5.33 5.19 5.67 12649814
3.97 3.11 0.00 0.00 3.92 3.58 0.00 5.40 4.34 3.82 4.90 0.00 5.17 6.18 6.83 6.64 2.59 3.81 0.00 8.87 0.00 6.74 10.58 0.00 0.00 3.32 4.69 6.12 5.26 5.33 5.19 5.55 12662904
3.92 3.40 0.00 0.00 3.81 3.59 0.00 5.40 4.12 3.82 4.94 0.00 5.09 6.16 6.90 6.60 0.00 0.00 0.00 9.61 0.00 6.72 10.51 5.07 0.00 3.33 4.67 5.80 5.15 5.36 5.19 0.00 12675994
3.97 3.63 0.00 0.00 3.80 3.59 3.58 5.45 4.21 3.84 4.95 0.00 5.09 6.18 6.89 6.59 2.61 3.86 0.00 8.85 0.00 6.74 0.00 5.45 0.00 3.04 4.68 5.81 5.19 5.41 5.21 5.37 12689083
3.96 3.11 0.00 3.22 0.00 3.57 0.00 5.88 4.06 3.82 4.81 0.00 5.11 6.20 6.82 6.57 2.59 4.64 0.00 8.85 0.00 6.74 10.57 5.08 0.00 3.06 4.66 5.78 5.24 5.40 5.20 5.36 12702174
3.96 3.28 0.00 3.14 3.95 3.57 0.00 5.60 4.03 3.90 4.85 0.00 5.11 6.18 6.82 6.58 2.63 4.03 0.00 8.87 0.00 6.74 0.00 0.00 0.00 3.06 4.66 5.77 5.27 5.43 5.44 5.42 12715263
3.94 3.10 0.00 3.13 3.91 3.59 0.00 5.42 3.94 3.78 4.84 5.74 5.09 6.18 6.79 6.59 2.60 3.84 0.00 8.85 0.00 6.74 0.00 5.41 0.00 3.06 4.67 5.75 5.14 5.35 5.20 5.51 12728353
3.94 3.10 0.00 3.10 3.83 3.60 3.77 5.42 4.17 3.88 4.81 0.00 5.11 6.18 6.82 6.58 2.49 3.84 0.00 8.87 0.00 6.74 0.00 0.00 0.00 3.31 4.69 5.74 5.28 5.57 5.21 6.09 12741443
3.95 3.70 0.00 3.12 3.92 3.59 0.00 5.38 4.34 3.88 4.78 5.73 5.13 6.17 6.91 6.57 0.00 3.83 0.00 8.81 0.00 6.74 0.00 0.00 0.00 3.30 4.84 5.73 5.21 5.88 5.23 5.50 12754533
3.93 3.10 5.22 3.14 3.91 3.65 3.76 5.69 4.34 3.81 4.85 5.71 5.12 6.19 6.88 6.57 0.00 3.89 0.00 8.84 0.00 6.73 0.00 0.00 0.00 3.30 4.68 5.71 5.19 5.48 5.21 5.46 12767623
3.93 3.60 0.00 0.00 3.92 3.58 3.42 5.41 4.34 3.84 4.84 0.00 5.14 6.20 6.87 6.60 0.00 3.83 0.00 8.82 0.00 6.73 0.00 0.00 0.00 3.32 4.68 5.73 5.21 5.48 5.29 0.00 12780713
3.94 3.59 0.00 0.00 3.93 3.60 3.56 5.40 4.04 3.79 4.82 5.72 5.13 6.20 6.96 6.59 0.00 3.80 0.00 8.82 0.00 6.73 0.00 0.00 0.00 3.26 4.69 5.78 5.28 5.37 5.21 0.00 12793803
3.97 3.58 0.00 0.00 3.92 3.61 3.77 5.37 4.05 3.81 4.82 5.61 5.12 6.20 6.91 6.62 0.00 3.82 0.00 8.82 0.00 6.75 0.00 0.00 0.00 3.25 4.67 5.80 5.20 5.36 5.19 6.11 12806893
3.99 3.31 0.00 0.00 4.16 3.59 3.77 5.38 4.01 3.79 4.84 5.59 5.13 6.22 6.81 6.61 0.00 3.80 0.00 8.84 0.00 6.74 0.00 5.03 0.00 3.29 4.68 5.59 5.06 0.00 5.31 5.42 12819983
3.96 3.24 0.00 0.00 3.94 3.60 3.77 5.36 4.01 3.80 4.78 5.55 0.00 6.21 6.83 6.61 0.00 3.84 0.00 8.83 0.00 6.75 0.00 0.00 0.00 3.29 4.67 5.76 5.99 5.56 5.23 5.38 12833073
3.96 3.63 0.00 3.03 3.95 3.57 3.74 5.36 4.01 3.80 4.78 5.54 5.12 6.21 6.83 6.60 0.00 3.82 0.00 8.83 0.00 6.75 10.54 0.00 0.00 3.29 4.67 5.78 5.31 5.39 5.20 0.00 12846164
4.14 3.49 0.00 3.25 3.94 3.57 3.62 5.36 4.07 3.79 4.78 5.53 5.10 6.21 6.81 6.62 0.00 3.78 0.00 8.82 0.00 6.75 0.00 0.00 0.00 3.27 4.67 5.82 5.31 0.00 5.19 5.38 12859253
4.00 3.58 0.00 0.00 3.97 3.56 0.00 5.37 3.98 3.78 5.09 5.60 5.12 6.21 6.81 6.59 0.00 3.79 0.00 8.84 0.00 6.76 0.00 0.00 0.00 3.28 4.70 5.85 5.23 0.00 5.32 0.00 12872343
4.01 3.22 0.00 0.00 4.18 3.55 3.63 5.36 4.00 3.76 4.85 5.70 5.09 6.21 6.81 6.62 0.00 3.81 0.00 8.83 0.00 6.75 10.53 0.00 0.00 3.27 4.68 5.31 5.00 0.00 5.36 0.00 12885434
4.01 3.61 0.00 3.14 4.05 3.57 3.77 5.38 4.01 3.81 5.13 5.62 5.11 6.20 6.82 6.61 0.00 3.81 0.00 8.84 0.00 6.76 0.00 0.00 0.00 3.27 4.68 5.42 5.29 5.43 5.21 5.49 12898523
4.00 3.60 0.00 3.11 3.89 3.56 3.73 5.37 4.02 3.79 5.28 5.63 5.17 6.20 6.81 6.61 0.00 3.82 0.00 8.83 0.00 6.75 10.51 0.00 0.00 3.27 4.68 5.45 5.95 5.40 5.23 0.00 12911614
3.96 3.61 0.00 0.00 3.94 3.57 3.72 5.37 4.09 3.80 4.82 5.59 5.17 6.20 6.81 6.60 0.00 3.80 0.00 8.83 0.00 6.75 0.00 0.00 0.00 3.28 4.69 5.37 5.41 5.42 5.22 6.21 12924703
3.96 3.67 0.00 0.00 3.93 3.56 3.68 5.38 4.18 3.85 4.80 5.62 5.25 6.22 6.80 6.60 0.00 3.80 0.00 8.83 0.00 6.74 0.00 0.00 0.00 3.28 4.78 5.85 5.27 5.40 5.22 0.00 12937793
4.01 3.68 0.00 2.98 3.95 3.58 0.00 5.37 4.13 3.80 4.79 5.72 5.27 6.21 6.81 6.61 0.00 3.89 0.00 8.84 0.00 6.75 0.00 0.00 0.00 3.28 4.69 5.44 5.23 5.42 5.21 5.52 12950883
3.97 3.62 0.00 3.35 3.94 3.55 0.00 5.36 4.64 3.80 4.85 5.64 5.47 6.24 6.86 6.60 0.00 4.00 0.00 8.84 0.00 6.74 10.56 0.00 0.00 3.28 4.70 6.04 5.18 5.42 5.19 0.00 12963974
3.96 3.61 0.00 0.00 4.42 3.56 0.00 5.37 4.55 3.77 4.82 5.63 5.24 6.21 6.87 6.59 0.00 3.99 0.00 8.84 0.00 6.74 0.00 5.31 0.00 3.28 4.69 5.44 5.17 5.44 5.18 0.00 12977063
3.97 3.59 0.00 3.20 4.42 3.56 3.79 5.37 4.53 3.78 4.76 5.71 5.25 6.21 6.85 6.59 0.00 4.04 0.00 8.83 0.00 6.75 10.51 5.25 0.00 3.28 4.69 5.78 5.13 5.42 5.16 5.46 12990154
3.98 3.63 0.00 2.97 4.46 3.57 3.38 5.36 0.00 3.77 4.80 0.00 5.15 6.19 6.92 6.61 0.00 4.02 0.00 8.84 0.00 6.75 0.00 0.00 0.00 3.31 4.67 5.77 5.09 5.42 5.19 5.49 13003243
3.99 3.60 0.00 3.17 0.00 3.56 3.75 5.36 0.00 3.78 4.85 0.00 5.13 6.19 6.94 6.60 0.00 4.01 0.00 8.84 0.00 6.75 0.00 5.28 0.00 3.29 4.67 5.74 5.09 5.42 5.17 5.35 13016333
3.98 3.61 0.00 0.00 0.00 3.57 3.71 5.38 4.57 3.78 4.84 0.00 5.14 6.18 6.84 6.60 0.00 4.00 6.56 8.83 0.00 6.76 0.00 5.25 0.00 3.26 4.67 5.76 5.07 5.42 5.19 5.39 13029423
3.99 3.60 0.00 0.00 0.00 3.56 3.58 5.38 4.50 3.78 0.00 0.00 5.14 6.19 6.82 6.61 0.00 3.98 6.56 8.83 0.00 6.76 0.00 5.29 0.00 3.25 4.67 5.73 5.10 5.41 5.18 5.39 13042513
3.98 3.37 0.00 3.81 0.00 3.57 0.00 5.36 4.59 3.78 0.00 0.00 5.14 6.17 6.84 6.60 0.00 3.96 6.50 8.82 0.00 6.76 0.00 5.29 0.00 3.27 4.66 5.74 5.12 5.42 5.19 5.40 13055603
3.98 3.25 0.00 3.81 0.00 3.57 0.00 5.36 4.60 3.78 0.00 0.00 5.13 6.17 6.84 6.61 0.00 4.01 6.58 8.82 0.00 6.76 0.00 5.28 0.00 3.26 4.66 5.74 5.06 5.41 5.19 5.40 13068693
3.98 3.58 0.00 3.80 0.00 3.57 0.00 5.37 4.62 3.79 0.00 0.00 5.13 6.18 6.83 6.61 0.00 4.00 6.44 8.86 0.00 6.74 0.00 5.27 0.00 3.27 4.66 5.73 5.24 5.39 5.19 5.40 13081783
3.97 3.49 0.00 3.79 0.00 3.58 0.00 5.38 4.74 3.78 0.00 0.00 5.13 6.18 6.83 6.60 0.00 3.99 6.43 8.86 0.00 6.75 0.00 5.27 0.00 3.26 4.66 5.74 5.21 5.39 5.19 5.39 13094873
3.97 3.62 0.00 3.79 0.00 3.57 0.00 5.36 4.74 3.79 0.00 0.00 5.13 6.18 6.82 6.62 0.00 4.01 6.43 0.00 0.00 6.74 0.00 5.27 0.00 3.25 4.67 5.73 5.25 5.38 5.19 5.39 13107963
3.98 3.60 0.00 3.80 0.00 3.57 0.00 5.38 4.76 3.78 0.00 0.00 5.14 6.18 6.82 6.62 0.00 3.83 6.44 0.00 0.00 6.74 0.00 5.26 0.00 3.26 4.67 5.72 5.25 5.37 5.19 5.41 13121053
3.98 3.18 0.00 3.79 0.00 3.58 0.00 5.37 4.79 3.78 0.00 0.00 5.14 6.18 6.83 6.62 0.00 3.83 6.44 0.00 0.00 6.74 0.00 5.30 0.00 3.26 4.68 5.73 5.23 5.38 5.19 5.40 13134143
3.97 3.19 0.00 3.80 0.00 3.58 0.00 5.36 4.73 3.78 4.88 0.00 5.14 6.18 6.83 0.00 0.00 3.83 6.44 0.00 0.00 6.75 0.00 5.28 0.00 3.27 4.66 5.73 5.23 5.38 5.18 5.40 13147233
3.98 3.19 0.00 3.80 3.86 3.57 0.00 5.37 4.72 3.79 0.00 0.00 5.13 6.18 6.83 6.64 0.00 3.84 6.43 0.00 0.00 6.75 0.00 5.28 0.00 3.26 4.66 5.73 5.25 5.37 5.19 5.39 13160323
3.98 3.17 0.00 3.79 3.88 3.57 0.00 5.38 3.88 3.77 0.00 0.00 5.12 6.18 6.83 6.63 0.00 3.81 6.42 0.00 0.00 6.75 0.00 5.28 0.00 3.26 4.66 5.72 5.25 5.37 5.19 5.40 13173413
3.98 3.16 0.00 3.80 3.86 3.58 0.00 5.39 3.85 3.78 0.00 0.00 5.14 6.19 6.83 6.61 0.00 3.80 6.43 9.60 0.00 6.74 0.00 5.29 0.00 3.25 4.67 5.72 5.23 5.37 5.19 5.40 13186503
3.98 3.16 0.00 3.84 3.85 3.58 0.00 5.38 4.28 3.79 0.00 0.00 5.13 6.18 6.83 6.61 0.00 3.81 6.43 9.60 0.00 6.75 0.00 5.30 0.00 3.25 4.66 5.72 5.43 5.34 5.20 5.41 13199593