5.07 0.00 3.28 4.98 7.80 8.04 3.32 5.27 2.79 4.12 6.62 7.09 4.37 5.84 7.03 6.75 2.73 3.99 6.60 8.71 3.68 0.00 10.24 0.00 4.74 3.66 4.55 2.71 3.51 4.47 5.76 7.82 4181866
5.06 0.00 3.28 5.00 7.82 8.03 3.33 5.27 2.79 4.13 6.61 7.09 4.38 5.71 7.02 6.75 2.75 4.00 6.58 8.71 3.68 0.00 10.26 0.00 4.75 3.64 4.54 2.71 3.50 4.45 5.76 7.84 4194956
5.05 0.00 3.29 5.01 7.81 8.04 3.31 5.34 2.80 4.12 6.62 7.10 4.38 5.59 7.02 6.76 2.76 3.99 6.61 8.70 3.67 0.00 10.29 0.00 4.76 3.64 4.54 2.70 3.51 4.46 5.76 7.83 4208046
5.07 0.00 3.29 5.00 7.81 8.03 3.32 5.59 2.79 4.12 6.61 7.11 4.37 5.59 7.01 6.75 2.76 3.99 6.62 8.83 3.68 0.00 10.35 0.00 4.74 3.64 4.54 2.70 3.50 4.46 5.76 7.83 4221136
5.06 0.00 3.27 5.01 7.82 8.04 3.33 5.65 2.80 4.27 6.62 7.10 4.38 5.59 7.01 6.75 0.00 4.00 6.86 8.91 3.68 0.00 10.30 0.00 4.75 3.63 4.54 2.71 3.50 4.46 5.76 7.85 4234226
5.06 0.00 3.28 5.02 7.81 8.04 3.33 5.68 2.78 4.35 6.61 7.09 4.38 5.58 7.01 6.75 2.76 3.99 6.85 8.92 3.67 0.00 10.34 0.00 4.75 3.64 4.54 2.71 3.50 4.46 5.76 7.84 4247316
5.01 0.00 3.29 4.94 7.73 8.04 3.33 5.26 2.80 4.28 6.60 7.10 4.38 5.59 7.02 6.76 0.00 3.98 6.59 8.74 3.67 0.00 10.42 0.00 4.74 3.63 4.56 2.70 3.50 4.45 5.76 7.83 4260406
5.01 0.00 3.28 4.95 7.70 8.05 3.31 5.27 2.77 4.26 6.59 7.10 4.37 5.70 7.03 6.76 0.00 3.99 6.34 8.74 3.69 0.00 10.22 0.00 4.73 3.63 4.54 2.66 3.51 4.46 5.75 0.00 4273496
5.06 0.00 3.29 4.96 7.75 8.03 3.31 5.24 2.77 4.28 6.59 7.09 4.38 5.58 7.02 6.75 2.78 3.99 6.49 8.74 3.68 0.00 10.25 0.00 4.75 3.63 4.54 2.66 3.51 4.46 5.76 0.00 4286586
5.16 0.00 3.29 4.75 7.91 8.05 3.33 5.25 2.77 4.20 6.60 7.10 4.39 5.57 7.03 6.75 2.78 4.00 6.22 8.73 3.68 0.00 10.18 0.00 4.75 3.63 4.54 2.65 3.50 4.46 5.76 0.00 4299676
5.03 3.67 3.28 4.77 7.38 8.06 3.34 5.42 2.77 4.25 6.58 7.10 4.40 5.57 7.03 6.76 2.76 4.01 6.21 8.87 3.70 0.00 9.91 0.00 4.74 3.62 4.55 2.68 3.50 4.47 5.75 0.00 4312765
5.08 3.66 3.28 4.75 7.49 8.06 3.31 5.27 2.78 4.24 6.46 7.10 5.09 5.57 7.01 6.76 0.00 4.00 6.71 8.79 3.73 0.00 9.82 5.18 4.76 3.64 4.53 3.16 3.49 4.48 5.74 0.00 4325855
4.98 3.63 3.28 4.84 7.65 8.00 3.29 5.41 2.80 4.26 6.42 7.09 4.36 5.56 7.12 6.76 0.00 3.95 6.53 8.87 3.72 0.00 9.92 5.28 4.79 3.64 4.53 0.00 3.50 4.49 6.39 7.46 4338945
5.02 3.09 3.28 4.75 7.45 7.98 3.30 5.25 2.82 4.24 6.41 7.09 4.44 5.58 7.52 6.75 0.00 3.96 6.57 8.91 3.70 0.00 9.88 5.84 4.97 3.63 4.54 0.00 3.56 4.50 5.73 0.00 4352035
5.36 3.15 3.44 0.00 7.71 8.01 3.32 5.50 2.79 4.19 6.44 7.09 4.40 5.53 6.96 6.74 0.00 3.95 6.25 8.89 3.59 4.31 9.79 5.31 4.83 3.63 4.54 2.59 3.53 4.52 5.74 7.16 4365125
5.17 3.10 3.35 4.57 7.43 7.96 3.29 5.73 2.78 4.27 6.62 7.11 4.36 5.56 7.04 6.75 0.00 3.96 6.23 9.03 3.73 4.41 9.83 0.00 4.74 3.63 4.54 3.34 3.50 4.44 5.72 7.56 4378215
5.56 3.15 3.28 4.67 7.48 7.99 3.30 5.28 2.78 4.14 6.58 7.08 4.31 5.68 6.88 6.76 2.90 4.02 6.06 0.00 3.68 4.38 10.18 5.22 4.83 3.64 4.53 2.85 3.57 0.00 5.77 7.13 4391306
5.09 3.11 3.30 4.56 0.00 8.05 3.23 5.29 2.87 4.15 6.56 7.09 4.40 5.54 6.85 6.77 2.89 3.98 6.14 0.00 3.67 4.35 10.14 5.39 4.76 3.64 4.54 2.95 3.55 4.47 5.73 7.26 4404396
5.07 3.14 3.26 4.67 7.57 8.06 3.30 5.43 2.73 4.21 6.44 7.13 4.33 5.58 6.82 6.76 2.85 4.05 6.97 8.88 3.80 4.53 10.24 0.00 5.05 3.63 4.53 2.63 3.59 4.45 5.73 0.00 4417486
5.09 3.15 3.32 4.59 7.40 8.18 3.50 0.00 2.89 4.19 6.41 7.06 4.55 5.52 6.81 6.79 0.00 3.79 0.00 0.00 3.60 4.61 9.86 5.43 4.65 3.63 4.54 2.88 3.58 4.49 5.75 7.54 4430575
5.11 3.13 3.43 4.68 7.51 8.07 3.35 5.46 2.79 4.24 6.38 7.08 4.31 5.63 6.81 6.77 0.00 3.78 6.52 8.70 3.63 4.54 9.83 0.00 4.96 3.62 4.54 2.64 3.56 4.59 5.73 7.31 4443665
4.99 3.09 3.35 4.73 7.67 8.13 3.30 5.64 2.81 4.27 6.36 7.08 4.34 5.64 6.84 6.83 2.08 3.77 6.87 9.08 3.60 4.35 9.73 5.41 4.79 3.61 4.55 2.61 3.86 4.51 5.76 0.00 4456755
5.28 3.12 3.36 4.89 7.74 8.05 3.55 5.57 2.76 4.26 6.35 7.09 4.51 5.53 7.54 6.78 2.08 3.86 7.09 9.41 3.59 0.00 9.74 0.00 4.65 3.63 4.56 2.62 3.56 4.51 0.00 7.42 4469845
5.02 3.05 3.29 0.00 7.41 8.03 3.46 5.47 3.22 4.35 6.37 7.07 4.54 5.63 6.79 6.85 0.00 3.89 6.79 9.11 3.60 0.00 9.78 0.00 4.69 3.60 4.56 2.64 3.74 4.43 5.79 7.84 4482935
5.05 3.14 3.53 4.64 7.63 8.13 3.42 5.55 2.82 4.28 6.67 7.08 4.34 5.62 6.83 6.85 2.92 3.89 6.73 9.42 3.66 0.00 9.97 4.39 4.76 3.63 4.56 2.62 3.60 4.45 5.84 7.17 4496025
5.40 3.15 3.35 4.59 7.71 8.06 3.59 5.42 2.78 4.41 6.53 7.02 4.58 5.61 6.83 6.89 2.61 3.90 6.58 9.38 3.63 0.00 9.83 0.00 4.50 3.61 4.57 2.77 3.62 4.52 5.82 7.43 4509115
5.04 3.13 3.36 0.00 7.68 8.05 3.28 5.31 2.79 4.30 6.43 7.05 4.42 5.60 6.89 0.00 2.26 3.88 6.58 9.03 3.56 4.46 10.11 0.00 4.67 3.61 4.57 2.60 3.58 4.48 6.22 7.29 4522206
5.05 3.09 3.28 4.58 0.00 8.06 3.22 5.26 2.86 4.26 6.51 7.08 4.43 5.79 7.13 7.56 2.33 3.90 6.51 9.42 3.60 4.43 9.89 5.39 4.70 3.59 4.56 2.60 3.58 4.55 5.77 0.00 4535295
4.97 3.14 3.39 4.72 7.85 8.17 3.28 6.25 2.76 4.31 6.36 7.07 4.39 5.63 7.53 7.02 0.00 3.83 6.84 0.00 3.55 0.00 10.00 5.42 4.53 3.59 4.57 3.30 3.67 4.60 5.82 7.19 4548386
5.30 3.14 3.41 4.51 7.73 8.05 3.30 5.42 2.85 4.29 6.37 7.00 4.37 5.71 7.02 6.92 2.68 3.78 6.91 8.80 3.52 0.00 9.91 5.11 4.85 3.61 4.59 2.81 3.77 4.51 5.83 7.11 4561475
5.22 3.13 3.36 0.00 7.37 8.09 3.39 5.54 2.81 4.34 6.56 7.02 4.46 5.55 7.07 7.04 0.00 3.92 6.91 0.00 3.55 0.00 9.74 0.00 4.52 3.56 4.59 2.84 3.84 4.59 5.83 7.86 4574565
5.06 3.13 3.34 4.85 7.72 8.04 3.89 5.30 2.88 4.35 6.60 7.03 4.62 5.45 7.00 6.87 0.00 3.91 6.24 9.33 3.57 4.32 9.87 0.00 4.82 3.53 4.60 2.73 3.74 0.00 5.79 7.91 4587655
5.25 3.15 3.34 0.00 7.87 8.15 3.32 5.30 2.75 4.53 6.59 7.24 4.47 5.57 6.97 6.82 0.00 3.93 0.00 9.10 3.62 0.00 9.83 5.25 4.57 3.53 4.59 2.82 3.76 4.54 5.79 7.25 4600745
5.45 3.13 3.34 0.00 7.68 8.10 3.24 5.33 2.88 4.28 6.53 7.05 4.41 5.64 6.96 7.66 2.20 4.00 6.60 0.00 3.60 4.35 9.83 0.00 4.89 3.53 4.59 2.65 3.72 4.50 5.92 7.32 4613835
5.22 3.14 3.31 4.81 7.42 8.08 3.50 5.34 2.89 4.45 6.82 7.07 4.37 5.53 6.99 7.23 2.02 3.90 7.17 9.05 3.52 4.36 9.68 4.99 4.91 3.54 4.59 2.71 3.84 4.54 6.06 7.25 4626925
5.12 3.12 3.51 4.56 0.00 8.12 3.40 5.50 2.80 4.38 6.78 7.07 4.45 5.61 7.41 0.00 2.11 3.90 6.62 0.00 3.56 0.00 9.71 5.00 4.96 3.54 4.78 2.85 3.76 4.49 5.73 7.27 4640015
5.24 3.14 3.40 4.58 7.77 8.09 3.63 0.00 2.83 4.33 6.53 7.06 4.37 5.73 6.99 6.84 2.10 3.91 7.15 0.00 3.61 0.00 9.68 5.01 4.64 3.54 4.61 2.76 3.78 4.49 5.76 7.82 4653105
5.38 3.14 3.38 4.58 7.96 8.12 3.74 5.92 2.74 4.34 6.66 7.07 4.49 5.65 6.95 6.84 2.09 3.90 7.13 0.00 3.53 4.34 9.63 5.08 4.78 3.52 4.61 2.75 3.85 4.59 5.84 7.22 4666195
5.15 3.15 3.30 4.55 0.00 8.11 3.51 5.40 2.83 4.48 6.44 7.07 4.61 5.48 7.24 6.83 2.06 3.82 6.55 8.71 3.58 0.00 9.69 5.71 4.91 3.53 4.59 2.86 3.76 4.67 5.91 0.00 4679285
5.40 3.09 3.35 4.62 7.71 8.11 3.66 5.52 2.88 4.38 6.50 7.06 4.40 5.72 6.98 6.83 0.00 4.01 6.27 8.73 3.68 0.00 10.34 0.00 4.80 3.56 4.59 0.00 3.91 4.51 5.79 0.00 4692376
5.20 3.11 3.29 4.65 7.90 8.12 3.77 5.36 2.87 4.28 6.54 7.05 4.40 5.59 6.88 6.85 2.02 3.93 6.04 0.00 3.58 0.00 0.00 5.31 4.95 3.56 4.60 2.69 3.77 4.57 5.74 7.34 4705465
5.56 3.13 3.34 0.00 0.00 8.07 3.59 5.80 2.87 4.35 6.53 7.06 4.49 5.47 6.90 6.81 2.03 3.93 6.14 0.00 3.58 4.38 10.11 5.06 4.80 3.56 4.61 2.68 3.70 4.57 5.85 7.19 4718556
5.50 3.14 3.31 4.78 7.47 8.09 3.76 5.44 2.87 4.38 6.36 7.07 4.47 5.55 6.89 6.86 2.24 3.95 6.68 0.00 3.64 4.52 10.07 4.53 4.77 3.55 4.61 3.41 3.71 4.54 5.80 0.00 4731646
5.24 3.10 3.47 4.74 8.21 8.07 3.77 5.47 2.94 4.38 6.34 7.07 4.37 5.46 6.88 6.81 2.02 3.93 6.34 8.84 3.51 0.00 9.90 5.01 5.06 3.55 4.61 2.70 3.85 4.53 5.74 7.09 4744735
5.91 3.13 3.48 4.67 7.82 8.09 3.50 5.88 2.94 4.30 6.50 7.09 0.00 5.64 6.88 6.77 0.00 3.94 6.20 9.42 3.60 4.87 10.16 5.35 5.09 3.53 4.62 2.85 3.71 4.52 5.76 7.29 4757826
5.23 3.13 3.31 0.00 7.41 8.12 3.48 5.41 2.82 4.24 6.40 7.07 4.48 5.59 6.91 6.84 0.00 3.93 6.52 9.41 3.52 0.00 10.01 0.00 5.31 3.55 4.61 2.82 3.66 5.25 5.77 7.24 4770916
5.42 3.13 3.33 5.15 8.35 8.10 3.47 5.37 2.77 4.26 6.36 7.08 4.74 5.69 6.87 6.87 0.00 3.85 6.59 0.00 3.50 4.38 10.21 3.98 5.13 3.57 4.61 3.39 3.69 4.74 5.92 0.00 4784006
5.18 3.12 3.29 4.65 7.57 8.13 3.40 5.65 2.76 4.21 6.44 7.05 4.49 5.72 6.85 6.84 2.28 3.92 6.46 0.00 3.83 4.39 9.56 5.06 4.99 3.58 4.63 2.67 3.68 4.54 5.81 0.00 4797095
5.22 3.14 3.50 4.56 7.81 8.15 3.33 5.69 2.78 4.25 6.47 7.08 4.60 5.48 6.94 6.84 2.56 3.85 6.19 0.00 3.50 0.00 10.06 5.14 5.01 3.58 4.70 2.69 3.84 4.64 5.82 0.00 4810186
0.00 3.17 3.34 4.69 7.59 8.22 3.27 5.45 2.90 4.23 6.54 7.07 4.51 5.55 0.00 6.85 2.03 3.84 0.00 0.00 3.71 5.08 9.88 4.48 4.91 3.57 4.77 2.89 3.90 4.55 5.75 0.00 4823275
5.22 3.71 3.49 4.50 7.60 8.23 3.43 5.54 2.96 4.21 6.60 7.06 4.59 5.56 6.87 6.88 2.04 3.83 6.73 0.00 3.55 4.35 10.12 5.13 4.93 3.59 4.77 2.73 3.91 4.53 5.79 0.00 4836366
5.36 3.10 3.36 4.41 7.79 8.25 3.39 5.70 2.84 4.23 6.50 7.05 4.45 5.51 6.82 7.21 0.00 3.83 6.36 0.00 3.54 4.31 10.23 0.00 4.76 3.56 4.76 2.74 3.71 4.61 5.88 7.21 4849456
5.96 3.01 3.34 4.45 7.92 8.14 3.36 5.42 2.91 4.22 6.44 7.07 4.44 5.56 6.83 0.00 0.00 3.85 6.67 8.72 3.57 4.61 10.04 5.04 4.92 3.58 4.68 2.80 3.84 4.64 5.76 0.00 4862546
5.49 3.09 3.38 4.42 7.85 8.12 3.69 5.46 2.91 4.29 6.46 7.03 4.54 5.45 6.81 6.97 0.00 3.84 0.00 0.00 3.54 4.53 10.20 4.99 5.30 3.58 4.77 2.70 3.68 4.56 5.75 0.00 4875636
5.39 3.13 3.28 4.42 7.93 8.19 3.48 5.44 2.88 4.30 6.50 7.04 4.57 5.52 6.87 6.77 0.00 3.86 6.32 0.00 3.67 4.35 10.24 0.00 4.87 3.56 4.76 2.72 3.81 4.67 5.81 7.80 4888726
5.32 3.01 3.36 4.45 7.70 8.29 3.56 5.38 2.98 4.35 6.44 7.06 4.52 5.57 6.91 6.80 0.00 3.83 0.00 0.00 3.55 4.30 10.23 5.22 4.91 3.58 4.82 3.13 3.90 4.54 5.72 7.59 4901816
5.65 3.06 3.32 4.45 7.53 8.21 3.83 5.48 2.80 4.16 6.41 7.07 4.66 5.54 6.89 6.79 0.00 3.82 6.89 0.00 3.51 4.30 10.04 4.42 5.15 3.59 4.81 2.96 3.86 4.72 5.88 7.49 4914906
0.00 3.09 3.30 5.18 8.15 8.16 3.47 5.73 2.83 4.19 6.44 7.04 4.57 5.68 0.00 7.44 0.00 3.84 6.40 8.80 3.49 4.39 10.28 4.59 5.13 3.63 4.87 2.84 3.66 4.59 5.79 7.22 4927996
5.62 3.09 3.43 4.47 7.88 8.19 4.04 5.40 2.81 4.25 6.80 7.07 4.44 5.68 6.87 6.93 2.58 3.85 0.00 8.79 3.58 4.33 9.84 4.43 4.85 3.59 4.84 0.00 3.69 4.60 5.72 7.45 4941085
5.35 3.11 3.41 4.51 7.60 8.18 3.49 5.58 2.77 4.26 6.46 7.63 4.44 5.63 7.06 7.00 2.61 3.82 6.88 0.00 3.54 4.36 9.86 4.53 5.01 3.58 4.82 2.80 3.78 5.09 5.74 7.33 4954175
5.54 3.09 3.34 5.03 8.20 8.18 3.34 5.46 2.90 4.29 6.45 7.08 5.11 5.68 7.01 7.14 2.41 3.82 6.62 0.00 3.59 4.36 10.28 5.21 4.89 3.57 4.81 0.00 3.68 4.68 0.00 7.29 4967266
5.40 3.08 3.31 4.67 7.51 8.22 3.30 5.80 2.86 4.26 6.48 7.05 4.50 5.53 6.77 6.89 2.03 3.76 6.53 9.29 3.61 4.34 9.85 3.97 5.26 3.55 4.79 2.74 3.64 4.81 5.76 7.30 4980355
5.79 3.07 3.33 4.49 7.66 8.22 4.15 5.54 2.83 4.22 6.67 7.07 4.51 5.47 6.97 0.00 2.02 3.75 0.00 8.79 3.50 4.83 10.80 5.16 4.91 3.58 4.62 2.79 3.66 4.56 5.76 0.00 4993446
5.31 3.13 3.33 4.49 7.64 8.25 3.45 5.97 3.09 4.25 6.45 7.26 4.59 5.58 7.26 7.16 2.66 3.80 6.62 0.00 3.57 0.00 9.99 3.96 5.13 3.56 5.24 2.73 4.23 4.69 5.71 7.23 5006535
5.63 3.10 3.50 4.45 7.90 8.22 3.66 5.88 2.90 4.20 6.66 0.00 4.67 5.53 6.96 6.96 2.10 3.88 6.05 8.67 3.46 5.00 9.72 3.99 5.04 3.54 5.21 2.77 3.63 4.56 5.71 7.38 5019625
0.00 3.13 3.36 4.64 7.69 8.17 3.30 5.71 2.92 4.45 6.60 7.74 4.47 5.50 6.89 6.81 2.05 3.84 6.52 8.72 3.51 0.00 10.03 5.00 5.23 3.60 4.61 2.72 3.76 4.66 6.39 7.29 5032716
5.44 3.10 3.39 4.28 7.64 8.22 3.37 5.65 3.00 4.21 6.49 7.72 4.60 5.66 7.15 7.02 2.74 4.13 6.85 8.69 3.68 4.46 10.14 4.54 5.09 3.57 4.61 2.71 3.79 4.76 5.68 7.18 5045806
5.38 3.09 3.44 4.68 7.62 8.29 3.28 6.38 3.02 4.26 6.54 7.73 4.48 5.59 6.84 7.01 2.02 3.74 6.86 8.66 3.61 4.34 10.20 5.36 5.22 3.57 4.62 2.71 3.69 4.69 5.67 7.24 5058896
5.97 3.11 3.43 4.59 7.74 8.24 3.29 5.77 2.96 4.36 6.51 7.41 4.46 5.56 6.87 7.67 2.74 3.81 6.62 8.66 3.53 4.52 10.48 4.79 5.08 0.00 4.60 2.65 3.85 4.77 5.59 7.24 5071986
0.00 3.01 3.42 4.33 7.87 8.07 3.53 5.83 2.85 4.45 6.57 7.09 4.49 5.57 6.88 6.90 0.00 3.84 6.93 8.62 3.56 4.39 9.92 4.86 5.20 3.75 4.58 2.65 3.73 4.70 5.63 7.90 5085075
0.00 3.13 3.47 4.45 7.78 8.25 3.28 5.98 2.81 4.43 6.51 7.07 4.66 5.48 6.91 7.06 0.00 4.01 7.44 0.00 3.51 4.42 9.81 0.00 5.02 3.55 4.58 2.78 3.57 4.79 5.64 7.36 5098165
0.00 3.10 3.42 4.46 7.51 8.25 3.51 6.11 2.90 4.39 6.75 7.06 4.56 5.63 6.86 6.98 0.00 3.75 6.89 0.00 3.49 0.00 9.77 5.78 5.09 4.26 4.59 2.79 3.74 4.76 5.57 7.44 5111255
5.36 3.11 3.42 3.06 7.52 8.25 3.96 6.09 2.77 4.41 6.48 0.00 5.18 5.54 6.84 6.94 2.04 3.60 6.69 9.27 3.45 0.00 9.74 5.23 5.35 4.27 4.58 2.86 3.59 5.05 5.64 7.49 5124345
0.00 3.14 3.43 4.48 7.98 8.25 3.78 6.04 2.89 4.21 6.54 7.15 4.72 5.59 6.85 7.07 2.71 3.80 6.56 9.12 3.50 4.40 9.91 4.04 5.14 3.55 4.61 2.68 3.65 4.72 5.67 7.56 5137435
0.00 3.12 3.43 3.34 7.54 8.23 3.54 6.04 2.90 4.49 6.48 7.07 4.58 5.57 6.94 6.96 0.00 3.84 6.24 9.06 3.56 4.40 9.61 4.91 5.25 4.01 4.56 2.79 3.83 4.77 5.76 0.00 5150525
5.44 3.16 3.42 4.57 7.62 8.24 3.25 6.83 2.83 4.50 6.57 7.13 4.74 5.57 6.91 7.00 0.00 3.55 6.33 9.15 3.49 4.28 9.60 4.74 5.14 3.51 4.73 2.72 3.71 4.71 5.60 7.39 5163615
5.89 3.12 3.44 2.75 7.36 8.26 0.00 6.15 2.89 4.55 6.74 0.00 4.83 5.70 7.68 7.35 2.64 3.67 6.15 8.75 3.63 5.03 9.53 4.80 4.99 3.53 4.62 2.72 3.73 4.85 5.65 7.47 5176705
0.00 3.08 3.46 4.78 7.96 8.25 3.44 5.99 2.96 4.55 6.60 7.23 4.93 5.74 6.94 6.93 2.11 3.54 6.53 8.82 3.44 4.36 9.65 4.97 5.20 3.52 4.73 2.79 3.71 4.76 5.62 7.20 5189795
0.00 3.11 3.45 4.54 7.89 8.24 3.53 0.00 2.84 4.61 6.66 7.21 5.22 5.58 6.91 7.08 0.00 3.68 6.21 9.05 3.64 4.51 7.42 5.36 5.22 4.27 4.62 3.03 3.83 4.72 5.68 7.80 5202885
5.35 3.11 3.44 4.46 7.98 8.25 4.10 5.83 2.90 4.53 6.70 7.13 4.74 5.57 6.88 7.07 0.00 3.61 6.43 8.71 3.52 0.00 9.74 4.74 5.72 3.53 4.64 2.63 3.84 5.04 5.68 7.21 5215975
0.00 3.04 3.45 2.97 7.50 8.25 3.58 6.42 2.82 4.52 6.98 7.16 4.86 5.64 7.00 7.17 2.70 3.53 6.56 8.71 3.46 4.37 9.63 5.30 5.66 3.53 4.61 3.01 3.76 4.76 5.76 7.25 5229065
5.36 3.16 3.51 2.99 7.44 8.25 3.48 6.58 2.83 4.45 6.61 7.13 4.74 5.87 7.09 7.05 0.00 3.56 6.23 8.97 3.62 4.28 9.62 5.32 5.25 3.53 4.63 2.90 3.67 5.53 5.67 7.54 5242155
5.36 3.08 3.53 4.47 7.41 8.24 3.53 6.65 2.78 4.44 6.67 7.11 4.74 5.56 7.00 7.04 0.00 3.52 6.93 8.98 3.56 4.33 9.76 4.81 5.29 3.52 4.75 2.86 3.67 4.80 5.68 7.33 5255245
0.00 3.09 3.51 4.70 7.31 8.23 3.88 0.00 3.08 4.45 6.60 7.13 4.88 5.71 7.15 7.02 0.00 3.57 6.46 8.81 3.44 0.00 9.85 4.98 0.00 3.54 4.62 2.73 3.88 4.83 5.69 7.27 5268335
0.00 3.07 3.54 5.10 7.20 8.25 3.49 0.00 2.91 4.44 6.63 7.86 4.86 5.82 7.06 7.17 2.20 3.81 6.43 8.94 3.51 4.70 9.82 4.59 0.00 3.53 4.71 2.64 3.72 4.87 5.71 7.40 5281425
5.95 3.07 0.00 4.70 0.00 8.24 3.68 6.47 2.95 4.45 6.63 7.12 4.97 5.69 7.32 7.05 0.00 3.50 6.79 0.00 3.52 4.50 9.68 5.29 5.49 3.49 4.71 2.92 3.71 4.96 5.73 7.44 5294515
0.00 3.09 3.47 4.18 7.68 8.24 3.60 6.52 2.60 4.32 6.55 7.26 4.65 5.60 7.19 7.04 2.08 3.85 6.13 9.17 3.65 4.36 9.79 5.26 5.35 3.55 4.40 2.64 3.76 4.81 5.70 7.43 5307605
0.00 3.04 3.51 4.55 7.34 8.24 3.52 0.00 2.90 4.53 6.56 7.12 4.83 5.89 7.12 7.07 2.55 3.53 6.34 8.68 3.47 4.34 10.02 5.65 5.43 3.50 4.43 2.63 3.87 4.93 6.10 7.54 5320696
0.00 3.08 3.50 4.40 7.77 8.26 0.00 0.00 2.82 4.46 6.72 7.13 4.70 5.59 6.92 7.00 0.00 3.60 6.25 0.00 3.51 4.48 0.00 4.56 5.62 3.51 4.67 2.61 3.88 4.92 5.80 7.33 5333785
0.00 3.04 3.57 4.46 7.79 8.25 4.18 0.00 2.91 4.43 6.86 7.06 4.88 5.75 7.24 7.72 0.00 3.77 6.25 8.90 3.55 0.00 9.90 0.00 5.49 3.50 4.49 2.69 3.98 4.86 5.66 7.29 5346875
0.00 3.13 3.65 4.50 7.57 8.25 0.00 0.00 2.90 4.63 6.61 7.11 4.65 5.68 7.24 7.05 2.45 3.85 6.27 0.00 3.51 4.36 9.93 4.91 5.66 3.50 4.63 2.58 3.88 4.86 5.71 7.45 5359965
0.00 3.13 3.50 4.46 7.64 8.26 3.61 0.00 2.84 4.62 7.02 7.18 4.89 5.64 7.08 7.09 0.00 4.13 6.71 8.79 3.58 4.46 9.84 5.32 5.40 3.49 4.40 0.00 3.86 4.98 5.68 7.37 5373055
0.00 3.07 3.54 4.54 7.85 8.25 0.00 0.00 3.04 4.64 6.75 0.00 4.66 5.62 7.08 7.31 0.00 3.58 6.31 9.14 3.62 4.46 9.70 5.16 5.49 3.45 4.44 2.67 3.84 4.98 5.74 0.00 5386145
0.00 3.05 3.53 4.97 7.37 8.24 3.54 6.20 3.08 4.51 6.99 0.00 4.66 5.67 7.02 7.02 2.61 3.48 6.73 0.00 3.61 4.35 9.84 4.56 5.40 3.45 4.34 2.68 3.97 5.01 5.73 0.00 5399235
0.00 3.11 3.39 4.55 7.76 8.26 3.39 0.00 2.91 4.62 6.88 7.09 4.82 5.60 7.09 7.60 2.68 3.59 6.54 9.18 3.54 4.36 4.34 3.92 5.72 3.44 4.42 2.88 4.11 4.92 5.72 7.24 5412325
0.00 3.04 3.50 4.61 7.45 8.25 3.79 6.08 3.12 4.60 0.00 7.16 4.74 5.71 7.52 7.11 2.01 3.76 5.46 8.75 3.53 0.00 9.58 4.90 5.61 3.46 4.36 2.74 3.84 4.97 5.66 0.00 5425415
0.00 3.08 3.42 3.08 7.41 8.23 3.27 0.00 3.01 4.64 6.62 7.13 4.85 5.66 7.45 7.16 2.59 3.61 6.56 9.20 3.65 4.56 9.73 5.08 5.51 3.54 4.33 2.70 3.96 5.10 5.64 7.74 5438505
0.00 3.05 3.31 3.61 7.62 8.24 0.00 5.98 3.04 4.53 6.79 7.16 4.86 5.06 7.20 7.13 0.00 3.67 6.29 8.92 3.59 4.41 9.70 4.67 5.41 3.34 4.30 2.71 3.88 5.06 5.84 7.42 5451595
0.00 3.08 3.29 4.57 7.83 8.23 0.00 6.34 2.98 2.90 6.79 7.54 5.05 5.77 7.07 7.42 2.23 3.52 6.38 9.40 3.47 4.46 9.45 4.58 5.39 4.14 4.38 2.79 4.18 5.16 5.78 7.31 5464685
5.63 3.07 3.33 4.44 7.65 8.26 3.24 5.88 2.99 4.75 6.58 7.76 5.05 5.70 7.09 7.92 0.00 3.57 6.47 9.01 3.56 4.97 9.53 4.60 5.35 3.25 4.09 2.83 4.25 5.13 5.81 7.36 5477775
0.00 2.87 3.38 4.60 7.80 8.25 3.22 5.93 3.03 4.82 7.15 7.10 5.28 5.67 7.10 7.34 0.00 3.32 6.30 8.92 3.49 4.60 9.72 5.12 5.50 3.87 4.21 2.81 4.09 5.14 5.75 7.56 5490865
0.00 3.01 3.44 4.40 7.20 8.24 3.29 5.97 3.30 4.81 6.69 7.39 5.80 5.70 7.76 7.62 2.21 3.85 5.75 8.84 3.36 4.95 9.24 0.00 5.69 3.69 4.19 2.99 3.95 5.19 5.79 7.26 5503955
0.00 3.12 3.43 3.98 7.53 8.24 3.28 0.00 3.22 4.74 6.85 7.13 5.24 5.81 7.27 7.31 0.00 3.78 6.60 8.88 3.54 0.00 6.12 4.42 5.23 3.47 4.04 2.81 4.12 5.22 5.89 7.30 5517045
0.00 3.10 3.38 2.54 7.16 8.24 3.83 0.00 3.18 4.81 5.71 7.16 5.26 5.78 7.52 7.37 0.00 3.66 6.16 8.79 3.51 4.71 9.27 5.14 5.43 0.00 3.91 2.93 4.16 5.17 5.75 7.96 5530135
0.00 2.98 3.31 2.87 7.66 8.25 0.00 6.11 3.15 4.71 6.92 7.44 5.22 5.70 7.28 7.30 0.00 3.99 6.62 0.00 3.57 4.57 9.46 0.00 5.43 3.30 4.00 2.91 4.26 5.21 5.13 0.00 5543225
5.76 3.06 3.77 4.59 7.79 8.24 3.35 5.77 3.09 4.69 6.92 7.80 5.27 5.75 7.26 7.62 2.74 3.80 6.80 8.58 3.59 4.44 8.37 4.47 5.59 3.18 4.01 3.04 4.09 5.28 4.93 7.22 5556315
0.00 3.07 3.39 4.60 7.35 8.24 3.99 0.00 3.28 4.89 6.74 7.34 5.29 5.79 7.20 7.40 0.00 3.58 6.36 8.71 3.60 0.00 9.24 4.71 5.21 3.99 4.22 2.90 4.08 5.42 5.73 7.16 5569405
5.95 3.07 3.28 4.52 7.59 8.24 3.47 0.00 3.32 4.88 7.02 7.15 5.16 5.92 7.32 7.53 2.66 3.90 6.15 8.63 3.56 0.00 9.49 4.78 5.40 3.33 4.05 2.92 4.17 5.37 5.74 7.68 5582495
0.00 3.18 3.46 3.37 7.47 8.24 3.26 0.00 3.16 3.99 7.03 7.24 5.17 5.85 7.40 7.55 2.60 3.54 6.39 8.76 3.67 0.00 9.56 4.51 5.50 3.17 4.12 2.78 4.25 5.29 5.71 7.26 5595585
0.00 2.88 3.31 0.00 7.27 8.24 0.00 6.45 3.17 4.92 6.82 7.23 5.22 5.97 7.45 7.46 0.00 3.62 6.77 8.69 3.57 4.49 9.69 5.14 5.34 3.34 3.95 3.11 4.44 5.33 5.88 0.00 5608675
0.00 2.96 3.48 2.97 7.48 8.26 0.00 0.00 3.34 4.80 6.88 7.25 5.26 5.97 7.17 7.51 2.54 3.58 6.14 8.53 3.58 0.00 9.70 4.91 5.10 3.17 4.06 2.76 4.44 5.39 5.95 0.00 5621765
0.00 2.92 3.41 3.37 7.43 8.24 0.00 5.82 3.37 5.04 6.93 7.21 0.00 5.95 7.17 7.45 2.14 3.59 6.71 8.74 4.09 4.42 9.66 0.00 5.25 3.72 4.02 2.78 4.31 5.45 5.90 7.30 5634855
0.00 2.97 3.35 3.27 7.15 8.22 0.00 0.00 3.16 4.11 7.15 7.80 5.49 6.01 7.27 7.53 0.00 3.57 6.22 8.40 3.42 0.00 9.68 0.00 5.44 3.00 3.98 2.89 4.37 5.55 5.72 7.57 5647945
0.00 3.08 3.33 3.28 7.67 8.23 0.00 5.85 3.27 4.86 6.88 7.42 5.39 6.08 7.27 7.38 0.00 3.59 6.58 9.00 3.47 5.08 9.75 4.64 5.27 3.38 4.06 2.83 4.34 5.62 5.77 7.08 5661035
0.00 3.02 3.38 4.24 7.19 8.23 0.00 0.00 3.14 4.90 6.89 7.22 5.19 5.91 7.26 7.68 2.08 3.56 6.56 8.29 3.54 4.42 9.70 4.28 5.05 3.65 3.90 2.87 4.42 5.53 5.72 7.14 5674125
5.50 3.05 3.41 3.82 7.96 8.23 0.00 0.00 3.25 4.91 6.96 7.23 5.19 5.89 7.25 7.51 2.57 4.06 6.00 8.65 3.62 4.43 9.64 0.00 5.32 2.89 3.96 3.09 4.41 5.48 5.78 0.00 5687215
0.00 3.14 3.44 3.37 7.46 8.25 0.00 0.00 3.32 5.03 6.84 7.25 5.26 5.98 7.38 7.56 0.00 3.79 6.59 8.73 3.46 0.00 9.89 4.44 5.23 3.16 3.84 2.86 4.50 5.52 5.79 0.00 5700305
0.00 3.04 3.47 4.67 0.00 8.25 0.00 0.00 3.15 5.06 6.91 7.30 5.21 5.90 7.22 7.50 0.00 3.61 6.13 8.75 3.45 4.57 0.00 5.11 4.91 3.22 3.88 2.96 4.42 5.56 5.76 7.28 5713395
0.00 3.70 3.45 3.13 8.04 8.24 0.00 0.00 3.25 4.91 7.02 7.14 5.17 5.89 7.41 7.45 0.00 3.69 6.68 8.84 3.56 5.12 9.71 5.28 4.95 3.01 3.82 3.05 4.54 5.56 5.68 0.00 5726485
0.00 3.14 3.40 3.22 7.63 8.24 0.00 0.00 3.32 4.81 7.00 7.17 5.30 6.01 7.33 7.55 2.56 3.68 6.49 8.66 3.68 4.39 9.72 0.00 4.95 3.34 3.86 2.76 4.52 5.56 5.66 7.44 5739575
0.00 2.97 3.44 4.80 7.48 8.25 0.00 0.00 3.50 4.84 7.10 7.26 0.00 6.07 7.31 7.59 0.00 3.75 6.66 8.25 3.54 4.37 10.02 0.00 4.87 2.89 3.84 3.24 4.45 5.52 5.72 7.43 5752666
0.00 3.12 3.35 3.48 7.39 8.24 0.00 5.88 3.26 4.94 6.90 7.27 5.64 6.08 7.48 7.52 0.00 3.60 6.62 8.54 3.51 4.70 10.04 5.02 4.96 3.08 3.96 2.78 4.47 5.59 5.61 7.08 5765756
0.00 3.11 3.45 3.43 7.57 8.24 3.48 6.62 3.17 5.01 7.00 7.27 5.50 6.27 7.38 7.62 2.55 3.74 6.78 8.71 3.48 4.48 9.72 5.08 4.76 2.89 3.93 2.86 4.59 5.55 5.65 7.05 5778845
0.00 3.06 3.37 3.78 7.61 8.24 0.00 5.69 3.30 5.04 6.87 7.35 5.69 6.26 7.41 7.59 2.05 3.74 6.46 8.51 3.57 5.06 9.84 4.38 4.83 2.80 3.74 2.88 4.53 5.59 5.70 7.20 5791935
0.00 2.94 3.40 4.67 7.55 8.24 3.65 6.12 3.16 5.03 6.98 7.20 5.53 6.24 7.32 7.56 2.79 3.60 6.17 8.12 3.72 4.41 10.06 4.34 4.93 3.26 3.72 2.85 4.53 5.59 5.64 7.15 5805026
0.00 3.07 3.41 4.16 7.28 8.25 3.60 6.04 3.35 5.14 7.04 7.33 5.35 4.90 7.45 7.99 2.88 3.68 6.51 8.57 3.51 0.00 9.94 5.18 4.84 2.87 3.75 2.92 4.42 5.64 5.93 0.00 5818115
0.00 3.09 3.56 4.34 7.26 8.23 3.48 0.00 3.15 5.14 7.06 0.00 5.89 6.26 7.53 7.72 2.30 3.69 6.58 8.73 3.51 4.39 9.90 5.10 5.02 3.34 3.80 3.22 4.54 5.66 5.57 6.98 5831205
0.00 2.99 3.69 4.43 7.52 8.24 0.00 0.00 2.31 5.19 6.97 7.42 5.81 6.19 7.80 7.71 0.00 3.85 6.42 8.70 3.60 4.56 10.41 5.04 4.79 2.92 3.75 3.00 4.95 5.73 5.54 6.87 5844296
0.00 3.11 3.54 3.10 7.33 8.22 3.31 5.82 2.97 5.27 7.11 7.48 5.41 6.27 7.44 7.65 0.00 3.94 6.38 8.64 3.60 4.47 9.52 0.00 4.76 3.48 3.60 2.99 4.57 5.73 5.74 6.92 5857385
0.00 3.05 3.68 4.45 7.15 8.24 3.24 6.02 3.25 4.48 7.11 7.37 5.70 6.35 7.51 7.70 2.66 3.63 6.50 8.52 3.61 4.65 9.69 4.65 4.54 3.63 3.61 2.99 4.58 5.74 5.60 6.80 5870475
0.00 3.01 3.54 4.33 8.04 8.25 0.00 0.00 3.34 5.24 7.14 7.27 5.71 6.47 7.71 0.00 2.03 3.57 6.38 8.52 3.25 5.09 9.56 3.65 4.58 2.77 3.60 3.18 4.76 5.81 5.58 0.00 5883565
0.00 3.06 3.59 3.82 7.63 8.25 3.22 0.00 3.52 5.24 7.04 7.39 6.17 6.41 8.05 0.00 2.46 3.64 6.09 8.88 3.32 0.00 9.58 4.50 4.60 2.70 3.58 2.91 4.86 5.91 3.89 7.26 5896655
0.00 3.12 3.65 4.12 7.51 8.25 3.27 5.82 3.31 3.84 7.25 7.39 5.98 6.55 7.61 7.92 0.00 3.69 5.94 8.43 3.47 4.71 9.50 0.00 4.69 3.12 3.63 2.99 4.79 5.85 5.42 6.72 5909745
0.00 2.85 3.60 3.58 7.25 5.21 3.27 6.34 3.32 5.25 7.61 7.37 5.91 5.87 7.96 7.92 2.85 0.00 6.12 8.40 4.33 0.00 9.91 3.37 4.65 2.88 3.31 2.84 4.79 5.91 5.48 7.15 5922835
5.58 3.01 3.68 4.18 7.08 8.23 3.67 5.97 3.46 5.41 7.37 7.26 5.79 4.92 7.90 7.88 2.04 3.58 5.75 8.34 3.48 4.49 9.55 4.96 4.54 2.61 3.34 3.73 4.61 6.01 5.43 7.13 5935925
0.00 3.12 3.68 2.46 7.32 7.38 3.47 0.00 3.47 5.32 7.21 7.66 5.59 6.69 7.88 7.86 2.01 3.64 6.29 8.11 3.55 0.00 9.43 4.42 4.35 2.67 3.25 3.12 4.98 6.12 5.41 0.00 5949015
0.00 3.01 3.81 4.44 7.72 8.25 0.00 5.95 3.61 5.29 7.12 8.11 5.80 6.15 7.85 0.00 2.70 3.16 6.31 8.48 3.50 4.98 9.84 4.80 4.41 2.54 3.23 3.03 4.91 5.98 5.46 6.81 5962105
0.00 3.00 4.06 3.16 7.53 8.24 3.29 0.00 3.45 5.18 7.30 7.31 6.13 6.65 7.78 7.96 0.00 3.67 6.22 8.35 3.72 4.49 9.92 4.90 4.36 2.59 3.08 3.62 4.76 6.08 5.50 6.92 5975195
0.00 3.05 3.74 5.13 7.24 8.18 0.00 6.03 3.42 5.41 7.13 7.32 5.83 6.60 8.03 8.05 2.04 3.09 6.69 8.45 3.56 4.43 10.00 4.70 4.48 2.67 3.02 3.25 4.82 6.42 6.20 6.82 5988286
0.00 3.03 3.71 3.08 7.37 8.25 3.63 5.81 3.70 5.34 7.27 7.37 6.06 5.88 7.75 8.01 2.07 3.58 6.23 8.42 3.65 4.45 9.84 4.92 4.34 2.61 3.00 3.11 5.00 6.06 5.29 6.67 6001375
0.00 3.04 3.73 4.55 7.19 8.21 0.00 0.00 3.58 5.38 7.18 0.00 6.47 6.77 7.78 8.54 0.00 3.55 6.63 8.27 3.85 4.69 10.17 4.60 4.26 2.24 3.09 2.99 4.72 6.23 5.34 7.24 6014466
0.00 3.11 3.73 4.73 7.38 7.86 0.00 0.00 3.55 5.37 7.24 0.00 5.77 6.74 7.76 7.94 2.61 3.64 6.89 8.38 3.71 0.00 9.98 5.16 4.33 2.68 3.07 3.02 5.10 6.06 5.33 6.80 6027555
0.00 2.99 3.78 4.58 7.34 8.25 4.10 5.91 3.81 3.91 7.24 7.47 6.09 6.80 7.51 0.00 2.18 3.89 5.42 8.38 3.56 4.60 9.89 4.66 4.53 2.42 3.04 3.23 4.92 6.19 5.30 6.78 6040645
0.00 2.94 3.74 0.00 7.24 8.24 0.00 0.00 3.54 5.24 7.22 0.00 6.07 6.81 7.95 8.23 0.00 4.02 6.54 8.58 3.67 4.51 10.04 4.50 4.39 2.39 3.20 2.98 5.32 6.05 5.30 6.78 6053736
0.00 3.15 3.86 4.48 7.66 8.21 0.00 0.00 3.53 4.37 7.21 7.57 6.18 6.91 7.81 0.00 2.52 3.73 6.78 8.37 3.55 4.52 10.45 4.52 4.40 2.41 3.28 3.09 4.89 6.12 5.29 6.73 6066826
0.00 2.96 3.89 4.49 7.22 8.26 0.00 0.00 3.51 5.25 7.20 0.00 6.05 6.88 8.08 0.00 2.88 3.74 6.70 0.00 3.47 4.45 9.87 4.65 4.19 2.64 3.07 3.04 5.08 6.21 5.35 6.77 6079915
0.00 3.01 3.75 0.00 7.19 8.23 0.00 0.00 3.69 5.07 7.19 7.35 5.74 6.84 7.94 0.00 2.68 3.81 6.72 8.14 3.61 4.47 10.35 4.05 4.35 2.35 3.20 3.62 4.74 6.08 5.30 6.75 6093006
0.00 2.98 3.74 3.19 7.20 8.25 0.00 0.00 3.63 5.50 7.18 0.00 0.00 6.92 7.99 0.00 2.02 3.67 6.70 8.40 3.49 0.00 10.28 3.92 4.57 0.00 2.93 3.20 5.01 6.08 5.27 0.00 6106096
0.00 3.03 3.73 4.69 7.38 8.24 0.00 0.00 3.68 5.49 7.24 7.25 6.12 6.96 7.79 0.00 2.55 3.75 7.36 8.49 3.47 4.53 0.00 4.88 4.30 2.69 2.83 3.05 5.35 6.10 2.67 6.75 6119185
0.00 3.02 3.88 4.57 7.12 8.24 0.00 5.94 3.73 5.17 7.43 7.59 6.07 7.06 8.25 0.00 2.18 4.14 6.59 8.99 3.62 4.48 9.93 0.00 4.13 2.36 2.77 3.13 4.93 6.11 5.26 0.00 6132275
0.00 3.07 3.73 0.00 7.46 8.19 0.00 0.00 3.55 5.20 7.31 7.41 5.91 7.08 7.57 0.00 0.00 3.99 6.82 8.47 3.57 4.56 10.85 5.15 4.19 2.27 2.89 2.92 4.87 6.10 5.29 7.28 6145366
0.00 2.91 3.76 4.73 7.39 8.20 3.64 6.05 3.52 5.25 7.33 7.41 6.10 6.97 7.72 0.00 2.86 3.72 6.58 8.02 3.72 0.00 0.00 4.74 4.67 2.55 3.02 3.21 4.93 6.12 5.27 0.00 6158455
0.00 3.02 4.42 3.32 7.33 8.24 0.00 0.00 3.53 5.17 7.21 7.76 5.95 7.03 7.79 0.00 2.06 3.93 6.64 8.02 3.64 4.77 10.45 4.35 4.18 2.61 2.84 3.28 5.61 6.26 5.46 6.58 6171546
0.00 2.96 3.75 4.70 7.27 8.24 0.00 0.00 3.57 5.43 7.75 7.43 6.22 7.12 7.81 0.00 0.00 3.57 6.84 8.47 3.60 4.64 10.32 4.40 4.32 2.68 2.82 3.23 5.50 6.19 5.31 7.24 6184636
0.00 2.99 3.66 4.70 7.24 8.24 0.00 0.00 3.61 5.28 7.26 7.24 5.74 7.07 7.83 0.00 2.52 3.59 6.76 8.09 3.63 4.63 9.92 5.25 4.47 2.47 2.87 3.32 5.14 6.13 5.28 6.58 6197725
0.00 3.11 3.70 4.78 7.20 8.24 3.76 6.46 4.43 5.57 7.37 7.56 0.00 7.17 7.87 0.00 0.00 3.70 0.00 8.43 3.60 4.63 10.64 5.66 4.30 2.30 2.77 3.16 4.91 6.26 5.29 6.61 6210816
0.00 2.96 3.69 0.00 0.00 8.24 0.00 0.00 3.69 5.32 0.00 7.38 6.19 7.25 7.88 0.00 2.78 3.63 6.57 8.19 3.65 4.57 10.39 0.00 4.22 2.35 3.51 3.08 4.69 6.82 5.24 6.62 6223906
0.00 2.93 3.84 0.00 7.29 8.25 0.00 0.00 3.74 5.48 0.00 7.34 0.00 7.21 7.82 0.00 0.00 3.91 6.77 8.33 3.58 0.00 10.32 4.67 4.28 2.21 2.78 3.33 5.07 6.15 5.25 6.61 6236996
0.00 2.95 3.74 4.92 7.37 8.23 0.00 0.00 3.64 5.32 7.39 7.32 0.00 7.06 7.95 10.22 3.01 3.89 6.56 8.67 3.66 4.55 10.04 5.26 4.31 2.49 2.78 3.54 5.01 6.15 5.29 7.31 6250087
0.00 3.03 3.71 0.00 7.12 8.22 0.00 0.00 3.60 5.43 7.36 7.36 6.04 7.19 7.79 0.00 2.34 3.66 6.64 8.23 3.57 4.46 9.85 0.00 4.40 2.81 2.79 3.14 5.01 0.00 5.32 6.60 6263175
0.00 3.15 3.67 0.00 7.05 8.24 0.00 0.00 3.63 5.44 7.30 7.22 6.24 7.34 7.76 0.00 2.15 3.64 6.59 8.50 3.62 0.00 10.20 4.86 4.51 2.37 2.86 3.25 4.86 6.25 5.29 7.30 6276266
0.00 2.91 3.67 0.00 7.78 8.26 0.00 0.00 3.84 5.31 7.21 7.45 0.00 7.24 7.75 0.00 2.02 3.73 6.34 7.94 3.64 0.00 9.62 4.95 4.62 2.41 2.88 3.29 4.74 6.24 5.27 6.55 6289355
0.00 3.14 3.69 0.00 7.07 8.25 0.00 0.00 3.84 5.30 7.24 7.36 0.00 7.17 7.84 0.00 0.00 3.78 6.30 7.90 3.65 4.49 10.34 4.70 4.38 2.50 2.82 3.32 5.13 6.14 5.29 7.27 6302446
0.00 2.92 3.65 0.00 7.19 8.18 0.00 0.00 3.56 5.30 7.22 7.28 0.00 7.35 7.70 0.00 2.01 3.69 6.49 8.00 3.54 4.49 9.84 4.63 4.47 2.25 2.68 3.10 5.01 0.00 5.26 7.29 6315535
0.00 3.09 3.68 0.00 7.03 8.25 0.00 0.00 3.44 5.43 7.20 7.44 6.39 7.04 7.73 10.59 2.95 3.77 6.64 8.23 3.46 0.00 10.27 4.48 4.38 2.18 3.07 0.00 5.03 0.00 5.48 7.03 6328627
0.00 2.97 4.28 0.00 7.22 8.26 0.00 0.00 3.78 5.36 7.24 7.22 0.00 7.15 7.67 0.00 2.21 3.57 6.38 8.05 3.48 4.60 9.60 0.00 4.74 2.35 2.71 3.29 4.89 6.13 5.29 7.35 6341715
0.00 2.84 3.65 4.75 7.17 8.27 0.00 0.00 3.51 5.41 7.34 7.44 0.00 7.07 7.70 0.00 2.62 3.49 6.49 8.00 3.48 0.00 9.62 4.48 4.44 2.14 2.81 3.12 4.96 6.15 5.27 7.34 6354805
0.00 3.08 3.76 4.91 7.06 8.28 0.00 0.00 3.68 5.44 7.24 7.35 0.00 7.21 7.72 0.00 2.80 3.57 6.75 7.88 3.56 0.00 9.84 0.00 4.42 2.21 2.70 3.89 5.09 6.24 5.24 6.78 6367895
0.00 2.93 3.68 4.83 7.04 8.24 0.00 0.00 3.53 5.40 7.24 7.73 0.00 7.14 7.63 0.00 2.06 3.62 6.33 8.06 3.50 4.80 9.95 5.37 4.39 2.19 2.85 3.16 4.92 6.15 5.34 6.69 6380985
0.00 3.25 3.71 4.78 7.04 8.28 0.00 6.57 3.62 5.39 7.20 7.41 0.00 7.29 7.95 0.00 2.37 3.84 6.32 7.89 3.56 0.00 10.11 4.79 4.72 2.23 2.77 3.45 4.82 6.80 5.31 0.00 6394076
0.00 3.68 3.77 0.00 7.12 8.08 0.00 0.00 3.58 5.55 7.20 7.53 0.00 7.09 7.79 0.00 0.00 3.63 6.09 7.95 3.58 0.00 10.35 5.26 4.38 2.91 2.79 3.45 5.22 6.16 5.27 6.74 6407166
0.00 2.88 3.64 4.73 7.09 8.23 0.00 0.00 3.63 5.56 7.23 7.35 0.00 6.94 7.73 0.00 0.00 3.63 6.35 7.67 3.58 5.10 10.18 4.67 4.49 2.17 2.75 3.32 4.95 6.21 5.29 6.63 6420256
0.00 3.05 3.72 4.67 7.04 8.22 3.96 0.00 3.56 5.57 7.30 7.25 0.00 7.23 0.00 0.00 2.10 3.97 6.33 8.67 3.59 0.00 10.14 4.47 4.51 2.14 2.75 3.29 5.03 6.32 5.35 6.33 6433346
0.00 2.93 3.66 4.08 6.92 8.20 3.56 0.00 3.68 5.55 7.26 7.41 0.00 7.27 8.18 0.00 2.16 3.71 6.04 7.90 3.46 4.46 9.85 4.65 4.85 2.29 2.73 3.68 4.84 6.20 6.09 6.33 6446435
0.00 2.97 3.74 4.88 7.25 8.16 0.00 0.00 3.53 5.55 7.26 7.37 0.00 7.34 7.89 0.00 2.26 3.87 5.96 8.13 3.70 4.54 9.56 4.30 4.44 2.16 2.90 3.49 4.86 6.17 5.37 0.00 6459525
0.00 3.05 3.69 3.80 7.29 8.16 0.00 0.00 3.67 5.57 7.42 7.30 6.30 7.42 7.83 0.00 2.86 3.68 6.25 7.86 3.57 4.59 9.73 5.59 4.69 2.25 2.79 3.29 4.95 6.21 5.19 6.52 6472615
0.00 2.91 3.73 0.00 7.17 8.33 3.76 0.00 3.58 5.48 7.31 7.39 0.00 7.67 7.95 0.00 2.10 3.71 6.27 7.06 3.63 0.00 9.71 4.73 4.43 2.17 2.72 3.32 4.66 6.20 5.24 6.33 6485705
0.00 3.00 3.73 4.98 7.01 8.25 3.33 0.00 3.75 5.52 7.35 7.43 0.00 7.34 7.88 0.00 2.20 3.66 6.02 8.13 3.55 4.48 9.59 5.18 4.52 2.09 2.82 3.26 4.94 6.17 5.29 6.43 6498795
0.00 3.01 3.77 3.02 6.94 8.25 0.00 0.00 3.60 5.44 7.43 7.52 0.00 7.32 7.82 0.00 0.00 4.20 6.06 8.03 3.71 4.63 10.42 5.24 4.69 2.12 2.74 3.50 5.07 6.18 5.32 6.42 6511886
0.00 3.03 3.72 3.17 7.07 8.19 0.00 0.00 3.47 5.54 7.24 7.34 0.00 7.38 7.98 0.00 0.00 3.82 6.16 8.46 3.56 5.09 9.72 4.75 4.53 2.30 2.73 3.54 5.10 6.24 5.23 5.93 6524975
0.00 2.96 3.75 0.00 6.99 8.19 0.00 0.00 3.29 5.59 7.28 7.37 0.00 6.83 8.04 10.55 2.09 3.76 6.28 8.26 3.54 4.53 9.83 4.39 4.71 2.23 2.80 3.53 4.99 6.18 5.30 5.84 6538066
0.00 2.97 3.71 4.91 6.96 8.13 3.70 5.83 3.75 5.55 7.33 0.00 0.00 7.51 7.62 10.07 2.10 3.82 5.92 8.53 3.54 5.30 9.92 3.98 4.52 2.04 2.75 3.79 4.91 6.17 5.20 5.70 6551156
0.00 2.87 3.75 3.44 6.92 8.14 3.85 0.00 3.68 5.53 7.36 7.42 0.00 7.54 7.85 0.00 2.83 3.69 6.14 8.40 3.47 4.60 9.98 4.88 4.61 2.14 2.80 3.38 5.53 6.19 5.27 6.27 6564245
0.00 2.97 3.76 4.98 6.88 8.02 3.57 0.00 3.65 5.71 7.48 7.34 0.00 7.49 7.85 0.00 2.05 3.81 6.00 8.65 3.54 4.54 10.18 4.46 4.67 2.19 2.78 4.03 5.21 6.20 5.45 6.22 6577336
0.00 3.02 4.41 4.90 6.92 8.14 3.25 5.97 3.69 5.56 7.62 7.40 0.00 7.56 7.98 0.00 0.00 3.80 5.94 8.70 3.74 4.52 10.01 4.61 4.86 2.08 2.79 3.86 5.03 6.70 5.21 6.11 6590426
0.00 3.03 3.84 3.59 7.40 8.03 0.00 0.00 3.85 5.28 7.26 7.48 0.00 7.45 7.87 0.00 0.00 3.68 6.64 8.84 3.54 4.64 9.94 5.16 4.46 2.06 2.79 3.81 4.91 6.34 5.09 5.79 6603515
0.00 3.01 4.10 4.13 6.69 8.22 3.55 5.95 3.66 5.65 7.52 7.38 0.00 7.50 7.80 0.00 2.82 4.49 6.22 8.85 3.76 0.00 9.89 4.37 4.77 2.19 2.71 3.57 5.03 0.00 4.93 5.77 6616605
0.00 2.94 3.87 4.86 6.81 8.47 3.55 6.60 4.38 5.63 7.56 0.00 0.00 7.45 7.77 0.00 3.09 3.70 6.13 8.60 3.54 4.68 9.64 5.14 4.55 2.10 2.68 4.36 5.37 6.25 4.82 5.91 6629695
0.00 2.95 3.85 4.86 6.55 8.12 0.00 0.00 3.76 5.68 7.42 7.35 3.49 7.46 8.15 0.00 2.40 3.73 6.44 8.66 3.48 4.90 9.89 3.90 4.61 2.11 2.67 3.52 5.00 6.32 4.71 5.62 6642785
0.00 3.01 3.88 2.46 6.86 8.23 3.51 0.00 3.64 5.64 7.35 7.39 0.00 7.42 7.96 0.00 0.00 4.01 6.42 9.20 3.48 5.21 9.91 4.40 4.48 2.27 2.67 3.92 5.10 6.39 5.21 5.62 6655875
0.00 3.05 3.85 0.00 7.04 8.18 3.73 0.00 3.62 5.21 7.50 7.38 0.00 7.50 7.73 0.00 0.00 4.01 6.20 8.83 3.70 4.60 7.38 0.00 4.64 2.02 2.87 3.81 5.05 6.91 5.22 5.39 6668965
0.00 2.88 3.85 4.90 6.62 7.98 0.00 0.00 3.84 5.69 7.41 7.36 0.00 7.49 8.01 0.00 2.86 3.74 6.31 8.23 3.52 4.66 10.09 5.56 4.73 2.13 2.75 3.62 4.79 6.24 4.79 5.26 6682056
0.00 2.92 3.85 4.95 6.69 8.09 3.53 0.00 3.71 5.73 7.44 7.43 0.00 7.45 7.69 0.00 2.09 3.63 7.11 8.80 3.46 4.49 9.91 5.50 4.65 2.04 2.74 3.73 4.96 6.22 4.83 5.38 6695145
0.00 2.90 3.92 2.81 6.62 8.10 3.58 6.51 4.03 5.77 7.40 7.47 6.26 7.50 7.68 0.00 2.18 3.73 6.23 9.03 3.63 4.55 9.28 3.93 4.84 2.15 2.76 3.85 4.94 6.26 4.72 5.87 6708235
0.00 3.05 3.87 4.89 6.70 8.00 0.00 6.51 3.59 5.64 7.41 8.00 0.00 7.47 7.72 0.00 2.30 3.76 6.38 8.43 3.49 0.00 9.58 0.00 4.66 2.17 2.73 3.84 5.09 6.30 4.62 5.09 6721325
0.00 3.05 3.89 0.00 6.76 8.01 0.00 6.03 3.57 5.67 7.35 7.83 0.00 8.18 7.71 0.00 2.97 3.76 6.56 8.13 3.45 4.61 9.76 5.17 4.68 2.04 2.75 3.70 4.97 6.26 4.90 5.26 6734415
0.00 2.96 3.89 5.21 6.56 7.97 0.00 6.44 3.94 5.79 7.40 7.43 0.00 7.47 7.66 0.00 2.17 3.79 6.56 8.27 3.62 4.75 9.96 5.22 5.34 2.03 2.76 3.87 4.93 6.22 4.68 5.44 6747505
0.00 2.94 3.94 0.00 6.62 7.96 0.00 0.00 3.69 5.81 7.39 7.47 0.00 7.40 7.61 0.00 3.02 3.94 6.66 8.35 3.77 4.66 10.13 5.06 4.97 2.09 2.78 3.73 4.82 6.23 4.69 5.70 6760596
0.00 2.96 3.88 0.00 6.62 8.08 3.53 6.02 3.62 5.76 7.45 7.66 0.00 7.42 7.71 0.00 2.75 3.80 6.75 8.95 3.51 4.79 10.85 4.87 4.84 2.04 2.78 4.04 4.79 6.20 4.75 5.78 6773686
0.00 3.12 3.89 0.00 7.45 8.08 3.31 0.00 3.76 5.92 7.40 7.35 0.00 7.41 7.55 8.14 2.06 3.71 6.40 8.10 3.87 4.52 10.41 4.38 4.92 2.08 2.81 3.88 4.72 6.22 4.77 5.11 6786776
0.00 3.80 3.96 0.00 6.59 7.94 0.00 0.00 3.68 5.78 7.42 7.45 0.00 7.44 7.76 8.23 2.75 3.76 6.81 8.24 3.50 5.24 10.26 4.68 4.93 2.03 2.90 3.96 4.74 6.15 4.83 5.25 6799866
0.00 2.96 3.96 4.90 6.65 8.01 0.00 0.00 3.61 5.65 7.50 0.00 0.00 7.38 7.68 0.00 2.75 3.67 6.67 8.60 3.54 4.52 10.52 4.46 4.88 2.05 2.83 4.05 4.84 6.14 4.67 5.40 6812956
0.00 2.97 3.87 0.00 6.78 8.03 0.00 0.00 3.84 5.88 8.03 0.00 0.00 8.03 7.79 8.31 2.10 3.89 6.76 8.26 3.57 0.00 9.85 5.09 5.16 2.11 2.76 4.03 4.72 6.28 4.98 5.33 6826045
0.00 2.86 3.86 5.11 0.00 7.93 0.00 6.50 3.85 5.85 7.64 7.60 0.00 7.55 7.51 0.00 0.00 3.70 6.62 8.65 3.64 4.58 10.47 4.25 5.04 2.04 2.99 3.88 4.78 6.20 4.50 5.34 6839136
0.00 3.00 4.01 0.00 7.05 7.95 0.00 5.79 3.86 6.05 7.66 7.41 0.00 7.39 7.64 0.00 0.00 3.69 6.27 8.25 3.53 4.67 9.83 3.90 5.28 2.22 2.79 3.88 4.69 0.00 4.76 5.20 6852225
0.00 2.99 3.90 0.00 6.87 7.94 0.00 6.49 3.72 5.78 7.40 7.61 0.00 7.42 7.57 0.00 0.00 3.66 6.40 0.00 3.63 4.64 9.65 4.00 4.84 2.60 2.74 3.87 4.70 6.92 4.39 5.24 6865315
0.00 2.99 3.89 3.09 6.65 7.93 3.54 6.60 3.84 5.79 7.43 7.33 0.00 7.37 7.61 0.00 2.45 3.91 6.63 8.09 3.45 4.86 10.40 3.96 4.91 2.10 2.77 3.81 4.84 6.18 4.58 5.13 6878406
0.00 3.04 3.94 5.00 6.84 7.97 2.61 0.00 3.78 5.88 7.62 0.00 0.00 7.39 7.59 0.00 2.89 4.07 6.76 8.01 3.51 4.81 8.24 4.02 4.66 2.27 2.87 3.87 4.79 6.17 4.70 5.20 6891495
0.00 3.10 3.89 5.10 6.90 8.03 0.00 5.92 3.74 5.79 7.56 7.52 5.96 7.49 7.63 8.06 2.97 3.66 6.32 8.51 3.58 4.72 10.27 5.31 5.14 2.24 2.78 3.90 4.85 6.05 4.49 4.97 6904586
0.00 3.07 4.01 3.42 6.43 8.04 3.73 0.00 4.11 5.90 7.48 7.55 6.29 7.49 7.81 8.03 2.27 3.68 6.24 8.61 3.47 4.68 8.97 4.10 4.84 2.88 2.78 4.27 4.80 6.26 4.25 4.87 6917675
0.00 2.96 3.90 0.00 6.42 7.96 3.24 5.73 3.81 5.79 7.47 7.40 5.86 6.69 7.63 7.85 2.78 3.66 6.37 7.99 3.56 4.68 4.83 4.44 4.81 2.13 2.89 4.31 4.89 6.17 4.20 4.63 6930765
0.00 2.88 4.13 5.53 6.73 8.07 0.00 6.10 3.89 5.92 7.50 0.00 0.00 7.28 7.43 7.98 2.27 3.71 6.73 8.05 3.57 4.79 10.05 0.00 5.00 2.10 2.78 4.04 4.75 6.18 4.20 5.38 6943856
0.00 2.92 3.81 3.47 6.51 7.89 0.00 5.60 3.86 5.14 7.77 7.65 0.00 7.26 8.22 7.75 2.14 3.59 4.24 8.11 3.68 4.83 9.88 4.72 5.20 2.33 2.80 4.00 4.79 6.54 4.09 4.91 6956945
0.00 3.00 3.95 2.98 6.58 8.53 3.29 5.76 3.80 5.59 7.63 0.00 0.00 7.24 7.56 7.81 0.00 3.66 6.32 7.99 3.46 4.67 9.65 3.90 4.72 2.06 2.80 4.16 4.92 6.41 4.16 4.29 6970035
0.00 3.11 3.98 3.12 6.90 8.01 3.30 6.02 3.46 4.60 7.73 7.54 0.00 6.73 7.15 7.85 2.90 3.53 6.31 8.29 3.57 0.00 9.62 4.46 4.91 2.07 2.78 4.06 4.77 6.18 4.02 4.41 6983125
0.00 2.96 4.06 2.80 6.61 6.96 3.21 6.18 4.00 4.91 7.64 7.50 4.18 2.54 7.72 7.61 2.12 3.61 6.62 8.00 3.59 4.92 9.68 4.78 5.12 2.14 2.86 4.11 4.77 6.09 3.69 4.69 6996215
0.00 2.97 4.00 3.54 6.49 7.25 3.58 4.71 4.05 5.54 7.74 7.48 0.00 6.32 7.34 7.02 2.28 3.53 6.38 8.11 3.40 4.87 9.65 5.09 5.36 2.08 2.84 4.15 4.73 6.00 3.46 4.45 7009305
0.00 2.95 4.01 3.93 6.42 7.91 3.41 5.54 4.02 5.20 7.60 7.51 6.40 6.29 6.90 7.20 2.16 3.82 6.06 8.06 3.11 0.00 10.23 4.30 5.21 2.40 2.89 4.20 4.80 5.79 3.70 4.07 7022396
0.00 2.99 4.07 2.76 6.74 7.84 3.72 5.91 2.81 4.02 7.69 7.46 6.69 5.43 6.87 6.74 2.08 3.88 6.30 0.00 3.52 0.00 2.70 3.91 4.95 2.17 2.70 4.22 4.87 5.71 3.45 3.96 7035485
0.00 3.08 4.01 4.52 6.48 4.27 3.86 5.70 3.19 6.01 7.79 7.68 5.98 6.58 7.01 6.66 2.04 3.25 2.33 8.07 3.37 4.79 7.42 2.67 5.21 2.34 2.88 4.30 4.89 5.61 3.51 3.69 7048575
0.00 3.01 4.05 3.33 6.58 7.75 3.56 4.67 3.78 3.50 7.86 0.00 6.15 5.41 6.74 0.00 2.34 3.62 6.04 8.19 2.96 0.00 10.11 4.17 5.15 2.20 3.12 4.41 4.77 5.12 3.18 3.82 7061666
0.00 2.95 4.01 4.39 6.37 7.67 3.44 5.48 4.19 3.43 7.93 7.65 0.00 5.40 6.49 6.98 2.04 3.60 6.15 7.72 3.60 0.00 6.24 4.73 5.19 2.26 3.16 4.46 4.76 5.44 3.20 3.39 7074755
0.00 3.00 3.99 2.77 6.50 7.65 2.80 4.33 3.64 3.12 7.76 7.69 5.18 5.52 6.52 5.99 2.88 3.76 6.10 7.91 3.50 5.43 6.04 3.16 4.94 2.13 3.08 4.47 3.38 5.89 3.06 3.74 7087845
5.67 3.21 3.97 2.46 6.41 6.84 3.58 4.90 4.36 3.23 7.90 7.57 5.88 5.42 6.13 6.31 2.14 4.11 6.19 8.00 3.64 0.00 4.79 5.19 5.38 2.18 3.10 4.57 4.76 5.55 3.13 3.41 7100935
5.32 3.03 3.96 2.81 6.27 5.90 3.06 4.48 4.03 4.32 7.94 0.00 5.81 4.01 5.74 6.50 2.36 3.69 5.96 8.03 3.39 4.97 2.84 5.25 5.23 2.14 3.10 4.57 4.76 5.55 3.13 3.51 7114025
0.00 2.80 3.92 2.96 3.85 6.62 3.48 4.31 3.85 3.73 8.19 7.90 5.80 4.19 5.77 6.28 2.43 3.09 6.10 8.25 3.43 0.00 9.58 4.82 5.26 2.14 3.26 4.56 4.79 5.68 3.21 3.41 7127115
0.00 2.91 3.99 2.71 6.22 6.51 2.04 4.47 4.99 2.35 7.99 7.43 5.72 3.57 5.83 6.02 2.10 3.79 6.16 8.15 3.70 4.86 10.37 3.69 5.09 2.20 3.05 4.67 5.01 5.23 3.10 3.47 7140206
4.12 2.80 3.98 2.21 6.15 3.95 3.64 3.71 4.26 4.15 6.88 0.00 5.76 3.58 5.81 6.05 2.83 3.68 5.96 8.17 3.02 4.95 3.98 0.00 5.19 2.65 3.12 0.00 4.77 5.23 3.18 3.30 7153295
0.00 2.86 4.19 2.88 6.92 7.23 3.38 3.80 3.69 3.17 8.05 7.95 5.74 5.18 5.99 6.15 0.00 3.73 2.38 8.14 3.14 4.96 9.92 2.83 2.99 2.15 3.24 4.80 4.67 5.39 3.14 3.48 7166385
0.00 2.86 4.04 2.99 5.30 7.01 3.18 3.60 4.29 2.69 7.95 0.00 5.61 2.77 6.05 6.50 2.07 3.95 6.35 8.53 3.56 5.35 9.74 4.54 5.14 2.02 3.27 4.74 4.72 5.50 3.13 3.64 7179475
0.00 2.82 4.11 3.27 6.42 7.57 3.45 3.52 3.99 2.88 7.21 7.91 5.46 4.89 6.17 6.30 2.54 3.75 6.45 8.53 3.58 5.46 9.42 0.00 4.56 2.06 2.91 5.04 4.24 5.60 3.27 3.35 7192565
5.49 2.65 4.19 2.73 5.25 5.97 2.66 2.91 4.05 3.13 6.64 2.54 5.18 4.35 6.04 6.14 2.08 3.73 5.90 8.22 2.83 5.70 8.36 5.08 4.93 2.21 3.14 4.85 4.25 5.22 3.16 3.34 7205655
0.00 2.77 4.35 2.52 6.31 4.22 3.43 2.81 4.41 2.21 7.97 7.72 5.15 5.28 6.15 6.49 2.06 3.79 4.64 8.18 3.22 0.00 3.47 0.00 4.94 2.22 3.18 5.07 4.42 5.18 3.21 3.44 7218745
0.00 2.64 4.52 2.34 5.68 4.22 2.40 2.99 4.36 2.85 8.06 0.00 4.88 4.77 6.10 6.27 2.04 3.66 6.72 7.02 3.29 2.31 10.07 4.10 4.41 2.17 3.24 4.98 4.29 5.47 3.00 3.50 7231836
0.00 2.75 4.22 2.62 3.16 4.65 3.10 2.72 3.69 3.09 4.93 7.61 4.79 3.15 6.44 3.41 2.09 3.75 4.95 8.64 3.54 4.91 6.45 3.90 4.36 2.13 3.12 5.00 4.34 4.93 3.21 3.44 7244925
3.88 2.66 3.94 2.18 6.08 4.16 3.40 3.04 4.71 2.85 7.75 0.00 4.54 5.21 6.43 5.17 2.16 3.85 3.47 7.40 3.04 5.17 7.01 4.15 4.20 2.22 3.14 5.08 3.83 4.61 3.21 3.40 7258015
2.11 2.75 4.25 2.77 5.27 3.46 3.39 2.54 4.45 4.27 8.11 7.56 4.42 3.02 6.26 6.49 2.91 3.66 5.59 8.41 3.63 4.87 3.21 4.92 2.99 2.18 2.71 0.00 3.55 4.53 3.18 3.35 7271105
0.00 2.77 4.36 3.14 6.61 5.57 3.18 2.56 4.32 4.74 7.11 8.17 4.40 4.20 6.26 6.68 2.29 3.65 5.92 0.00 3.76 5.02 3.45 4.92 4.27 2.27 2.32 0.00 3.22 4.38 3.16 3.36 7284195
2.90 2.93 4.27 3.15 6.42 3.31 3.22 2.53 3.68 3.71 8.15 7.82 4.58 3.30 6.29 6.48 2.02 3.78 6.16 8.50 3.72 4.86 5.78 2.46 4.18 2.22 2.65 5.04 3.76 4.10 3.19 3.40 7297285
0.00 2.68 4.28 2.87 3.40 5.51 3.41 2.55 3.18 3.62 8.17 7.73 3.89 4.33 6.31 6.54 2.03 2.81 4.13 9.09 3.25 5.17 6.16 3.62 4.15 2.01 2.59 4.80 3.55 4.01 3.26 3.42 7310375
5.67 2.83 4.25 2.25 6.17 4.52 3.16 2.65 4.45 2.36 8.16 7.72 4.22 5.41 6.27 6.61 2.09 3.89 5.29 8.49 3.67 0.00 10.32 3.21 4.26 2.06 2.70 4.69 3.38 4.23 3.21 3.43 7323466
0.00 2.90 4.06 2.53 6.08 6.45 3.44 2.60 4.47 2.88 7.69 7.89 4.08 4.76 6.26 6.63 2.42 3.89 5.11 8.40 3.71 4.93 3.54 3.99 4.54 2.17 2.84 4.72 3.38 3.81 3.32 3.48 7336555
0.00 2.98 4.28 2.40 6.05 4.48 3.32 2.54 4.54 4.26 8.11 7.72 4.42 3.99 6.31 6.59 2.09 2.91 6.11 8.54 4.16 0.00 4.91 3.76 4.49 2.58 2.77 4.75 3.35 3.14 3.29 3.62 7349645
0.00 2.81 4.29 3.12 6.40 4.21 3.24 2.55 4.24 4.48 6.57 0.00 4.28 3.21 6.51 6.57 2.06 3.89 5.97 9.07 3.83 4.99 4.15 2.56 4.11 2.11 2.98 4.63 3.23 3.83 3.39 3.45 7362735
0.00 2.79 3.88 2.92 5.85 4.37 3.22 2.57 3.46 2.20 8.21 8.06 4.04 5.27 6.32 6.74 2.17 3.61 5.49 8.62 3.87 5.07 8.77 4.86 4.82 2.15 2.70 4.91 3.09 3.74 3.30 3.37 7375825
0.00 2.66 3.93 2.72 5.69 5.81 3.25 2.42 3.78 4.24 8.73 0.00 4.38 5.28 6.36 6.67 2.00 3.81 6.02 8.44 3.85 5.20 10.80 4.70 4.54 2.31 2.71 4.44 3.19 3.70 3.31 3.61 7388916
5.52 2.75 3.96 0.00 6.12 0.00 3.15 2.48 4.65 5.59 8.12 8.18 3.92 4.52 6.29 6.72 2.18 3.94 5.98 8.53 4.05 5.47 4.39 4.38 4.52 2.18 2.65 4.93 3.24 3.73 3.62 3.56 7402005
0.00 2.96 4.22 2.63 5.62 3.52 3.32 2.40 4.58 4.38 8.11 7.95 4.03 5.34 6.35 7.05 0.00 3.68 6.17 8.79 3.84 4.99 3.46 4.40 4.78 2.16 2.69 4.40 3.21 3.86 3.37 3.45 7415095
0.00 3.01 3.98 3.02 6.19 6.02 3.31 2.60 4.56 5.93 8.11 0.00 3.89 5.39 6.59 6.76 2.03 3.68 2.68 8.46 3.88 4.99 7.27 4.88 5.18 2.18 2.63 4.33 3.20 3.75 3.41 3.46 7428185
0.00 2.93 4.00 4.79 5.91 5.85 3.29 2.39 4.72 3.96 8.21 0.00 4.05 5.42 6.48 6.63 2.92 3.83 6.27 8.89 3.86 4.91 10.77 5.18 4.66 2.08 2.74 4.43 3.14 3.93 3.36 3.49 7441276
0.00 2.94 4.10 2.89 5.66 5.73 3.67 2.39 4.85 6.15 8.11 0.00 4.01 5.56 6.51 6.70 0.00 3.75 6.33 0.00 3.93 0.00 10.15 4.19 4.87 2.01 2.71 4.36 3.15 3.79 3.34 0.00 7454366
0.00 2.98 3.94 3.01 5.95 5.75 3.24 2.50 4.75 4.81 8.19 7.93 3.87 5.37 6.43 6.67 3.07 3.73 6.35 8.61 3.87 4.94 10.88 4.28 4.76 2.02 2.69 4.21 3.31 3.82 3.39 3.43 7467456
0.00 3.02 4.03 2.65 5.67 5.71 3.33 2.53 4.83 6.07 8.14 0.00 4.05 5.41 6.47 6.67 2.01 3.68 6.65 8.66 3.82 5.09 9.11 4.52 4.64 2.03 2.78 4.40 3.17 3.82 3.33 3.49 7480545
5.68 3.05 3.98 5.39 5.56 5.42 3.21 2.38 4.79 6.36 8.20 0.00 3.95 5.45 7.07 6.70 2.97 3.64 6.37 8.47 3.79 0.00 2.34 4.01 5.14 2.09 2.72 4.07 3.24 3.75 3.29 3.42 7493635
0.00 3.03 3.93 3.06 6.02 5.75 3.34 2.36 4.86 6.36 8.21 0.00 3.84 5.35 6.58 0.00 2.44 4.66 6.31 8.39 3.87 4.90 0.00 4.69 4.45 2.14 2.73 4.40 3.12 3.76 3.31 3.85 7506725
0.00 3.06 3.94 2.85 5.63 5.68 3.24 2.37 4.90 2.45 8.22 0.00 3.91 5.39 6.54 6.68 2.01 3.76 6.42 8.28 3.86 0.00 10.90 4.46 4.61 0.00 2.77 4.21 3.13 3.86 3.36 3.49 7519816
0.00 2.96 4.02 2.84 6.15 5.83 3.26 2.35 4.80 6.29 8.19 0.00 3.81 5.47 6.54 6.68 2.04 3.65 6.61 8.49 3.83 5.31 0.00 4.38 5.00 0.00 2.78 4.23 3.13 3.79 3.37 3.59 7532905
0.00 3.12 3.89 2.91 5.98 5.83 3.21 2.31 4.72 6.27 8.18 0.00 3.91 5.36 6.54 6.71 2.03 3.85 6.62 8.49 3.83 0.00 5.22 4.49 4.85 2.07 2.80 4.03 3.10 3.84 3.46 0.00 7545995
0.00 3.06 3.95 3.00 5.73 5.66 3.19 2.33 5.04 6.17 8.19 0.00 3.97 5.53 6.63 6.67 2.05 3.60 6.55 8.46 3.83 4.91 10.17 4.85 4.57 2.09 2.72 4.09 3.15 3.80 3.30 3.70 7559086
0.00 3.06 4.12 3.18 5.82 5.66 3.23 2.34 4.75 6.22 8.21 0.00 4.08 5.43 6.59 6.74 2.04 3.64 6.18 8.27 3.83 4.93 0.00 3.79 4.96 2.11 2.71 3.99 3.11 3.76 3.38 3.45 7572175
0.00 3.08 3.98 4.12 5.83 5.62 3.22 2.27 5.04 6.28 8.20 0.00 3.93 5.40 7.13 6.75 2.09 3.60 6.22 8.35 3.84 4.91 10.55 4.58 4.76 2.13 2.85 3.92 3.18 3.79 3.35 3.34 7585266
0.00 3.04 3.91 3.03 5.95 5.69 3.18 2.28 4.68 6.17 8.14 0.00 3.82 5.48 6.57 6.92 2.86 3.47 6.72 8.59 3.79 4.92 0.00 4.65 4.57 2.04 2.84 4.26 3.16 3.77 3.32 3.38 7598355
0.00 3.09 3.93 2.78 5.96 5.85 3.18 2.34 4.91 6.28 8.18 0.00 3.82 5.38 6.57 0.00 2.34 3.55 6.33 8.47 3.82 0.00 0.00 5.22 5.01 2.67 2.75 4.30 3.15 3.81 3.42 3.61 7611445
0.00 3.08 3.92 2.84 5.86 5.68 3.28 2.28 4.85 6.18 8.11 0.00 4.10 5.61 6.57 6.92 2.36 3.49 6.49 8.42 3.85 4.96 0.00 0.00 4.77 2.03 2.72 4.26 3.45 3.83 3.34 3.46 7624535
0.00 3.04 3.96 2.82 5.82 5.74 3.25 2.28 4.88 6.26 8.19 0.00 4.11 5.40 6.77 6.88 2.29 3.50 6.48 8.74 3.83 5.02 9.81 4.27 5.04 2.14 2.82 0.00 3.25 3.81 3.37 3.67 7637625
0.00 3.07 3.96 2.98 5.57 5.67 3.21 2.46 4.88 6.31 8.19 0.00 4.28 5.48 6.66 7.10 2.25 3.51 6.54 8.45 3.83 0.00 9.72 0.00 5.14 2.12 2.73 3.93 3.38 3.81 3.35 3.42 7650715
0.00 3.06 3.93 2.74 5.79 5.75 3.21 2.42 4.83 6.21 8.19 0.00 4.57 5.44 6.66 6.77 2.30 3.53 6.42 0.00 3.87 4.99 0.00 4.22 4.76 2.03 2.72 0.00 3.19 3.88 3.48 3.44 7663805
0.00 3.07 4.01 2.74 5.78 5.77 3.22 2.28 5.06 6.27 8.18 0.00 3.95 5.49 6.55 6.73 2.34 3.79 6.49 8.71 3.87 4.99 10.55 4.67 5.18 2.07 2.72 4.64 3.22 3.91 3.36 3.51 7676896
0.00 3.05 3.93 4.23 5.78 5.76 3.22 2.45 4.94 6.27 8.19 0.00 3.86 5.42 6.59 6.72 2.35 3.54 6.59 8.24 3.88 4.84 0.00 4.54 5.18 2.06 2.84 4.52 3.26 3.80 3.37 3.49 7689985
0.00 3.07 3.93 2.80 5.78 5.70 3.24 2.37 4.74 6.17 8.17 0.00 3.89 5.40 6.57 6.69 2.33 3.75 6.73 8.47 3.82 5.09 9.74 4.94 5.18 2.03 2.86 4.69 3.17 3.85 4.01 3.39 7703075
0.00 3.05 3.93 2.88 5.78 5.74 3.23 2.28 5.02 6.26 8.18 0.00 3.95 5.44 6.58 6.75 2.31 3.57 6.53 8.54 3.91 5.05 0.00 4.49 4.99 2.07 2.85 4.04 3.16 3.83 3.49 3.39 7716165
0.00 3.05 4.00 2.83 5.77 5.73 3.21 2.41 4.83 6.20 8.19 0.00 3.92 5.40 6.57 6.75 2.29 3.55 6.69 8.41 3.78 5.06 10.87 4.28 4.99 2.07 2.85 0.00 3.24 4.10 3.45 4.06 7729256
0.00 3.03 3.91 2.72 5.78 5.73 3.22 2.30 5.05 6.27 8.13 0.00 3.94 5.40 6.55 0.00 2.33 4.02 6.50 8.42 3.82 0.00 10.53 4.47 4.78 2.07 2.85 4.24 3.09 3.86 3.33 3.45 7742346
0.00 3.01 3.93 2.78 5.58 5.66 3.21 2.30 5.16 6.18 8.14 0.00 3.94 5.58 7.32 0.00 2.33 4.11 6.60 8.73 3.75 4.99 0.00 4.42 4.83 2.07 2.84 4.02 3.95 3.85 3.40 3.51 7755435
0.00 3.00 4.61 2.70 5.57 5.65 3.25 2.30 4.95 6.22 8.14 0.00 0.00 5.47 6.62 0.00 2.04 3.68 6.73 8.31 3.89 4.95 10.28 5.24 4.92 2.06 2.84 4.25 3.11 3.85 3.38 3.63 7768526
0.00 3.00 3.97 2.71 5.63 5.65 3.22 2.29 4.96 6.23 8.12 0.00 4.03 5.42 6.53 0.00 2.04 3.56 6.68 8.40 3.87 4.93 10.87 4.23 4.85 2.05 2.84 4.24 3.17 3.88 3.37 3.88 7781616
0.00 3.03 4.80 2.83 5.81 5.62 3.29 2.28 4.83 6.20 8.18 0.00 4.16 5.47 6.57 0.00 2.06 3.56 6.68 8.64 3.85 0.00 10.87 4.32 4.92 2.05 2.84 3.92 3.16 3.91 3.33 3.36 7794706
0.00 3.03 4.64 2.72 5.80 5.63 3.25 2.24 4.82 6.27 8.18 0.00 4.21 5.46 6.57 0.00 2.09 3.56 6.63 8.75 3.81 0.00 10.29 4.59 5.21 2.03 2.84 4.23 3.22 4.25 3.32 3.72 7807796
0.00 3.01 3.94 2.76 5.82 5.62 3.20 2.37 4.88 6.30 8.18 0.00 4.03 5.38 6.93 0.00 2.13 3.57 6.63 8.12 3.81 0.00 10.89 4.99 5.16 2.04 2.84 3.92 3.20 3.94 3.37 4.17 7820886
0.00 3.04 3.94 2.77 5.81 5.62 3.20 2.23 4.93 6.16 8.18 0.00 4.06 5.37 6.73 7.11 2.07 3.56 6.63 0.00 3.96 5.66 10.84 5.26 4.93 2.03 2.85 4.26 3.19 3.87 3.38 3.43 7833976
0.00 3.05 4.08 2.68 5.80 5.62 3.23 2.23 4.86 6.23 8.19 0.00 3.98 5.41 6.75 7.12 2.17 3.57 6.64 8.28 3.83 0.00 0.00 5.31 4.91 2.04 2.85 3.96 3.26 4.05 3.33 3.43 7847065
0.00 3.04 4.07 2.82 5.82 5.62 3.22 2.27 4.88 6.28 8.18 0.00 4.16 5.49 6.55 0.00 2.30 3.58 6.63 0.00 3.79 5.18 10.82 4.28 4.88 2.05 2.84 3.83 3.17 3.88 3.38 3.57 7860156
0.00 3.03 3.97 2.68 5.82 5.62 3.21 2.35 5.10 6.25 8.19 0.00 4.11 5.47 6.75 0.00 2.32 3.57 6.67 0.00 3.93 0.00 0.00 0.00 4.91 2.06 2.83 3.82 3.22 4.08 3.33 3.41 7873245
0.00 3.06 4.67 5.39 5.82 5.63 3.21 2.28 5.02 6.36 8.18 0.00 3.99 5.46 6.77 0.00 2.33 3.57 6.64 8.49 3.80 0.00 10.93 3.99 4.91 2.09 2.84 3.81 3.19 3.86 3.34 3.41 7886336
0.00 3.06 3.92 2.72 5.82 5.62 3.20 2.31 5.03 6.28 8.18 0.00 3.93 5.51 6.72 0.00 2.33 3.57 6.68 8.35 3.81 0.00 0.00 4.26 4.91 2.04 2.85 4.24 3.12 3.90 3.32 3.34 7899425
0.00 3.04 3.99 2.73 5.81 5.62 3.20 2.34 4.99 6.33 8.19 0.00 3.93 5.40 6.73 0.00 2.25 3.56 6.67 9.21 3.81 4.93 10.75 4.23 4.91 2.02 2.84 4.28 3.14 3.91 3.33 3.36 7912516
0.00 3.05 3.98 2.72 5.81 5.62 3.20 2.36 4.93 6.41 8.19 0.00 3.94 5.43 6.73 0.00 2.34 3.56 6.73 9.20 3.81 4.91 10.82 4.24 4.92 2.04 2.85 4.21 3.27 3.89 3.32 3.37 7925606
0.00 3.04 4.06 2.74 5.81 5.61 3.21 2.34 4.90 6.40 8.17 0.00 3.93 5.40 6.73 0.00 2.34 3.57 6.71 9.22 3.80 4.93 10.16 5.31 4.92 2.02 2.84 4.26 3.25 3.91 3.34 3.39 7938696
0.00 3.04 4.00 2.74 5.81 5.62 3.20 2.37 4.93 6.34 8.19 0.00 3.91 0.00 6.74 0.00 2.34 3.56 6.67 9.21 3.79 4.93 10.84 5.19 4.91 2.01 2.78 4.12 3.21 3.85 3.34 3.38 7951786
0.00 3.04 4.02 0.00 5.81 5.62 3.20 2.44 5.01 6.32 8.19 0.00 4.13 5.56 6.63 0.00 2.33 3.56 6.74 8.60 3.80 4.86 10.89 0.00 4.92 2.01 2.84 4.11 3.33 3.89 3.33 3.36 7964876
0.00 3.04 3.92 2.73 5.80 5.63 3.22 2.37 5.10 6.33 8.20 0.00 4.11 0.00 6.85 0.00 2.33 3.57 6.72 8.35 3.91 4.85 10.83 0.00 4.92 2.02 2.84 4.16 3.30 3.86 3.35 3.36 7977966
0.00 3.05 3.93 2.73 5.80 5.61 3.22 2.49 5.19 6.22 8.19 0.00 4.16 5.41 6.73 0.00 2.33 3.57 6.76 8.31 3.81 4.85 10.90 0.00 4.91 2.01 2.84 4.24 3.18 3.90 3.33 3.36 7991056
0.00 3.05 3.94 2.71 5.79 5.61 3.23 2.30 4.84 6.44 8.18 0.00 4.15 5.86 6.75 0.00 2.33 3.56 6.53 8.34 3.91 4.87 0.00 0.00 4.91 2.01 2.83 4.25 3.17 3.94 3.34 3.36 8004145
0.00 3.06 3.93 2.73 5.81 5.62 3.22 2.32 4.86 6.37 8.19 0.00 4.05 5.53 6.76 0.00 2.32 3.58 6.54 8.35 3.80 4.89 9.84 0.00 4.93 2.01 2.83 4.06 3.24 3.90 3.33 3.37 8017235
0.00 3.04 3.92 2.71 5.80 5.63 3.22 2.40 5.11 6.35 8.18 0.00 4.03 5.66 6.83 0.00 2.30 3.59 6.56 0.00 3.89 4.88 10.79 5.17 4.91 2.01 2.83 4.16 3.30 3.93 3.37 3.36 8030326
0.00 3.05 3.92 0.00 5.79 5.63 3.21 2.59 5.12 6.26 8.15 0.00 3.97 5.61 6.76 0.00 2.30 3.61 6.54 8.48 3.90 4.89 0.00 5.22 4.90 2.02 2.83 4.06 3.20 3.90 3.36 3.38 8043415
0.00 3.05 3.92 3.04 5.79 5.62 3.21 2.35 5.02 6.32 8.19 0.00 4.02 6.24 6.73 0.00 2.13 3.57 6.56 8.48 3.94 4.88 0.00 5.16 4.90 2.01 2.73 4.05 3.16 3.89 3.36 3.46 8056505
0.00 3.07 3.92 0.00 5.58 5.62 3.22 2.37 5.16 6.32 8.18 0.00 4.01 5.61 6.70 0.00 2.22 3.55 6.69 8.50 3.97 4.91 0.00 5.29 4.90 2.01 2.75 4.03 3.11 3.89 3.35 3.43 8069595
0.00 3.06 3.93 0.00 5.80 5.62 3.22 2.30 5.26 6.32 8.18 0.00 4.07 6.02 6.74 0.00 2.18 3.57 6.57 8.51 4.00 4.90 0.00 0.00 4.90 2.01 2.74 4.14 3.23 3.92 3.39 3.43 8082685
0.00 3.10 3.92 0.00 5.78 5.63 3.22 2.29 4.83 6.47 8.18 0.00 4.01 5.72 6.75 0.00 2.17 3.56 6.58 8.50 4.12 4.89 0.00 0.00 4.90 2.02 2.74 4.05 3.10 3.88 3.34 3.38 8095775
0.00 3.06 3.93 0.00 5.59 5.63 3.23 2.32 4.83 6.28 8.18 0.00 3.86 5.53 6.95 0.00 2.25 3.56 6.63 8.52 3.96 4.91 0.00 0.00 4.91 2.01 2.82 4.01 3.14 3.87 3.41 3.37 8108865
0.00 3.10 3.92 0.00 5.78 5.63 3.21 2.38 4.83 6.30 8.19 0.00 4.07 5.65 7.21 0.00 2.30 3.57 7.02 9.06 4.09 4.89 0.00 0.00 4.90 2.01 2.81 4.25 3.19 3.90 3.36 3.42 8121955
0.00 3.09 3.93 0.00 5.67 5.63 3.23 2.51 5.06 6.35 8.20 0.00 4.15 5.52 6.74 0.00 2.27 3.57 6.73 8.96 3.82 4.87 10.27 0.00 4.90 2.01 2.84 4.06 3.18 3.93 3.37 3.44 8135046
0.00 3.07 3.93 0.00 5.77 5.63 3.23 2.29 4.83 6.28 8.19 0.00 4.08 5.59 6.74 0.00 2.26 3.57 7.23 8.23 3.83 4.86 0.00 0.00 4.93 2.01 2.83 4.28 3.22 3.92 3.37 3.44 8148135
0.00 3.09 3.92 0.00 5.62 5.63 3.23 2.26 5.18 6.28 8.19 0.00 4.12 5.71 6.53 0.00 2.26 3.56 7.20 8.36 3.78 4.87 0.00 4.58 4.93 2.01 2.83 3.95 3.25 3.91 3.34 3.39 8161225
0.00 3.07 3.92 0.00 5.59 5.62 3.24 2.40 4.85 6.39 8.20 0.00 3.85 5.99 6.84 0.00 2.25 3.56 6.92 8.40 3.81 4.87 0.00 0.00 4.92 0.00 2.83 4.26 3.36 3.91 3.35 3.36 8174315
0.00 3.06 3.92 0.00 5.59 5.63 3.23 2.44 5.25 6.30 8.20 0.00 3.89 5.61 6.74 0.00 2.26 3.58 6.83 8.52 3.81 4.89 0.00 0.00 5.20 2.01 2.84 4.25 3.50 3.89 3.34 3.42 8187405
0.00 3.08 3.92 0.00 5.58 5.63 3.23 2.26 4.90 6.39 8.19 0.00 3.88 6.02 6.74 0.00 2.24 3.58 6.82 8.52 3.83 0.00 0.00 0.00 5.19 2.01 2.83 4.26 3.23 3.88 3.35 3.35 8200495
0.00 3.07 3.91 0.00 5.58 5.61 3.22 2.43 4.96 6.42 8.20 0.00 3.87 5.50 6.75 0.00 2.23 3.57 6.79 8.51 3.82 4.89 0.00 0.00 5.16 2.01 2.83 4.26 3.14 3.93 3.35 3.43 8213585
0.00 3.08 3.91 0.00 5.59 5.61 3.23 2.37 4.97 6.45 8.20 0.00 3.87 5.55 6.72 0.00 2.21 3.57 6.79 8.54 3.79 5.18 0.00 0.00 5.18 2.00 2.83 4.26 3.17 3.96 3.35 3.36 8226675
0.00 3.07 3.91 0.00 5.58 5.61 3.23 2.29 4.88 6.46 8.19 0.00 3.89 5.55 6.75 0.00 2.21 3.56 6.79 8.51 3.83 5.16 9.59 5.48 5.16 2.01 2.84 4.26 3.17 4.00 3.36 3.45 8239765
0.00 3.06 3.93 0.00 5.59 5.61 3.23 2.29 4.87 6.64 8.19 0.00 3.87 5.43 6.74 0.00 2.21 3.56 6.77 8.53 3.82 5.16 10.91 4.77 5.16 0.00 2.82 4.26 3.26 4.13 3.38 3.43 8252856
0.00 3.07 3.93 0.00 5.57 5.61 3.22 2.39 4.89 6.51 8.11 0.00 3.85 5.49 6.75 0.00 2.19 3.55 6.78 8.53 3.82 5.48 0.00 4.59 5.15 0.00 2.83 4.26 3.13 4.10 3.33 3.43 8265945
0.00 3.06 3.94 0.00 5.59 5.61 3.23 2.39 4.90 6.38 8.19 0.00 3.86 5.69 6.76 0.00 2.20 3.57 6.77 8.54 3.81 4.87 0.00 5.30 5.15 2.01 2.82 4.26 3.17 3.94 3.32 3.37 8279035
0.00 3.05 3.93 0.00 5.58 5.61 3.22 2.38 4.91 6.39 8.20 0.00 3.87 0.00 6.83 0.00 2.21 3.56 6.78 8.67 3.82 4.87 0.00 0.00 5.16 0.00 2.83 4.25 3.23 3.98 3.33 3.44 8292125
0.00 3.06 3.90 0.00 5.59 5.62 3.22 2.34 4.98 6.32 8.17 0.00 3.84 5.58 6.75 0.00 2.19 3.55 6.76 8.52 3.81 4.87 0.00 0.00 5.18 2.00 2.83 4.26 3.31 3.91 3.34 3.43 8305215
0.00 3.05 3.91 0.00 5.58 5.61 3.23 2.45 4.97 6.43 8.17 0.00 3.88 5.49 6.73 0.00 2.17 3.56 6.75 8.51 3.82 4.88 0.00 0.00 5.17 0.00 2.83 4.26 3.24 3.97 3.36 3.43 8318305
0.00 3.04 3.94 0.00 5.60 5.62 3.23 2.38 5.13 6.44 8.18 0.00 4.09 5.45 6.86 0.00 2.18 3.55 6.76 8.86 3.81 4.87 0.00 0.00 5.18 0.00 2.83 4.27 3.20 4.03 3.34 3.44 8331395
0.00 3.05 3.93 0.00 5.59 5.62 3.24 2.51 4.99 6.30 8.18 0.00 3.91 5.40 6.74 0.00 2.16 3.56 6.75 8.24 3.80 4.86 0.00 0.00 5.16 0.00 2.83 4.25 3.27 4.10 3.36 3.41 8344485
0.00 3.05 3.93 0.00 5.58 5.62 3.22 2.53 5.04 6.32 8.18 0.00 3.89 5.44 6.74 0.00 2.16 3.53 6.78 8.30 3.79 4.86 0.00 0.00 5.16 0.00 2.83 4.22 3.19 3.97 3.36 3.39 8357575
0.00 3.05 3.91 0.00 5.70 5.62 3.21 3.02 4.97 6.31 8.18 0.00 3.90 5.46 6.71 6.79 2.17 3.49 6.90 8.23 3.79 4.85 0.00 0.00 5.17 2.01 2.83 4.20 3.19 3.97 3.38 3.46 8370665
0.00 3.03 3.92 0.00 5.77 5.62 3.20 2.43 4.98 6.39 8.19 0.00 3.92 5.43 6.72 0.00 2.16 3.50 6.68 8.35 3.79 5.05 10.99 4.70 5.16 2.01 2.83 4.39 3.17 3.93 3.38 3.47 8383756
0.00 3.03 3.92 0.00 5.77 5.62 3.21 2.30 4.98 6.29 8.19 0.00 3.92 5.48 6.71 0.00 2.17 3.47 6.72 8.43 3.80 4.83 0.00 0.00 5.16 2.01 2.84 4.11 3.20 3.92 3.32 3.65 8396845
0.00 3.05 3.94 0.00 5.77 5.61 3.20 2.54 4.99 6.32 8.17 0.00 3.91 5.39 6.66 0.00 2.16 3.49 6.70 8.57 3.78 4.84 0.00 5.24 5.17 2.01 2.83 3.90 3.18 3.98 3.35 3.36 8409935
0.00 3.05 3.93 0.00 5.76 5.61 3.20 2.25 5.02 6.30 8.19 0.00 3.96 5.46 6.66 6.78 2.18 3.49 6.85 8.57 3.81 4.83 0.00 0.00 5.16 0.00 2.83 4.41 3.14 3.91 3.38 4.03 8423025
0.00 3.06 4.06 0.00 5.76 5.62 3.20 2.28 4.84 6.40 8.11 0.00 4.43 5.46 6.69 0.00 2.18 3.48 6.74 8.54 3.82 4.84 0.00 5.22 5.16 0.00 2.83 3.92 3.20 3.99 3.33 4.03 8436115
0.00 3.05 3.93 0.00 5.77 5.62 3.20 2.49 4.89 6.41 8.17 0.00 4.30 5.51 6.69 0.00 2.20 3.49 6.59 8.53 3.83 4.85 0.00 4.95 5.16 0.00 2.83 4.84 3.20 3.93 3.33 3.62 8449205
0.00 3.04 3.94 0.00 5.77 5.61 3.20 2.34 4.83 6.40 8.16 0.00 3.88 5.48 6.68 0.00 2.21 3.48 6.60 8.56 3.82 4.86 0.00 5.42 5.16 0.00 2.83 0.00 3.09 3.96 3.32 3.44 8462295
0.00 3.05 3.92 5.49 5.77 5.63 3.19 2.31 4.99 6.39 8.15 0.00 3.91 5.61 6.75 0.00 2.19 3.48 6.62 8.58 3.82 4.84 0.00 5.48 5.16 0.00 2.83 0.00 3.23 3.92 3.34 3.45 8475385
0.00 3.04 3.90 5.75 5.75 5.63 3.19 2.31 4.94 6.35 8.18 0.00 3.91 5.46 6.76 0.00 2.21 3.48 6.80 8.85 3.79 5.61 0.00 0.00 5.15 0.00 2.83 0.00 3.24 3.98 3.35 4.03 8488475
0.00 3.05 3.92 5.79 5.77 5.62 3.19 2.28 4.98 6.35 8.19 0.00 3.89 5.48 6.71 7.52 2.24 3.50 6.75 8.86 3.81 5.63 0.00 0.00 5.16 2.00 2.84 4.92 3.21 4.00 3.31 3.62 8501565
0.00 3.04 3.92 5.76 5.75 5.63 3.18 2.28 4.90 6.37 8.19 0.00 3.91 5.47 6.68 6.77 2.42 3.49 6.76 8.21 3.81 4.91 0.00 5.34 5.16 2.01 2.82 4.91 3.22 3.92 3.36 3.50 8514655
0.00 3.04 3.92 5.74 5.76 5.63 3.20 2.28 4.92 6.42 8.20 0.00 3.90 5.47 6.69 6.75 2.70 3.48 6.75 8.58 3.82 4.93 0.00 5.56 5.15 2.02 2.84 4.93 3.22 3.91 3.36 3.48 8527745
0.00 3.04 3.92 5.74 5.77 5.62 3.19 2.31 4.96 6.65 8.19 0.00 3.90 5.47 6.70 6.76 2.70 3.50 6.76 8.61 3.82 4.92 0.00 5.46 5.17 2.01 2.85 4.91 3.22 3.91 3.36 3.49 8540835
0.00 3.05 3.93 5.73 5.77 5.62 3.19 2.31 4.96 6.68 8.19 0.00 3.90 5.46 6.69 6.74 2.69 3.50 6.75 8.60 3.82 4.93 0.00 5.59 5.17 2.02 2.83 4.80 3.22 3.91 3.37 3.48 8553925
0.00 3.05 3.92 5.71 5.77 5.62 3.18 2.31 4.98 6.72 8.19 0.00 3.90 5.47 6.69 6.74 2.70 3.50 6.57 8.56 3.81 4.93 0.00 5.61 5.18 2.01 2.84 4.87 3.22 3.92 3.37 3.49 8567015
0.00 3.05 3.92 5.71 5.77 5.63 3.19 2.31 4.97 6.71 8.19 0.00 3.91 5.48 6.67 6.75 2.69 3.50 6.58 8.54 3.82 4.92 0.00 5.71 5.17 2.02 2.84 4.48 3.22 3.92 3.36 3.52 8580105
0.00 3.04 3.92 5.76 5.77 5.62 3.18 2.32 4.97 6.55 8.20 0.00 3.90 5.47 6.69 6.76 2.69 3.49 6.76 8.55 3.80 4.93 0.00 5.88 5.17 2.01 2.82 4.49 3.23 3.92 3.34 3.51 8593195
0.00 3.04 3.93 5.74 5.78 5.64 3.18 2.32 4.98 6.46 8.20 0.00 3.90 5.49 6.67 6.75 2.69 3.50 6.80 8.55 3.79 4.92 0.00 0.00 5.15 2.02 2.84 4.46 3.23 3.92 3.34 3.53 8606285
0.00 3.05 3.92 5.76 5.77 5.63 3.19 2.32 4.99 6.44 8.19 0.00 3.91 5.48 6.68 6.76 2.70 3.49 6.73 8.37 3.79 4.91 0.00 0.00 5.14 2.02 2.83 4.46 3.21 3.93 3.33 3.52 8619375
0.00 3.04 3.92 5.76 5.77 5.62 3.19 2.32 4.98 6.43 8.18 0.00 3.90 5.49 6.67 6.76 2.70 3.51 0.00 8.96 3.80 4.91 0.00 5.86 5.13 2.02 2.83 4.46 3.23 3.92 3.36 3.48 8632465
0.00 3.04 3.93 5.72 5.78 5.62 3.19 2.32 4.98 6.42 8.19 0.00 3.91 5.50 6.66 6.75 2.69 3.50 6.76 8.36 3.80 4.91 0.00 5.87 5.15 2.02 2.83 4.46 3.22 3.94 3.35 3.50 8645555
0.00 3.04 3.92 5.72 5.77 5.63 3.20 2.32 4.98 6.42 8.20 0.00 3.90 5.50 6.69 6.74 2.67 3.50 6.77 8.18 3.80 4.90 0.00 0.00 5.17 2.01 2.84 4.47 3.21 3.94 3.36 3.49 8658645
0.00 3.04 3.92 5.71 5.77 5.62 3.20 2.32 4.98 6.41 8.20 0.00 3.89 5.49 6.67 6.74 2.66 3.49 6.77 8.20 3.79 4.91 0.00 0.00 5.16 2.02 2.84 4.46 3.20 3.93 3.35 3.47 8671735
0.00 3.04 3.93 5.73 5.76 5.63 3.18 2.33 4.92 6.40 8.20 0.00 3.90 5.48 6.68 6.74 2.64 3.49 6.77 8.21 3.80 4.90 0.00 0.00 5.15 2.01 2.83 4.47 3.21 3.93 3.36 3.48 8684825
0.00 3.04 3.92 5.25 5.78 5.63 3.19 2.32 4.92 6.40 8.19 0.00 3.90 5.49 6.67 6.75 2.64 3.50 6.79 8.17 3.79 4.91 0.00 0.00 5.15 2.01 2.83 4.47 3.21 3.92 3.37 3.49 8697915
0.00 3.05 3.93 3.80 5.77 5.62 3.19 2.33 4.91 6.40 8.19 0.00 3.89 5.49 6.68 6.75 2.66 3.49 6.81 8.31 3.80 4.91 0.00 5.88 5.05 2.01 2.84 4.47 3.21 3.93 3.36 3.48 8711005
0.00 3.04 3.93 3.30 5.77 5.63 3.19 2.32 4.92 6.39 8.19 0.00 3.89 5.48 6.68 6.75 2.65 3.51 6.82 8.28 3.80 4.91 0.00 0.00 4.91 2.02 2.85 4.46 3.20 3.94 3.37 3.48 8724095
0.00 3.04 3.93 3.31 5.78 5.63 3.19 2.33 4.93 6.39 8.20 0.00 3.91 5.49 6.68 6.75 2.70 3.50 6.82 8.29 3.80 4.90 0.00 0.00 4.90 2.03 2.83 4.45 3.20 3.93 3.37 3.49 8737185
0.00 3.04 3.92 3.35 5.77 5.62 3.18 2.33 4.96 6.37 8.19 0.00 3.90 5.49 6.68 6.74 2.67 3.50 6.81 8.27 3.80 4.90 0.00 0.00 4.90 2.02 2.83 4.45 3.20 3.93 3.36 3.47 8750275