0.00 3.07 3.92 3.38 5.82 5.71 3.20 2.32 4.98 6.50 8.20 0.00 3.86 5.37 6.84 6.75 2.48 3.51 6.64 8.15 3.98 4.86 0.00 5.19 5.13 2.08 2.81 0.00 3.44 4.01 3.35 3.38 216770
0.00 3.08 3.93 3.38 5.79 5.73 3.19 2.32 4.98 6.50 8.20 0.00 3.87 5.37 6.84 6.74 2.51 3.53 6.64 8.16 3.97 4.86 0.00 5.20 5.12 2.13 2.81 0.00 3.46 4.00 3.36 3.37 229860
0.00 3.07 3.92 3.38 5.78 5.73 3.21 2.32 4.97 6.50 8.20 0.00 3.87 5.38 6.83 6.73 2.55 3.52 6.64 8.15 3.97 4.86 0.00 5.20 5.13 2.10 2.82 0.00 3.24 4.01 3.36 3.38 242950
0.00 3.08 3.93 3.38 5.79 5.73 3.19 2.32 4.98 6.50 8.21 0.00 3.86 5.38 6.86 6.74 2.56 3.53 6.64 8.14 3.97 4.86 0.00 5.21 5.12 2.11 2.80 0.00 3.22 4.02 3.35 3.38 256040
0.00 3.07 3.92 3.38 5.80 5.73 3.21 2.32 4.98 6.49 8.21 0.00 3.86 5.38 6.85 6.73 2.47 3.53 6.63 8.14 3.97 4.86 0.00 5.21 5.13 2.10 2.81 0.00 3.22 4.02 3.35 3.37 269130
0.00 3.08 3.93 3.38 5.78 5.73 3.20 2.32 4.98 6.49 8.20 0.00 3.86 5.38 6.86 6.74 2.45 3.52 6.65 8.14 3.95 4.87 0.00 5.20 5.12 2.03 2.80 0.00 3.23 4.02 3.36 3.38 282220
0.00 3.08 3.92 3.38 5.78 5.73 3.20 2.32 4.98 6.48 8.20 0.00 3.85 5.39 6.83 6.73 2.45 3.53 6.64 8.14 3.95 4.86 0.00 5.21 5.10 2.03 2.81 0.00 3.22 4.02 3.37 3.37 295310
0.00 3.07 3.92 3.41 5.77 5.69 3.19 2.34 4.99 6.44 8.20 0.00 3.86 5.37 6.84 6.73 2.44 3.53 6.64 8.13 3.95 4.87 0.00 5.21 5.10 2.04 2.82 0.00 3.23 4.02 3.36 3.38 308400
0.00 3.07 3.92 3.39 5.79 5.54 3.20 2.34 4.98 6.43 8.20 0.00 3.86 5.38 6.82 6.73 2.45 3.52 6.65 8.15 3.96 4.86 0.00 5.20 5.11 2.06 2.82 0.00 3.22 4.03 3.36 3.38 321490
0.00 3.07 3.93 3.42 5.78 5.52 3.20 2.32 4.95 6.37 8.20 0.00 3.86 5.37 6.82 6.74 2.48 3.52 6.65 8.13 3.97 4.85 0.00 5.28 4.94 2.06 2.74 0.00 3.22 4.01 3.60 3.38 334580
0.00 3.08 3.92 3.33 5.79 5.52 3.20 2.33 4.93 6.32 8.21 0.00 3.86 5.38 6.82 6.74 2.46 3.53 6.65 8.14 3.97 4.85 0.00 5.00 4.94 2.06 2.73 0.00 3.22 4.01 3.97 3.39 347670
0.00 3.06 3.91 0.00 5.78 5.53 3.21 2.48 5.06 6.32 8.15 0.00 3.87 5.41 6.80 6.73 2.46 3.53 6.63 8.18 4.00 4.86 0.00 5.22 4.93 2.05 2.72 0.00 3.23 3.99 3.46 3.38 360760
0.00 3.08 3.92 0.00 5.77 5.52 3.20 2.33 4.88 6.33 8.16 0.00 3.86 5.38 6.81 6.73 2.30 3.53 6.63 8.32 3.84 4.85 0.00 5.14 4.93 2.06 2.71 0.00 3.23 3.98 3.34 3.38 373850
0.00 3.08 4.05 0.00 5.78 5.52 3.20 2.26 5.13 6.38 8.15 0.00 3.86 5.40 6.80 6.75 2.45 3.55 6.63 8.17 3.91 4.84 0.00 5.00 4.93 2.05 2.70 4.17 3.21 4.01 3.36 3.37 386940
0.00 3.08 3.92 0.00 5.76 5.53 3.19 2.28 0.00 6.44 8.19 0.00 3.86 5.43 6.85 6.77 2.33 3.55 6.61 8.16 3.82 4.85 0.00 5.20 4.93 2.04 2.71 4.21 3.18 4.00 3.45 3.37 400030
0.00 3.07 3.93 5.50 5.77 5.63 3.19 2.79 5.11 6.43 8.19 0.00 3.85 5.47 6.77 6.76 2.31 3.57 6.63 8.17 3.87 4.85 0.00 4.81 4.91 2.02 2.72 4.19 3.29 4.05 3.43 3.38 413120
0.00 3.08 3.93 5.36 5.77 5.80 3.20 2.34 5.10 6.33 8.16 0.00 3.87 5.39 6.79 6.79 2.29 3.59 6.62 8.38 3.85 4.85 0.00 5.14 4.92 2.02 2.71 4.20 3.25 4.02 3.34 3.46 426210
0.00 3.07 3.92 5.35 5.77 5.80 3.20 2.26 5.28 6.34 8.19 0.00 3.87 5.68 6.75 6.75 2.30 3.60 6.64 8.14 3.85 4.86 0.00 5.10 5.12 2.02 2.72 4.15 3.22 4.01 3.55 3.35 439300
0.00 3.07 3.93 5.28 5.77 5.72 3.20 2.50 4.88 6.33 8.22 0.00 3.87 5.39 6.77 6.74 2.29 3.60 6.63 8.40 3.89 4.85 10.60 4.81 5.16 2.03 2.71 4.21 3.29 3.95 3.38 3.37 452391
0.00 3.05 3.96 5.29 5.78 5.72 3.19 2.38 0.00 6.51 8.17 0.00 3.88 5.38 6.77 6.75 2.28 3.59 6.64 8.37 3.80 4.86 0.00 5.27 5.19 2.03 2.72 4.16 3.22 4.05 3.34 3.37 465480
0.00 3.06 3.92 5.28 5.76 5.63 3.18 2.35 5.54 6.39 8.21 0.00 3.87 5.47 6.77 6.76 2.29 3.59 6.63 8.38 3.77 4.86 10.96 5.48 5.18 2.03 2.71 0.00 3.30 4.00 3.42 3.33 478571
0.00 3.07 3.92 5.30 5.77 5.65 3.18 2.33 5.07 6.35 8.20 0.00 3.87 5.36 6.77 6.77 2.29 3.59 6.62 8.39 3.77 4.87 0.00 5.24 5.16 2.02 2.71 0.00 3.31 3.99 3.40 3.32 491660
0.00 3.04 3.97 5.31 5.78 5.71 3.19 2.36 5.07 6.37 8.16 0.00 3.88 5.54 6.74 6.77 2.28 3.63 6.63 8.38 3.77 4.86 0.00 0.00 5.19 2.03 2.72 4.50 3.31 3.98 3.40 3.34 504750
0.00 3.07 3.94 5.29 5.78 5.68 3.19 2.35 5.03 6.47 8.14 0.00 3.87 5.51 6.77 6.76 2.27 3.75 6.63 8.17 3.79 4.85 0.00 5.30 5.18 2.02 2.71 4.47 3.34 3.97 3.35 3.34 517840
0.00 3.08 3.94 5.30 5.72 5.64 3.19 2.36 5.01 6.54 8.19 0.00 3.87 5.54 6.73 6.77 2.27 3.77 6.62 8.37 3.77 4.88 0.00 0.00 5.18 2.02 2.72 4.25 3.36 4.00 3.40 3.34 530930
0.00 3.08 3.93 5.31 5.73 5.63 3.18 2.34 5.04 6.44 8.15 0.00 3.87 5.41 6.72 6.76 2.26 3.61 6.62 8.38 3.76 4.87 0.00 5.34 5.17 2.02 2.72 4.21 3.23 3.98 3.35 3.33 544020
0.00 3.06 3.93 5.49 5.73 5.64 3.19 2.33 4.98 6.36 8.20 0.00 3.86 5.49 6.77 6.75 2.23 3.62 6.63 8.40 3.78 4.87 0.00 0.00 5.17 2.02 2.73 4.19 3.57 4.00 3.34 3.34 557110
0.00 3.09 3.93 5.35 5.71 5.64 3.19 2.35 4.98 6.34 8.21 0.00 3.85 5.57 6.77 6.77 2.23 3.62 6.63 8.38 3.78 4.86 0.00 0.00 5.18 2.01 2.71 4.44 3.26 3.98 3.36 3.33 570200
0.00 3.07 3.93 5.37 5.73 5.64 3.18 2.36 5.01 6.34 8.22 0.00 3.86 5.55 6.75 6.76 2.16 3.62 6.62 8.39 3.80 4.88 0.00 5.31 5.17 2.02 2.71 4.23 3.23 3.98 3.37 3.32 583290
0.00 3.06 3.92 5.38 5.73 5.64 3.20 2.36 4.93 6.36 8.24 0.00 3.86 5.49 6.73 6.77 2.15 3.64 6.62 8.16 3.78 4.88 0.00 5.27 5.18 2.01 2.72 3.97 3.52 3.98 3.35 3.33 596380
0.00 3.05 3.92 5.52 5.73 5.64 3.19 2.38 5.00 6.40 8.10 0.00 3.87 5.44 6.74 6.77 2.16 3.77 6.61 8.47 3.80 4.86 0.00 0.00 5.18 2.03 2.71 4.54 3.28 4.00 3.35 0.00 609470
0.00 3.06 3.91 5.46 5.72 5.64 3.19 2.54 0.00 6.34 8.22 0.00 3.87 5.43 6.74 6.76 2.09 3.80 6.63 8.48 3.81 4.86 0.00 0.00 5.19 2.03 2.72 0.00 0.00 3.98 3.39 0.00 622560
0.00 3.06 3.91 5.45 5.73 5.63 3.19 2.39 5.13 6.37 8.22 0.00 3.87 5.44 6.73 6.76 2.08 3.84 6.64 8.43 3.79 4.85 0.00 5.26 5.18 2.02 2.72 0.00 3.30 4.02 3.36 0.00 635650
0.00 3.07 3.91 5.53 5.72 5.63 3.19 2.52 5.19 6.43 8.22 0.00 3.87 5.43 6.73 6.75 2.09 3.77 6.64 8.41 3.78 4.86 0.00 0.00 5.19 2.03 2.71 0.00 3.35 4.04 3.39 0.00 648740
0.00 3.05 3.94 5.53 5.73 5.63 3.18 2.53 5.15 6.45 8.20 0.00 3.87 5.39 6.73 6.75 2.08 3.78 6.63 8.41 3.79 4.87 0.00 5.20 5.17 2.04 2.72 0.00 3.36 4.08 3.35 0.00 661830
0.00 3.06 3.95 5.54 5.78 5.63 3.18 2.41 5.16 6.37 8.21 0.00 3.86 5.40 6.74 6.75 2.08 3.78 6.62 8.23 3.79 5.57 0.00 0.00 5.17 2.03 2.72 0.00 0.00 4.08 3.38 4.27 674920
0.00 3.05 3.92 5.42 5.75 5.62 3.18 2.53 5.08 6.42 8.22 0.00 3.87 5.42 6.74 6.75 2.08 3.80 6.62 8.17 3.79 5.57 0.00 0.00 5.17 2.06 2.72 3.92 3.84 0.00 3.39 0.00 688010
0.00 3.07 3.94 5.50 5.76 5.62 3.19 2.51 5.04 6.37 8.21 0.00 3.87 5.43 6.73 6.76 2.07 3.80 6.62 8.17 3.80 4.87 0.00 5.27 5.18 2.02 2.72 3.94 3.24 4.11 3.37 0.00 701100
0.00 3.06 3.95 5.50 5.74 5.63 3.19 2.50 5.02 6.38 8.21 0.00 3.89 5.75 6.75 6.77 2.08 3.77 6.61 8.39 3.80 4.96 0.00 0.00 5.17 2.03 2.72 0.00 3.22 4.10 3.38 4.11 714190
0.00 3.06 3.93 0.00 5.74 5.62 3.19 2.57 4.89 6.36 8.20 0.00 3.88 0.00 6.72 6.76 2.08 3.84 6.61 8.35 3.80 4.89 0.00 0.00 5.18 2.06 2.71 0.00 3.21 4.11 3.35 3.53 727280
0.00 3.06 3.92 0.00 5.74 5.62 3.19 2.50 4.96 6.31 8.20 0.00 3.88 5.55 6.71 6.75 2.08 3.84 6.60 8.35 3.80 5.56 0.00 0.00 5.17 2.03 2.73 0.00 3.16 4.26 3.35 4.06 740370
0.00 3.06 3.92 0.00 5.75 5.62 3.18 2.47 4.98 6.46 8.21 0.00 3.89 5.42 6.71 6.76 2.08 3.87 6.61 8.36 3.80 4.86 0.00 0.00 5.15 2.02 2.72 0.00 3.16 4.04 3.34 3.48 753460
0.00 3.07 3.93 0.00 5.77 5.63 3.19 2.46 4.99 6.31 8.21 0.00 3.89 5.37 6.76 6.75 2.08 3.86 6.61 8.37 3.82 4.88 0.00 0.00 5.19 2.14 2.71 4.20 3.21 4.00 3.35 3.50 766550
0.00 3.08 3.92 0.00 5.77 5.61 3.19 2.26 4.94 6.47 8.20 0.00 3.88 5.57 6.75 6.76 2.08 3.85 6.61 8.87 3.85 4.87 0.00 0.00 4.99 2.07 2.72 4.18 3.19 4.04 3.36 3.43 779640
0.00 3.08 3.95 0.00 5.75 5.60 3.19 2.52 5.09 6.34 8.18 0.00 3.89 5.54 6.75 6.75 2.08 3.85 6.61 8.43 3.84 5.36 0.00 5.21 5.19 2.00 2.72 4.17 3.20 4.02 3.34 3.36 792730
0.00 3.08 3.95 0.00 5.74 5.61 3.21 2.36 4.93 6.30 8.20 0.00 4.09 5.53 6.75 6.77 2.07 3.85 6.62 8.18 3.85 0.00 0.00 0.00 5.00 2.03 2.72 4.15 3.17 3.98 3.34 3.45 805820
0.00 3.12 3.92 0.00 5.76 5.61 3.22 2.40 4.97 6.26 8.17 0.00 4.13 6.10 6.78 6.78 2.08 3.83 6.63 8.21 3.86 0.00 0.00 4.53 4.76 2.02 2.86 4.07 3.20 3.96 3.36 3.39 818910
0.00 3.11 3.90 5.38 5.74 5.59 3.16 2.44 5.35 6.30 8.18 0.00 3.88 5.43 6.77 6.78 2.07 3.62 6.64 8.11 3.82 5.59 0.00 4.79 5.05 2.02 2.83 0.00 3.25 3.97 3.35 3.43 832000
0.00 3.11 3.93 5.55 5.74 5.60 3.16 2.33 5.21 6.43 8.21 0.00 3.85 5.56 6.69 6.76 2.04 3.62 6.64 8.48 3.89 5.57 0.00 4.98 4.67 2.02 2.84 4.07 3.43 4.03 3.38 3.39 845090
0.00 3.11 3.90 0.00 5.77 5.60 3.17 2.46 5.14 6.27 8.19 0.00 3.85 5.44 6.67 6.77 2.06 3.63 6.61 8.53 3.80 5.61 0.00 4.71 4.86 0.00 2.85 3.97 3.21 4.14 3.36 3.93 858180
0.00 3.09 4.02 0.00 5.77 5.59 3.17 2.52 5.21 6.29 8.12 0.00 3.92 5.41 6.53 6.76 2.09 3.86 6.79 8.42 3.79 5.58 0.00 4.80 4.60 2.17 2.85 4.07 3.17 0.00 3.43 3.29 871270
0.00 3.07 3.91 0.00 5.78 5.58 3.19 2.36 5.35 6.31 8.19 0.00 3.96 5.66 6.64 6.79 2.15 3.60 0.00 8.48 3.92 5.58 0.00 0.00 4.66 0.00 2.82 0.00 3.20 4.09 3.39 3.41 884360
0.00 3.04 3.97 0.00 5.77 5.59 3.22 2.61 5.00 6.29 8.19 0.00 3.86 5.53 6.55 6.79 2.12 3.58 6.74 8.49 3.93 0.00 10.59 4.59 4.68 0.00 2.86 4.50 3.32 3.97 3.39 3.39 897451
0.00 3.10 3.95 0.00 5.79 5.56 3.15 2.34 5.08 6.38 8.20 0.00 4.03 6.18 6.51 6.80 2.12 3.56 6.77 8.48 3.83 5.53 10.51 4.51 4.95 2.75 2.97 3.94 3.19 3.97 3.34 3.38 910541
0.00 3.07 3.95 4.20 5.78 5.60 3.23 2.33 4.90 6.29 8.15 0.00 4.00 5.45 6.51 6.78 2.06 3.55 6.67 8.26 3.85 5.58 0.00 4.37 5.01 2.30 2.82 3.96 3.25 3.98 3.49 3.36 923630
0.00 3.04 3.93 3.04 5.78 5.87 3.29 2.35 5.00 6.30 8.20 0.00 3.96 5.79 6.52 6.76 2.06 3.64 6.77 8.12 3.87 5.10 10.93 4.47 5.08 2.03 2.80 4.47 3.39 4.04 3.40 3.35 936721
0.00 3.07 3.92 0.00 5.79 5.64 3.19 2.35 5.08 6.30 8.19 0.00 3.76 5.50 6.49 6.75 2.04 3.58 6.78 8.35 3.97 4.93 0.00 4.53 4.84 2.15 2.78 4.16 3.33 4.14 3.41 3.33 949810
0.00 3.05 3.92 0.00 5.74 5.67 3.23 2.38 5.03 6.39 8.12 0.00 3.86 5.54 6.66 6.80 2.05 3.70 6.75 8.65 3.84 4.95 10.82 4.55 4.70 2.11 2.85 4.26 3.30 3.98 3.40 3.33 962901
0.00 3.06 0.00 0.00 5.75 5.69 3.23 2.27 5.10 6.28 8.18 0.00 4.01 5.67 6.69 6.77 2.05 3.54 6.72 9.06 4.54 4.83 10.97 4.52 5.17 2.14 2.76 4.19 3.19 4.12 3.37 3.44 975991
0.00 3.06 3.91 5.27 5.95 5.72 3.19 2.40 5.04 6.28 8.17 0.00 3.91 5.72 6.50 6.76 2.07 3.87 6.72 8.18 4.02 4.92 10.82 5.30 4.81 2.21 2.75 0.00 3.20 4.00 3.40 3.31 989081
0.00 3.08 3.92 3.34 5.72 5.64 3.56 2.47 5.06 6.25 8.18 0.00 3.75 5.46 6.66 7.10 2.07 3.63 6.55 8.29 3.82 4.94 10.85 0.00 5.05 2.24 2.71 4.19 3.27 3.97 3.38 4.01 1002171
0.00 3.09 3.88 3.36 5.63 5.62 3.25 2.46 5.05 6.33 8.15 0.00 3.77 5.41 6.66 6.73 2.08 3.75 6.78 8.44 3.92 4.98 0.00 5.39 5.11 2.12 2.73 0.00 3.36 4.03 3.37 3.32 1015260
0.00 3.03 3.88 0.00 5.85 5.72 3.27 2.33 5.06 6.38 8.14 0.00 3.92 5.43 7.15 6.76 2.05 3.57 6.72 0.00 3.88 5.18 10.57 4.79 5.28 2.02 2.95 3.99 3.33 4.00 3.43 3.46 1028351
0.00 3.07 3.89 3.38 5.63 5.47 3.29 2.29 4.97 6.46 8.21 8.25 3.96 5.48 6.91 6.77 2.06 3.75 6.61 8.45 4.04 4.84 10.19 4.40 4.96 2.01 2.94 4.28 3.22 4.02 3.41 3.58 1041441
0.00 3.11 4.28 3.37 5.81 5.49 3.23 2.32 5.07 6.30 8.16 0.00 3.90 5.40 6.56 6.77 2.05 3.63 6.69 8.46 3.93 4.80 10.42 4.44 5.06 2.21 2.99 3.86 3.28 3.98 3.43 3.46 1054531
0.00 3.07 3.89 5.26 5.80 5.49 3.24 2.34 4.93 6.45 8.17 0.00 3.84 5.41 6.56 6.79 2.05 3.65 6.69 8.32 4.02 0.00 10.71 0.00 5.08 2.04 2.75 4.54 3.33 4.03 3.43 3.31 1067621
5.49 3.10 3.84 3.57 5.76 5.54 3.29 2.53 5.15 6.39 8.22 0.00 3.82 5.46 6.75 6.76 2.06 3.59 6.65 8.57 3.90 0.00 10.71 4.82 4.88 2.62 2.84 4.46 3.32 4.44 3.35 3.38 1080711
0.00 3.08 3.91 5.43 5.71 5.52 3.17 2.45 5.18 6.46 8.20 0.00 3.73 5.56 6.54 6.80 2.06 3.77 6.66 8.44 4.05 4.88 10.11 4.95 4.96 0.00 2.91 4.14 3.22 4.02 3.40 3.29 1093801
5.46 3.09 3.95 5.46 5.70 5.44 3.28 2.42 5.62 6.43 8.11 0.00 3.84 5.48 6.54 7.44 2.09 3.74 6.86 8.35 3.87 4.93 10.09 4.66 4.82 0.00 2.85 4.57 3.34 4.28 3.43 3.32 1106891
0.00 3.08 3.98 5.16 5.77 5.29 3.15 2.33 5.16 6.43 8.14 0.00 3.84 5.52 6.72 6.82 2.35 3.58 6.96 8.71 3.94 0.00 9.92 4.99 5.19 2.11 2.85 3.95 3.26 4.07 3.38 3.48 1119980
0.00 3.04 4.12 2.97 5.46 5.37 3.26 2.50 5.13 6.40 8.15 0.00 3.79 5.46 6.58 6.82 2.09 4.00 6.58 8.68 3.91 5.21 10.79 4.32 5.08 2.37 2.86 4.53 3.23 4.11 3.46 3.53 1133071
0.00 3.07 3.85 3.25 5.63 5.46 3.16 2.44 5.15 6.38 8.19 0.00 3.83 5.55 6.73 6.77 2.04 3.97 6.43 8.73 3.97 0.00 10.28 4.58 5.30 2.08 2.80 3.81 3.33 4.17 3.45 3.41 1146161
0.00 3.05 3.94 3.88 5.35 5.37 3.20 2.50 5.21 6.42 8.19 0.00 3.98 5.55 6.57 7.57 2.34 3.59 6.73 8.41 3.90 0.00 10.94 5.34 5.10 2.03 2.91 3.83 3.31 4.02 3.44 3.39 1159251
0.00 3.00 3.98 3.28 5.26 5.37 3.21 2.91 5.03 6.22 8.19 0.00 3.84 5.59 6.86 6.93 2.08 3.85 6.17 8.40 3.96 0.00 2.70 4.40 5.45 2.11 2.75 3.86 3.31 4.06 3.36 3.33 1172340
5.63 3.05 3.97 5.43 5.38 5.43 3.25 2.52 5.16 6.51 8.20 0.00 4.05 5.55 6.63 6.79 2.33 3.56 6.70 8.38 3.91 4.81 9.13 3.37 5.22 2.14 2.82 4.74 3.30 4.08 3.33 3.32 1185430
5.69 3.07 3.88 2.88 5.15 5.36 3.18 2.55 5.17 6.47 8.20 0.00 4.10 5.73 6.60 6.83 0.00 3.74 6.52 8.46 3.90 4.84 0.00 2.77 5.52 2.04 2.79 3.81 3.29 4.14 3.37 3.24 1198520
5.50 3.11 4.04 3.02 5.19 5.60 3.26 2.49 5.26 6.44 8.19 0.00 3.90 5.67 6.69 6.74 2.48 3.59 6.60 8.41 3.90 4.73 3.07 4.48 5.38 2.03 2.77 3.74 3.30 4.14 3.35 3.32 1211610
5.62 3.06 4.14 3.19 5.32 5.35 3.26 2.70 4.99 6.53 8.19 0.00 4.05 5.61 6.73 6.82 2.39 3.57 6.50 8.78 3.99 4.79 10.32 4.58 5.14 2.21 2.81 3.74 3.46 4.20 3.35 3.41 1224701
5.05 3.10 4.10 2.46 4.91 5.35 3.14 2.51 0.00 6.46 8.14 0.00 4.00 5.58 6.81 6.98 2.07 3.56 6.59 8.56 3.81 0.00 6.87 4.54 5.20 2.17 2.87 4.00 3.34 4.15 3.36 3.27 1237790
5.51 3.16 4.15 5.18 4.97 5.26 3.17 2.53 0.00 5.99 8.18 0.00 3.97 5.61 6.78 6.95 0.00 3.56 6.66 8.67 3.76 0.00 10.70 5.09 5.49 2.15 2.83 3.71 3.41 4.15 3.35 3.24 1250881
4.93 3.13 4.14 2.23 4.82 5.27 3.23 2.42 5.11 4.83 8.25 0.00 4.10 3.55 6.81 7.00 0.00 3.42 6.25 8.75 3.91 4.63 10.68 3.62 5.33 2.20 2.84 3.75 3.66 4.12 3.40 3.25 1263971
4.63 2.96 4.33 3.23 5.01 4.92 3.13 2.61 5.09 4.77 6.95 0.00 4.02 5.63 6.63 7.29 2.76 3.53 6.27 8.48 4.00 4.85 4.18 4.45 5.61 2.16 2.88 3.74 3.31 4.18 3.41 3.74 1277060
4.24 3.10 4.25 2.65 5.34 4.96 3.18 2.56 5.11 6.65 8.25 0.00 4.12 4.56 6.71 6.91 2.57 3.56 6.50 8.58 3.75 4.69 2.95 4.27 5.35 2.09 3.02 3.70 3.33 2.68 3.41 3.21 1290150
4.40 2.69 4.31 2.69 4.13 4.81 2.33 2.53 0.00 3.26 8.08 0.00 4.11 5.77 7.42 7.00 0.00 3.47 5.79 3.76 3.55 4.51 4.19 4.68 5.61 2.22 2.89 3.78 3.43 4.21 3.42 3.26 1303240
4.28 2.21 4.35 2.22 4.09 3.80 2.83 2.61 5.03 4.18 8.08 3.83 4.18 5.68 6.77 6.96 2.03 3.55 6.36 8.75 3.99 4.49 4.12 3.95 5.63 2.10 3.05 3.61 3.23 4.23 3.34 3.28 1316330
4.21 2.63 4.31 2.84 4.28 4.16 3.15 2.54 4.63 2.80 7.81 0.00 4.28 4.77 6.80 6.94 2.03 3.66 6.49 8.61 3.45 0.00 5.72 4.78 5.73 2.09 3.06 3.60 3.44 4.30 3.44 3.34 1329420
4.12 2.96 4.54 2.65 3.20 3.05 2.69 2.59 3.57 3.02 7.95 7.68 4.50 4.92 6.91 7.25 2.88 3.88 3.18 0.00 3.23 0.00 2.30 4.45 5.17 2.09 2.91 3.85 3.37 4.36 3.49 3.54 1342510
4.02 3.10 4.43 2.34 3.67 2.93 2.77 2.69 2.81 2.53 8.17 0.00 4.11 3.63 6.97 7.12 0.00 3.47 2.92 8.75 3.87 4.61 2.38 4.03 5.31 2.24 2.57 3.60 3.40 4.28 3.46 3.44 1355600
4.07 2.95 3.05 2.50 3.95 3.27 2.80 2.65 4.41 2.80 5.83 0.00 4.13 3.46 7.01 7.13 0.00 3.35 5.18 8.56 3.46 4.40 3.29 0.00 4.17 2.09 3.07 3.58 3.41 4.36 3.70 3.50 1368690
4.05 2.67 4.57 2.71 3.01 3.29 2.99 2.66 2.49 2.79 4.61 0.00 4.28 4.81 7.04 7.24 2.87 3.10 3.96 8.73 2.49 3.67 4.41 2.11 4.34 2.41 3.28 4.20 3.37 4.35 3.19 3.46 1381780
4.45 2.22 4.27 2.48 3.38 3.57 2.14 2.79 2.53 2.44 4.98 2.17 2.79 3.29 7.32 7.23 2.79 2.24 5.08 8.75 4.13 4.18 2.90 2.32 4.38 2.13 3.23 3.73 3.01 4.35 3.83 3.60 1394870
3.91 2.62 4.34 2.55 3.25 3.21 2.42 2.57 2.29 2.85 3.43 6.13 3.48 2.63 6.23 7.17 2.04 3.22 3.95 8.94 2.58 4.46 3.46 2.89 4.24 2.15 2.93 3.77 3.59 4.19 3.34 3.91 1407960
4.83 2.96 4.63 2.63 3.23 3.25 2.75 2.75 4.03 2.55 3.18 2.57 4.56 2.49 7.41 4.16 2.28 2.60 4.90 8.65 3.30 4.38 2.86 2.96 3.74 2.06 2.85 3.35 3.61 3.93 3.61 3.82 1421050
4.50 2.84 4.21 2.71 3.30 3.24 2.21 2.91 2.90 2.36 3.06 4.29 4.56 3.56 4.09 7.27 2.59 3.22 2.78 8.73 3.41 3.90 3.51 2.55 4.40 2.07 3.01 3.56 3.62 4.24 2.70 3.74 1434140
4.42 2.58 3.38 2.41 3.33 2.72 3.10 2.88 2.86 2.35 3.08 0.00 4.42 4.08 6.99 7.28 2.60 3.07 6.67 6.57 4.12 3.90 2.94 3.11 3.25 2.15 2.92 3.53 3.68 4.47 3.97 3.77 1447230
4.54 2.55 3.91 2.25 3.47 2.80 2.99 2.87 2.38 2.26 2.94 7.93 4.55 2.37 5.05 7.34 2.02 2.60 2.43 3.07 3.31 3.97 3.03 5.01 4.49 2.09 2.54 3.47 3.57 4.51 3.31 3.88 1460320
4.61 2.48 4.60 2.44 3.29 2.33 2.84 3.12 3.97 2.80 6.33 2.24 4.39 3.53 2.15 7.56 2.09 3.28 3.44 9.15 3.43 4.23 7.03 3.93 4.44 2.03 3.08 3.96 2.60 3.53 4.48 3.77 1473410
4.57 2.70 4.60 2.50 3.27 2.94 2.91 3.22 4.86 3.47 3.81 0.00 4.92 4.16 6.95 7.41 2.14 3.07 3.92 6.34 2.76 4.34 2.50 2.38 2.85 2.53 3.23 3.58 2.82 3.09 3.42 2.69 1486500
4.97 3.16 4.60 2.30 3.32 2.82 2.86 3.22 2.58 2.60 3.62 3.20 4.55 2.57 7.40 7.44 2.04 3.40 6.66 8.76 3.93 3.86 2.77 2.85 3.55 2.08 3.35 3.52 3.26 2.67 3.32 4.05 1499590
4.40 2.81 4.77 2.54 3.14 3.17 2.47 2.80 2.50 3.33 5.34 7.15 4.60 2.25 5.79 4.47 2.46 2.89 5.21 8.78 4.04 3.82 5.84 3.93 2.87 0.00 3.18 3.53 3.61 4.46 3.45 4.04 1512680
4.86 2.89 3.83 2.39 3.05 3.20 2.27 3.18 3.69 2.35 7.76 4.41 4.23 4.58 7.44 7.37 2.05 3.09 3.76 8.78 4.21 3.78 2.66 5.19 4.54 2.07 3.10 3.43 3.62 4.41 4.10 4.08 1525770
4.68 2.80 4.55 2.55 3.09 3.10 2.60 3.23 2.44 2.26 7.05 7.86 4.83 4.17 7.43 7.45 3.06 2.95 3.19 9.42 4.25 3.96 3.88 4.57 4.10 2.12 3.13 3.55 2.46 4.62 3.89 4.11 1538860
4.82 2.89 4.72 2.45 3.01 3.07 2.57 3.77 2.92 3.24 6.75 3.28 4.64 5.05 7.45 5.04 0.00 3.95 5.48 8.77 3.82 4.34 3.96 2.72 4.87 2.21 3.14 3.43 3.52 4.40 4.46 4.32 1551950
4.76 3.01 4.65 2.78 3.15 2.71 2.81 3.14 3.90 2.36 7.65 7.82 4.53 3.28 7.49 7.74 2.95 3.57 6.26 9.06 4.50 3.99 4.26 5.11 4.32 2.71 3.01 3.21 3.68 4.12 4.46 4.15 1565040
4.74 2.94 5.01 3.11 3.21 2.99 2.79 3.32 3.54 3.47 8.35 0.00 4.53 5.54 7.42 8.10 2.18 3.63 3.00 8.98 3.37 3.81 3.09 0.00 4.11 2.15 3.09 3.47 3.41 4.53 4.37 4.17 1578130
4.24 2.92 4.88 2.71 3.13 2.60 2.84 3.30 2.47 4.51 6.99 0.00 4.55 6.25 7.48 7.45 0.00 3.66 6.47 8.90 4.00 3.94 3.72 4.23 4.33 2.53 3.00 0.00 3.56 4.60 3.82 4.05 1591220
4.92 2.89 4.68 3.15 3.17 2.95 2.82 3.47 4.32 2.40 7.70 0.00 4.56 3.04 7.46 2.80 0.00 3.77 6.33 9.27 3.98 4.05 6.44 4.41 4.07 2.30 2.94 3.52 3.62 4.61 4.37 4.58 1604310
4.76 3.03 4.67 2.64 3.17 3.05 2.80 3.34 3.01 5.85 7.70 0.00 4.86 6.51 7.51 7.23 2.20 3.62 7.02 0.00 3.94 4.27 5.45 4.55 4.32 2.50 3.02 3.37 3.06 4.26 4.38 4.13 1617400
4.66 2.92 4.59 2.74 3.24 3.01 2.63 3.36 4.82 3.98 7.70 0.00 4.73 5.34 7.48 2.44 2.20 3.65 5.41 8.95 3.52 4.00 5.08 4.57 4.29 2.27 2.90 3.33 3.58 4.79 4.26 4.62 1630490
4.70 3.12 4.96 3.01 3.08 2.78 2.87 3.33 3.22 4.08 7.63 0.00 4.83 5.75 7.73 7.58 2.05 3.76 6.37 8.82 4.05 3.77 8.11 4.70 4.36 2.40 2.86 3.45 3.64 4.71 4.43 4.17 1643580
4.65 3.05 4.96 2.78 2.94 2.85 2.69 3.50 5.24 3.56 7.64 8.09 4.92 6.49 7.58 7.45 2.06 3.62 6.63 0.00 3.99 3.80 2.81 4.65 4.39 2.26 2.92 3.38 3.76 4.74 4.42 4.12 1656670
4.64 3.00 4.87 2.61 2.98 2.84 2.57 3.28 3.93 3.25 7.63 0.00 4.80 4.75 7.49 7.43 2.01 3.60 6.02 9.04 3.10 3.84 3.61 4.40 4.10 2.25 2.83 3.74 3.73 4.76 4.43 4.21 1669760
4.89 2.97 4.95 3.36 3.01 2.84 2.56 3.48 4.66 2.27 6.34 8.40 5.18 4.21 7.60 7.26 2.05 3.61 6.56 9.18 2.99 3.93 4.02 4.00 4.47 2.29 2.92 3.36 3.67 4.76 4.45 4.22 1682850
4.71 2.71 4.57 2.37 3.05 2.89 2.49 3.48 4.28 3.80 6.89 0.00 5.10 6.32 7.79 7.56 2.11 3.62 2.21 9.14 3.06 3.75 6.41 4.32 4.26 2.24 2.80 3.40 3.67 4.73 3.72 0.00 1695940
5.17 2.80 4.76 2.87 3.00 2.83 2.31 3.59 2.43 2.95 6.16 7.68 5.05 4.94 7.71 7.55 2.30 3.64 6.18 7.80 3.73 4.02 0.00 3.97 4.23 2.33 2.58 3.18 3.57 4.74 4.50 4.92 1709030
4.90 3.24 4.65 2.56 3.16 2.88 2.64 3.39 2.67 2.49 6.33 6.94 4.27 6.61 7.74 7.93 2.32 3.59 6.40 8.97 3.40 4.08 3.44 2.73 4.17 2.36 2.74 3.15 3.26 4.87 4.25 4.88 1722120
0.00 2.85 4.82 2.65 3.07 2.48 2.36 3.21 3.64 4.28 3.43 7.87 4.69 4.09 7.94 7.79 2.39 3.64 4.52 9.08 3.57 4.06 2.60 3.51 3.57 2.22 2.82 3.52 3.70 4.90 4.48 4.26 1735210
4.25 2.93 4.58 2.68 3.08 2.88 2.51 3.38 3.66 2.75 3.26 3.29 4.74 5.79 7.66 7.42 2.06 3.54 4.09 8.45 3.62 4.46 2.84 2.12 3.89 2.40 2.84 3.22 3.40 3.35 3.97 4.40 1748300
4.72 2.99 4.41 2.36 3.03 2.75 2.53 3.04 2.32 2.26 2.33 4.30 5.20 4.69 4.00 4.12 2.05 3.54 6.24 8.58 3.11 3.91 3.66 2.43 3.02 2.10 2.76 3.12 3.07 4.55 3.27 4.22 1761390
5.50 2.69 4.70 2.35 3.35 2.90 2.43 3.98 2.97 2.34 5.05 7.58 4.35 4.55 4.93 2.85 2.38 3.07 5.56 0.00 3.55 4.11 2.83 2.20 3.05 2.06 2.53 3.11 2.78 2.65 3.35 4.40 1774480
4.56 2.44 2.66 2.27 3.43 2.61 2.29 3.82 2.38 2.28 2.55 4.77 5.06 2.79 4.69 7.85 2.90 3.42 4.88 8.44 2.70 4.27 4.07 3.23 3.11 2.09 3.03 3.18 2.68 2.80 2.96 4.34 1787570
5.33 2.70 4.13 2.72 3.34 2.46 2.62 2.66 2.40 2.31 2.91 2.51 3.70 3.26 6.13 7.64 2.36 2.48 2.33 8.12 3.02 4.58 2.96 2.50 3.39 2.20 2.79 2.55 3.54 4.81 2.79 4.59 1800660
4.78 2.54 4.45 2.41 3.67 2.84 2.74 2.49 2.57 2.24 2.52 2.20 4.07 2.57 4.13 3.01 2.15 2.62 3.62 7.99 2.93 4.52 2.81 3.06 3.34 2.46 3.17 2.92 3.28 2.48 4.13 4.72 1813750
5.61 2.67 3.65 2.68 3.91 2.39 2.72 3.68 2.56 2.24 2.27 3.33 4.39 3.53 3.77 4.12 2.16 2.87 4.06 5.39 2.46 0.00 2.39 2.39 2.81 2.59 3.00 2.85 2.54 2.83 2.27 3.41 1826840
3.08 2.48 4.81 2.43 3.46 2.95 2.59 3.19 2.36 2.48 3.55 2.31 2.54 2.26 2.87 2.52 2.06 3.01 3.11 4.15 2.78 2.20 2.46 0.00 3.92 3.06 2.63 2.56 2.43 3.30 3.41 3.40 1839930
2.75 2.72 2.67 2.60 3.57 3.12 2.75 2.47 2.53 2.39 2.25 3.93 2.82 2.72 2.67 2.47 2.57 2.45 3.58 3.81 2.96 4.76 2.62 3.14 3.61 3.74 3.72 3.17 2.42 2.93 2.99 3.28 1853020
2.59 2.56 2.18 2.21 2.46 3.34 2.69 2.61 2.38 2.57 2.84 3.20 2.43 2.47 2.87 2.48 2.31 2.61 2.28 4.47 2.20 0.00 2.27 2.69 3.97 3.27 3.66 3.17 2.67 2.79 2.67 4.72 1866110
2.13 2.25 2.27 2.31 2.17 3.06 2.77 2.55 2.72 2.41 2.51 3.24 2.33 3.22 2.23 2.23 2.11 2.05 3.39 2.45 3.45 3.30 2.27 2.31 4.08 3.88 2.30 3.11 2.28 3.22 2.52 3.47 1879200
2.09 2.69 2.62 2.25 3.02 2.28 2.12 2.23 2.65 2.66 2.64 2.27 2.64 3.01 3.11 2.67 2.56 3.11 3.29 2.57 2.65 0.00 2.56 2.98 3.22 3.42 3.18 2.65 2.61 2.32 2.29 3.83 1892290
3.47 2.22 3.05 2.39 2.60 2.46 2.32 2.56 2.09 2.32 2.61 2.52 2.42 2.32 4.17 2.29 2.28 2.53 2.57 2.21 2.54 3.43 2.58 2.39 2.93 3.92 3.20 3.13 2.58 3.93 2.41 4.15 1905380
2.70 2.41 2.56 2.90 2.34 2.25 2.56 3.63 3.00 2.22 2.89 2.52 2.07 2.39 2.90 2.74 2.17 2.24 3.14 2.41 2.66 4.85 2.82 3.05 3.68 2.34 3.54 3.43 3.34 2.78 2.29 2.42 1918470
2.18 2.86 4.29 2.76 3.17 2.54 2.62 2.32 2.44 2.26 2.47 3.22 2.21 2.31 2.59 2.15 2.09 2.22 2.52 3.27 3.56 5.42 2.67 2.53 2.74 4.13 2.30 3.42 2.78 2.72 2.67 2.36 1931560
3.11 2.30 2.77 3.04 3.56 2.17 2.73 2.49 2.50 2.41 2.82 2.59 2.38 2.30 3.88 2.52 2.31 2.59 2.97 2.23 3.42 2.85 2.55 2.36 3.09 3.04 2.12 3.42 2.65 2.55 2.15 2.58 1944650
2.62 2.22 2.51 2.51 2.71 2.52 2.29 2.41 2.86 2.79 2.44 2.35 2.76 2.56 2.39 2.14 2.33 2.45 2.57 2.84 2.08 2.99 2.42 2.17 2.76 2.44 2.40 2.07 2.99 2.31 2.43 4.07 1957740
2.78 2.36 2.58 2.40 3.13 3.56 2.93 2.37 2.17 2.20 2.31 2.38 2.47 2.45 2.55 3.44 2.08 2.82 3.16 3.66 3.93 0.00 2.94 2.36 2.86 2.20 2.44 3.78 2.56 2.38 3.14 3.90 1970830
3.22 2.52 4.48 2.36 2.55 2.72 2.72 3.42 2.89 2.66 2.53 3.41 2.31 2.25 2.44 3.37 2.40 2.45 3.23 0.00 2.43 2.55 2.48 2.09 2.63 2.38 2.37 2.34 2.57 2.90 2.53 4.18 1983920
2.71 2.28 3.27 2.57 2.18 2.87 2.47 2.30 2.89 2.68 2.28 2.34 2.58 2.40 2.31 2.82 2.25 2.45 2.35 3.55 2.71 2.74 3.19 2.11 2.09 2.05 2.16 3.48 2.34 3.50 2.44 2.25 1997010
3.06 2.39 2.87 2.16 2.78 2.75 2.26 2.25 2.42 2.57 2.57 2.15 2.70 2.54 2.80 2.93 2.18 3.02 2.20 2.50 2.33 0.00 2.70 2.64 2.97 2.50 2.15 3.30 2.43 2.35 2.68 2.53 2010100
3.65 2.68 2.32 2.51 3.49 2.46 2.29 2.92 2.69 2.53 2.82 3.29 3.20 2.63 2.33 2.51 2.09 3.01 2.58 3.29 2.66 4.48 2.47 3.13 2.36 3.00 2.55 2.46 3.10 2.53 2.75 2.23 2023190
2.56 2.77 2.75 2.74 2.88 2.63 2.92 2.91 2.38 2.93 2.59 3.72 2.69 3.00 2.50 2.26 2.49 2.28 2.54 2.78 2.40 3.31 2.27 2.46 2.61 2.44 2.38 2.82 3.38 2.49 2.28 3.76 2036280
3.20 2.41 3.18 2.53 2.57 2.81 2.18 2.71 2.48 2.31 2.56 2.54 2.54 2.51 2.38 2.51 2.28 3.27 2.58 2.84 2.35 2.50 2.73 2.20 2.87 4.33 2.36 2.97 2.74 3.17 3.07 3.58 2049370
3.26 2.14 2.88 2.30 2.85 2.44 2.80 4.06 2.57 2.43 2.69 3.85 2.16 2.16 2.91 4.03 2.71 3.04 4.22 0.00 2.68 6.56 2.63 2.34 2.72 3.83 2.42 3.35 2.68 2.85 2.98 2.46 2062460
3.09 2.27 2.67 2.67 4.49 3.06 2.99 2.79 2.35 2.53 3.31 2.95 2.33 2.72 2.26 3.30 2.67 2.54 3.21 2.25 2.59 2.32 2.54 2.35 2.62 3.66 2.37 3.76 2.42 2.97 2.92 4.92 2075550
2.22 2.69 3.27 2.19 5.61 2.57 3.05 2.66 2.88 2.32 2.55 3.95 5.18 2.38 6.51 4.32 2.39 2.66 2.35 2.49 2.35 0.00 2.38 2.36 4.20 4.12 4.25 2.19 2.65 2.64 3.36 2.79 2088640
2.99 3.10 2.69 2.55 3.71 2.15 3.16 2.89 2.66 2.42 2.48 3.07 4.77 2.39 3.93 2.02 2.11 3.24 2.77 3.15 2.30 0.00 2.62 2.64 2.63 3.84 2.78 3.19 2.66 4.14 3.90 5.31 2101730
3.32 2.76 4.66 2.21 3.34 3.01 3.06 2.98 3.02 2.28 3.92 3.11 4.18 2.34 6.58 6.88 2.78 3.13 2.42 4.37 2.81 0.00 2.51 2.54 3.19 3.84 4.07 3.93 2.54 5.26 4.13 0.00 2114820
4.16 2.75 3.89 2.23 6.34 2.24 2.40 3.29 2.30 2.30 3.07 2.70 0.00 2.34 6.45 8.20 2.82 3.33 3.93 4.70 4.23 6.30 3.60 2.15 2.95 3.84 4.29 3.49 2.76 2.68 4.27 4.11 2127910
5.64 2.68 4.49 2.23 6.47 3.03 2.26 3.25 2.22 2.55 2.34 4.00 3.36 2.29 8.39 7.92 2.04 2.92 2.54 8.91 4.23 6.51 3.68 2.31 2.64 3.39 3.54 3.04 2.53 5.61 2.77 6.73 2141000
3.14 2.99 4.58 2.81 5.81 3.41 3.39 4.83 2.86 2.59 3.97 4.02 4.82 3.22 7.15 6.06 2.43 3.15 2.50 6.61 2.53 0.00 3.54 2.87 2.39 3.89 3.92 3.53 2.59 2.92 3.27 0.00 2154090
5.16 2.58 3.64 2.52 3.21 3.27 3.26 4.99 2.73 2.74 3.30 4.08 3.52 2.74 8.42 7.20 2.26 3.29 4.47 8.55 2.68 0.00 2.40 3.15 4.72 3.81 2.36 3.46 2.63 3.44 3.89 7.07 2167180
4.98 3.01 4.59 2.61 6.68 7.50 2.95 4.56 2.58 2.82 3.17 3.58 3.25 5.98 8.41 5.15 0.00 3.54 5.08 7.28 4.17 0.00 2.86 3.40 3.45 3.99 3.85 3.36 3.26 4.86 5.54 6.68 2180270
5.29 2.85 4.48 2.18 6.73 2.50 3.19 4.59 3.30 3.27 3.88 3.91 5.38 2.41 8.41 7.93 2.54 3.39 5.99 8.73 3.91 6.48 3.28 3.57 5.02 3.73 3.44 3.46 3.36 4.54 4.56 6.41 2193360
5.59 2.74 4.34 2.47 4.58 3.30 3.25 4.98 2.42 2.63 3.81 4.03 5.46 2.57 8.40 6.81 2.90 3.50 5.96 8.43 3.52 0.00 2.66 3.61 4.39 3.82 3.47 3.43 4.63 5.51 5.39 0.00 2206450
5.38 3.08 4.42 2.34 6.78 7.69 2.52 4.96 2.51 2.37 3.88 4.11 5.70 3.96 8.38 7.92 2.70 3.43 6.25 7.38 4.88 0.00 2.41 2.37 5.18 3.89 3.56 3.33 4.53 5.58 5.51 4.25 2219540
5.19 2.99 4.47 2.91 6.80 7.70 3.26 4.74 3.12 2.81 3.89 4.19 5.13 6.65 8.40 6.77 2.74 3.29 6.52 8.49 4.56 0.00 3.40 2.85 4.21 3.74 3.72 3.29 3.13 4.25 5.41 0.00 2232630
5.26 3.05 4.47 2.85 7.04 5.76 3.34 4.91 3.06 3.11 3.93 3.90 5.42 6.10 8.39 8.13 2.79 3.31 4.54 8.56 5.08 0.00 2.19 3.88 5.49 3.75 4.01 3.39 4.72 2.23 5.15 6.81 2245720
5.25 2.73 4.36 3.05 6.88 4.20 3.44 4.85 3.27 3.12 3.55 3.90 5.59 4.05 8.41 7.94 2.43 3.46 4.04 8.43 5.47 6.40 4.05 2.96 4.29 3.73 3.74 3.51 4.65 5.02 5.54 6.84 2258810
5.13 3.12 4.45 2.81 7.09 7.85 3.45 4.96 3.22 3.10 3.88 3.95 5.41 2.59 8.41 7.95 2.11 3.30 6.70 8.66 2.58 0.00 3.81 3.57 5.47 4.03 3.49 3.59 4.63 4.35 5.00 6.58 2271900
4.89 2.88 4.50 2.63 6.98 7.85 3.38 4.88 3.17 3.07 3.86 3.93 5.76 6.21 8.42 8.19 2.03 3.45 6.51 8.60 2.52 6.43 2.81 3.58 5.53 3.68 3.92 3.20 4.83 5.59 5.19 6.71 2284990
4.96 2.99 4.46 2.62 7.00 5.96 3.29 5.21 3.20 2.90 3.83 4.01 0.00 7.43 8.41 8.03 0.00 3.30 6.70 8.82 5.30 6.48 2.77 2.87 5.59 3.85 3.80 3.30 4.56 5.57 4.22 6.62 2298080
4.94 3.05 4.50 3.02 6.47 6.41 3.37 4.83 3.08 2.65 3.85 3.91 5.62 7.56 8.42 8.08 2.38 3.29 6.27 8.38 5.10 0.00 7.74 4.64 5.72 4.03 3.76 3.80 4.75 5.54 5.09 6.88 2311170
5.16 3.20 4.70 2.81 6.96 7.92 3.56 5.04 2.93 3.04 3.84 3.88 5.70 7.01 8.40 7.88 2.06 3.48 5.72 8.67 3.35 6.64 4.98 3.59 4.90 3.88 3.74 3.49 4.68 5.09 5.15 6.74 2324260
4.96 3.07 4.57 2.59 6.49 7.91 3.38 4.90 3.04 2.97 3.88 3.95 5.70 7.21 8.41 8.05 2.61 3.46 6.05 9.28 4.75 0.00 3.12 4.84 4.92 3.63 3.44 3.64 3.23 5.64 4.95 7.14 2337350
4.72 2.95 4.63 2.96 7.13 3.59 3.20 4.89 3.13 2.86 3.83 4.03 5.48 6.00 8.40 7.92 2.09 3.30 6.52 8.61 4.89 0.00 7.09 4.48 5.68 4.33 3.68 3.36 4.34 5.56 5.01 0.00 2350440
4.84 3.12 4.70 2.51 6.49 6.67 3.38 4.60 3.07 2.49 3.89 4.26 5.46 6.77 8.66 8.17 2.11 3.45 5.91 8.59 5.22 6.40 2.89 3.39 5.94 3.73 3.72 3.63 4.68 5.57 4.84 6.65 2363530
4.99 2.95 4.78 2.59 6.82 6.79 3.36 5.04 3.06 2.88 3.77 4.05 5.59 7.34 8.42 7.99 2.94 3.52 6.35 8.86 4.84 0.00 2.22 2.88 6.03 3.80 3.57 3.36 4.89 5.52 4.57 6.77 2376620
4.68 3.10 4.53 3.10 6.49 5.60 3.33 4.91 3.09 2.48 3.84 4.07 6.28 7.61 8.43 8.46 0.00 3.49 6.19 8.26 5.61 0.00 2.61 3.06 5.48 3.54 3.88 3.37 4.77 2.52 3.41 0.00 2389710
4.66 2.97 5.00 2.88 5.99 7.95 3.29 4.85 3.03 2.99 3.74 4.08 5.71 6.25 8.42 8.11 0.00 3.62 5.63 8.89 4.04 0.00 2.11 3.53 2.56 3.60 3.89 3.27 3.20 4.93 4.91 6.41 2402800
4.65 3.01 4.65 3.21 6.52 4.55 3.40 5.11 3.10 2.84 3.69 4.11 5.57 6.03 8.43 7.94 2.00 3.60 5.97 8.45 5.52 6.71 2.59 4.41 5.79 3.56 3.81 3.48 4.72 5.52 4.98 6.52 2415890
4.58 3.02 4.70 2.68 6.39 7.96 3.14 4.86 2.81 2.91 3.75 4.13 5.77 7.76 8.42 7.88 2.05 3.61 6.18 8.53 2.93 0.00 4.65 2.54 5.65 3.42 3.95 3.96 4.76 5.55 4.81 6.37 2428980
4.59 3.07 4.78 3.20 6.87 7.91 3.26 4.85 3.09 2.81 3.79 4.13 5.94 5.66 8.41 8.14 2.26 4.02 6.42 8.42 5.34 6.91 5.46 4.54 5.55 3.68 3.85 3.51 4.51 5.58 4.90 6.52 2442070
4.45 3.13 4.79 2.54 6.30 7.95 3.14 4.94 2.74 2.73 3.76 4.13 5.74 7.68 8.41 8.14 2.02 3.59 6.64 8.45 3.78 0.00 3.83 3.21 5.63 3.39 3.93 3.28 4.75 5.58 4.95 6.29 2455160
4.25 3.11 4.98 3.30 6.55 7.96 3.18 4.95 3.17 2.86 3.79 4.24 5.90 5.56 8.43 8.35 2.14 3.66 6.05 8.64 5.31 0.00 10.16 4.23 5.66 3.42 3.83 3.54 4.72 5.55 4.83 6.49 2468251
4.36 3.12 4.99 3.19 6.22 8.01 3.24 5.01 3.13 2.87 3.81 4.17 5.88 6.74 8.39 8.06 2.31 3.58 4.89 8.75 5.62 6.69 6.35 4.89 5.89 3.33 4.14 3.56 4.73 5.62 4.84 6.37 2481340
4.55 3.13 4.93 2.94 6.29 7.95 3.35 4.88 3.21 2.86 3.93 4.23 5.71 5.50 8.42 8.05 2.59 4.34 6.25 8.68 5.64 7.09 10.64 3.02 5.48 3.82 4.04 3.56 4.83 5.58 4.79 6.25 2494431
4.22 3.05 4.79 2.98 0.00 7.96 3.32 4.88 3.14 2.93 3.88 4.23 6.24 4.93 8.40 0.00 2.01 3.64 6.38 8.74 5.48 6.75 2.28 0.00 5.57 3.25 3.86 3.62 5.01 5.62 4.87 6.44 2507520
4.20 2.97 4.80 2.91 6.14 7.87 3.26 4.94 3.13 2.94 3.77 4.28 5.77 7.65 8.41 8.07 0.00 3.80 6.21 8.69 5.60 7.36 2.33 4.28 5.85 0.00 3.81 3.77 5.04 5.77 4.77 6.60 2520610
4.17 3.01 4.71 0.00 6.61 7.86 3.26 4.96 3.11 2.89 3.85 4.40 5.82 7.75 8.40 0.00 2.02 3.81 6.35 8.24 4.98 0.00 10.26 4.72 5.71 3.62 3.85 3.22 4.79 5.59 4.84 6.61 2533701
4.37 2.88 4.75 0.00 6.29 7.82 3.30 5.04 3.12 2.91 3.92 4.32 5.75 7.78 8.41 8.29 0.00 3.76 6.60 8.57 5.48 6.98 0.00 3.54 5.99 3.54 3.84 3.20 4.87 5.64 4.78 6.50 2546790
4.66 3.10 4.94 2.87 6.08 7.92 3.35 4.95 3.23 2.87 3.83 5.10 5.64 7.92 8.40 0.00 2.00 3.73 6.31 8.64 5.82 6.86 3.07 4.01 5.94 3.67 3.82 3.17 4.74 5.72 4.84 6.74 2559880
4.23 3.12 4.70 3.00 6.06 7.93 3.40 4.95 3.47 2.79 3.84 4.36 5.78 7.69 8.39 8.12 2.78 3.96 6.13 8.97 5.53 7.47 10.31 4.67 5.93 3.40 3.88 3.31 4.73 5.61 5.24 0.00 2572971
4.30 2.96 4.93 2.95 6.19 7.81 3.24 5.11 3.15 2.82 3.90 4.50 5.63 7.63 8.40 0.00 0.00 3.93 6.87 8.36 5.64 0.00 5.38 3.96 5.75 3.54 3.91 3.44 4.78 5.72 4.73 6.33 2586060
4.14 3.04 4.80 2.52 6.16 7.82 3.31 5.35 3.12 2.77 3.81 4.36 5.66 7.77 8.41 0.00 2.10 3.74 6.22 9.05 5.67 0.00 10.39 4.62 5.72 3.31 4.32 3.24 4.78 5.74 4.73 6.60 2599151
4.14 2.87 4.77 2.81 6.05 7.77 3.16 5.05 3.11 2.82 3.90 4.38 0.00 7.79 8.40 8.27 2.32 3.84 6.72 8.82 5.60 0.00 0.00 4.61 6.36 0.00 3.85 3.66 4.94 5.65 4.67 6.24 2612240
4.12 3.05 4.87 2.66 6.07 7.77 3.51 4.85 3.10 2.83 3.84 4.74 6.13 7.79 8.39 0.00 2.95 3.96 6.65 8.50 5.64 0.00 2.33 5.38 5.75 3.37 3.88 3.34 4.92 5.64 4.85 6.21 2625330
4.12 3.04 4.95 0.00 6.18 7.79 3.21 4.94 3.17 2.80 3.93 4.41 5.80 7.77 8.40 8.25 2.01 3.88 6.05 8.25 5.80 0.00 8.82 4.50 5.89 3.48 3.83 3.31 4.78 5.69 4.77 6.34 2638420
4.13 3.42 4.92 2.90 6.00 7.79 3.38 5.03 3.15 2.81 3.85 4.36 6.11 7.63 8.40 8.39 2.02 3.75 6.75 8.67 5.42 0.00 10.70 0.00 5.99 0.00 3.83 4.09 4.77 5.66 4.77 0.00 2651511
3.79 3.05 4.73 0.00 6.10 7.73 3.16 4.90 3.13 2.84 4.31 4.36 6.08 7.75 8.40 0.00 2.01 3.71 6.33 8.77 5.53 0.00 9.85 4.91 5.97 0.00 4.10 4.41 4.96 5.63 4.72 6.31 2664600
0.00 3.00 0.00 3.17 5.96 7.70 3.19 5.13 3.14 2.88 3.84 4.35 5.97 7.74 8.41 8.28 2.63 3.70 6.47 8.74 5.89 7.04 9.85 5.14 6.04 3.45 3.82 3.38 4.93 5.67 4.73 6.79 2677690
3.81 3.02 4.79 0.00 6.04 7.73 3.17 4.93 3.18 2.75 4.67 4.38 6.09 7.86 8.41 0.00 2.03 3.68 6.50 8.77 5.77 7.02 0.00 5.37 5.89 3.98 3.93 3.34 4.92 5.61 4.73 6.02 2690780
4.43 2.99 4.60 2.97 6.02 7.75 3.14 4.90 3.20 2.79 4.34 4.40 6.15 7.91 8.40 8.38 2.02 3.68 6.45 8.87 5.89 7.62 9.82 4.84 5.94 3.32 3.77 3.31 4.85 5.75 4.78 6.23 2703870
4.21 3.01 5.06 2.67 6.75 7.70 3.22 5.10 3.19 2.73 4.00 4.58 6.61 7.87 8.40 8.34 2.59 3.83 6.23 9.08 6.04 0.00 10.66 5.39 6.04 3.41 3.81 3.88 4.96 5.70 4.75 6.07 2716961
3.92 3.03 5.04 0.00 5.99 7.75 3.25 5.22 3.15 2.80 3.94 4.60 5.84 7.83 8.40 8.32 2.19 3.80 6.60 8.67 5.61 6.99 10.37 5.80 5.95 4.06 3.76 3.69 4.94 5.62 4.85 0.00 2730051
4.12 2.90 4.98 0.00 6.26 8.13 3.27 4.95 3.17 2.76 3.95 4.92 5.89 6.83 8.40 8.21 2.07 3.81 6.24 8.62 5.56 0.00 10.78 5.37 5.82 0.00 3.78 3.77 4.88 5.63 4.80 6.42 2743141
4.14 2.92 4.96 0.00 6.11 7.65 3.13 5.27 3.16 2.72 3.93 4.42 6.46 7.73 8.40 8.21 2.08 3.66 6.61 9.04 6.00 0.00 10.23 4.47 6.27 3.62 3.96 3.55 4.88 5.61 4.72 6.27 2756231
4.05 2.93 5.14 3.81 6.83 7.64 3.17 5.14 3.16 2.86 3.93 4.43 6.26 7.76 8.41 8.32 0.00 3.67 6.46 8.41 5.55 7.69 10.63 4.52 5.75 0.00 3.86 3.52 4.90 5.65 4.72 6.29 2769321
3.91 2.96 5.19 3.40 6.65 7.62 3.14 4.96 3.14 2.66 3.92 4.42 5.81 7.91 8.40 0.00 2.39 3.68 6.34 8.70 5.70 6.88 10.75 4.79 5.73 3.42 3.85 3.52 5.43 5.62 4.69 5.81 2782411
3.74 3.00 5.01 3.04 6.51 7.62 3.10 4.94 3.25 2.58 4.02 4.53 6.15 7.78 8.40 0.00 2.07 3.74 6.39 8.89 5.59 0.00 9.31 5.03 5.80 3.41 3.91 3.78 4.91 5.83 4.75 6.00 2795500
3.84 2.99 4.77 3.24 6.30 7.80 3.11 5.10 3.16 2.64 3.93 4.50 6.83 7.83 8.63 0.00 2.13 3.69 6.60 8.55 5.58 7.11 4.08 5.67 5.80 3.41 3.86 3.42 5.03 5.66 4.72 6.33 2808590
3.86 2.99 4.81 2.78 6.07 7.67 3.15 5.10 3.19 2.52 4.21 4.55 5.96 7.65 8.40 0.00 2.88 3.68 6.95 8.64 6.17 7.30 3.21 0.00 5.54 3.65 3.93 3.54 4.89 5.69 4.70 5.98 2821680
3.80 2.99 5.02 2.78 6.01 7.68 3.23 5.00 3.18 2.53 3.95 4.51 5.95 8.09 8.41 0.00 2.03 3.69 6.29 8.83 5.69 7.20 10.54 4.64 4.75 3.38 3.83 3.58 4.95 5.69 4.71 5.85 2834771
3.52 2.91 5.21 3.20 6.24 7.68 3.11 4.98 3.14 2.49 4.05 4.61 6.19 7.94 8.40 0.00 2.51 3.96 6.21 8.47 6.09 7.70 3.97 4.12 6.06 3.47 3.99 3.52 4.99 5.66 4.73 5.68 2847860
3.72 2.89 4.95 2.56 6.14 7.71 3.23 5.15 3.18 2.57 3.96 4.53 0.00 7.76 8.41 0.00 2.25 3.73 6.49 9.42 5.71 0.00 10.73 4.44 5.61 3.22 3.97 3.71 5.01 5.83 4.74 5.72 2860951
3.47 2.85 4.97 3.66 6.00 0.00 3.09 5.21 3.20 2.56 4.08 4.83 5.81 7.77 8.42 0.00 2.08 3.81 4.80 8.44 5.67 0.00 6.06 4.55 5.75 3.27 3.77 3.67 5.03 5.69 4.73 5.86 2874040
3.45 2.83 4.73 2.71 6.11 7.30 3.20 5.47 2.64 2.58 3.87 4.52 6.30 6.79 8.40 0.00 2.04 3.78 6.71 8.47 5.63 7.08 3.91 3.36 4.35 3.41 3.94 3.32 5.07 5.71 4.87 5.68 2887130
3.61 2.84 4.98 2.95 6.31 7.11 3.43 5.34 3.18 2.50 3.92 4.69 6.68 7.80 8.41 0.00 2.34 3.80 6.11 8.77 2.46 7.12 4.65 4.47 5.35 3.31 4.08 3.97 5.04 5.71 5.02 5.59 2900220
3.51 2.89 0.00 0.00 5.77 7.13 3.19 5.51 2.57 2.46 4.00 4.49 6.18 7.61 8.40 0.00 2.73 3.78 6.32 8.55 5.61 7.03 6.87 4.38 5.20 3.28 3.99 3.84 5.19 6.10 4.77 6.11 2913310
3.46 2.88 5.10 2.60 5.66 6.54 3.12 5.36 3.20 2.48 4.28 5.25 6.73 7.85 8.40 0.00 0.00 3.64 6.74 8.82 4.88 0.00 5.35 4.76 5.27 3.43 3.77 3.41 5.11 5.85 4.68 5.51 2926400
3.52 3.19 4.76 2.53 5.77 6.66 3.27 5.44 3.20 2.48 4.06 4.69 6.62 6.68 8.40 0.00 2.57 3.63 6.23 8.84 5.51 7.78 0.00 4.84 5.81 3.25 3.88 3.51 5.11 5.73 4.71 5.79 2939490
3.59 2.90 4.78 2.10 5.58 7.29 3.32 5.65 2.22 2.52 4.02 4.55 6.31 6.83 8.42 0.00 2.77 3.56 6.44 8.72 5.87 7.60 6.17 4.01 4.22 3.36 3.77 3.59 5.16 5.72 4.72 5.46 2952580
3.57 2.93 4.74 3.52 5.81 6.71 3.43 5.56 3.15 2.60 4.02 4.64 5.81 5.85 8.41 0.00 2.10 3.62 4.35 8.65 5.41 7.20 4.06 4.37 5.13 3.16 3.57 3.58 5.22 5.68 4.69 5.41 2965670
3.72 2.92 5.12 2.79 5.57 7.00 3.35 5.93 3.13 2.47 3.89 4.67 6.23 7.52 8.40 0.00 2.18 3.45 6.32 9.00 5.20 0.00 3.15 0.00 5.50 3.15 3.82 3.72 5.26 5.75 4.72 5.59 2978760
3.49 2.92 4.68 3.08 5.77 6.96 3.25 5.92 3.21 2.50 4.03 4.80 6.12 7.73 8.37 0.00 2.03 3.78 6.52 0.00 3.96 0.00 3.15 5.18 5.26 3.24 3.79 3.78 5.22 5.85 4.69 5.12 2991850
3.40 2.99 4.75 3.92 5.66 6.96 3.57 6.04 3.12 2.45 3.97 5.00 5.72 6.26 8.38 0.00 2.16 3.90 6.08 8.64 5.49 0.00 10.66 0.00 4.47 3.07 3.84 3.95 5.20 5.76 4.71 5.23 3004941
3.58 2.94 5.01 0.00 6.06 6.86 3.28 5.68 2.98 2.47 4.08 4.63 0.00 7.55 8.83 0.00 2.75 3.83 6.21 8.70 5.76 7.35 2.82 3.89 5.18 3.26 3.72 3.75 5.19 5.80 4.77 5.37 3018030
3.65 3.11 5.17 0.00 5.69 6.87 3.33 5.73 3.07 2.54 3.92 0.00 5.91 7.71 8.40 0.00 2.37 3.63 6.36 8.67 6.14 7.30 2.51 4.08 4.28 3.19 3.77 3.67 5.29 5.71 4.77 5.10 3031120
3.31 3.69 5.14 2.88 5.42 6.69 3.45 5.76 3.27 2.50 4.04 4.73 5.81 7.52 8.38 0.00 2.04 3.60 6.83 0.00 5.58 0.00 2.34 4.54 5.17 3.14 3.75 3.83 5.17 6.21 4.86 5.09 3044210
3.31 2.87 4.75 3.30 5.58 6.65 3.20 5.89 2.91 2.32 3.95 4.67 5.68 7.50 8.40 0.00 2.07 3.66 6.60 9.25 5.61 7.28 5.29 0.00 4.14 2.87 3.73 3.97 5.20 5.82 4.79 5.17 3057300
3.61 2.95 4.81 3.01 5.63 6.65 3.51 6.32 2.94 2.35 3.96 4.71 5.97 7.73 8.39 8.13 0.00 3.60 6.32 8.84 5.73 7.15 0.00 4.04 4.24 3.50 3.75 3.90 5.29 6.11 4.81 5.06 3070390
3.36 2.95 4.78 0.00 6.10 6.68 3.63 6.13 2.97 2.46 3.93 4.70 6.04 7.65 8.38 0.00 3.01 4.16 6.17 8.79 5.63 7.16 6.86 5.43 4.47 2.94 3.72 4.14 5.39 5.99 4.96 5.02 3083480
3.34 2.98 5.02 3.30 5.50 6.73 3.43 6.26 3.17 2.33 4.02 4.68 6.11 7.20 8.40 0.00 2.13 3.54 6.19 8.61 6.15 7.25 0.00 5.03 4.23 2.82 3.69 4.44 5.49 5.83 4.86 5.24 3096570
3.55 2.91 4.96 3.21 5.60 6.46 3.47 6.20 2.92 2.33 4.14 4.82 6.12 7.53 8.40 0.00 2.98 3.59 6.26 8.92 5.61 0.00 4.36 5.15 4.25 3.05 3.72 4.35 5.24 5.82 4.85 5.10 3109660
3.52 2.83 4.85 2.95 5.63 6.50 3.56 6.20 2.92 2.28 3.92 4.88 6.28 7.49 8.40 0.00 2.12 3.62 6.35 8.28 6.09 0.00 5.21 4.34 4.06 2.89 3.73 3.99 5.31 5.83 4.86 5.15 3122750
3.41 2.78 5.03 2.76 6.25 6.59 3.32 6.73 3.13 2.36 3.93 4.86 6.17 7.60 8.41 0.00 2.05 3.79 6.50 9.43 0.00 7.42 0.00 4.66 4.06 2.89 3.71 4.18 5.19 5.82 5.00 5.10 3135840
3.37 2.74 4.86 2.78 5.38 6.58 3.63 6.42 2.95 2.50 3.98 4.69 6.26 7.54 8.40 0.00 0.00 4.03 6.73 8.81 5.97 7.15 9.91 0.00 3.92 0.00 3.77 3.93 5.17 5.74 4.98 5.02 3148930
3.32 2.76 4.92 0.00 5.47 6.87 3.28 0.00 2.95 2.59 4.03 4.76 5.93 7.01 8.40 8.13 2.48 3.75 6.54 8.85 5.67 7.08 10.51 3.97 4.01 2.67 3.72 4.20 5.29 5.97 4.90 5.15 3162021
3.24 2.76 5.00 3.46 5.38 7.41 3.29 0.00 2.92 2.49 3.95 4.73 6.67 7.53 8.41 0.00 2.03 3.66 6.31 8.84 0.00 7.05 10.52 5.57 4.02 2.67 3.71 4.25 5.21 6.09 5.43 5.19 3175111
3.23 2.78 5.01 3.00 5.48 6.58 3.36 6.50 2.91 2.49 3.96 4.74 6.48 7.49 8.41 0.00 2.06 3.69 6.62 8.57 5.90 0.00 10.43 0.00 4.00 2.94 3.77 4.25 5.29 5.80 4.91 5.10 3188201
3.29 2.85 4.97 2.90 5.37 6.73 3.23 0.00 2.74 2.43 3.98 4.85 5.90 7.80 8.42 0.00 2.09 3.67 6.35 8.49 5.66 7.04 10.96 5.10 3.93 2.71 3.80 0.00 5.21 5.88 4.91 5.09 3201291
3.27 2.77 4.95 2.88 5.37 6.53 3.78 0.00 2.81 2.44 4.12 4.81 6.43 7.68 8.40 0.00 2.02 3.51 6.58 8.93 5.92 0.00 10.51 4.06 3.94 3.35 3.74 3.98 5.46 5.79 4.94 5.13 3214381
3.27 2.81 5.04 2.95 5.39 6.39 3.30 0.00 2.63 2.36 4.33 5.01 6.07 7.46 8.40 0.00 2.17 3.54 6.52 9.17 5.69 7.09 0.00 4.60 3.98 2.77 3.71 0.00 5.34 5.88 4.83 5.08 3227470
3.24 2.72 5.02 2.88 5.37 6.54 3.33 6.32 3.01 2.36 4.08 4.78 6.28 7.48 8.41 0.00 2.04 3.63 6.16 8.36 5.92 7.23 10.84 5.25 4.12 2.69 3.75 4.41 5.20 5.80 4.89 5.22 3240561
3.18 2.74 0.00 2.89 5.36 6.07 3.21 0.00 2.79 2.35 3.93 4.74 6.09 7.81 8.42 0.00 2.22 3.69 6.57 8.90 0.00 7.10 7.38 0.00 3.90 2.89 3.58 4.02 5.32 5.81 4.87 5.50 3253650
3.16 2.78 4.78 2.80 5.36 6.26 3.36 0.00 2.65 2.95 4.02 4.73 6.57 7.49 8.41 0.00 2.03 3.58 6.37 8.50 0.00 0.00 9.88 5.21 4.25 3.47 3.59 4.23 5.26 5.79 4.90 5.15 3266740
3.14 2.73 4.95 0.00 5.37 6.20 3.51 0.00 2.56 2.38 3.97 4.75 6.04 7.54 8.39 0.00 2.00 3.70 6.22 8.50 0.00 7.14 0.00 4.48 4.10 2.72 3.57 4.10 5.34 5.79 4.84 5.01 3279830
3.19 2.74 0.00 2.87 5.40 6.20 3.54 6.14 2.61 2.38 3.99 4.78 6.13 7.33 8.40 0.00 2.01 3.96 6.60 8.48 0.00 0.00 10.74 5.23 4.25 2.78 3.78 4.40 5.41 5.91 4.85 5.12 3292921
3.56 2.74 4.93 2.88 5.49 6.14 3.26 0.00 2.69 2.47 4.04 4.82 5.95 7.54 8.41 0.00 2.01 3.59 6.28 8.36 0.00 0.00 0.00 5.01 4.03 2.51 3.45 4.14 5.28 5.91 4.88 5.10 3306010
3.22 2.67 5.06 2.90 5.45 6.13 3.43 5.87 2.66 2.43 4.04 4.80 6.19 7.52 8.39 0.00 2.03 3.63 6.67 8.17 0.00 0.00 10.66 4.44 3.91 2.56 3.57 4.02 5.32 5.82 4.89 5.08 3319101
3.23 2.68 5.26 2.79 5.47 6.15 3.59 0.00 2.72 2.32 4.09 4.79 6.06 7.53 8.40 0.00 2.03 3.84 6.53 8.61 5.65 7.79 10.62 4.88 4.21 0.00 3.48 0.00 5.34 5.82 4.86 5.03 3332191
3.20 2.69 4.92 2.75 5.49 6.16 3.43 0.00 2.75 2.34 3.94 4.81 6.16 7.89 8.41 0.00 2.57 3.87 6.81 8.97 5.94 7.12 10.60 5.23 4.03 2.59 3.40 0.00 5.36 5.83 4.84 5.06 3345281
0.00 2.70 5.00 2.84 5.47 6.13 3.50 0.00 2.78 2.38 4.14 4.85 6.26 7.73 8.40 0.00 2.07 3.80 6.20 8.67 6.17 0.00 10.54 5.24 4.31 2.56 3.31 4.36 5.32 5.81 4.97 5.56 3358371
3.36 2.64 5.09 0.00 5.47 6.11 3.80 0.00 2.70 2.40 3.94 4.80 6.12 7.33 8.40 0.00 2.05 3.83 6.32 8.83 5.61 0.00 10.47 5.25 4.05 2.55 3.45 4.04 5.40 5.80 4.85 5.19 3371461
3.34 2.73 5.01 2.83 5.43 6.04 3.48 0.00 2.61 2.42 4.04 4.80 6.36 7.39 8.40 0.00 2.06 3.78 6.38 9.00 5.73 0.00 10.56 5.22 4.15 2.46 3.28 4.24 5.32 5.78 0.00 5.10 3384551
3.24 2.77 5.14 2.84 5.46 6.16 3.60 0.00 2.61 2.36 4.30 4.81 0.00 7.44 8.41 0.00 2.05 3.62 6.36 8.35 5.70 7.10 10.56 5.61 4.04 2.34 3.37 4.07 5.33 6.43 4.98 5.10 3397641
3.13 2.72 0.00 2.54 5.49 6.21 0.00 0.00 2.71 2.41 4.30 4.94 0.00 7.62 8.41 0.00 2.04 3.74 6.87 8.11 0.00 7.10 10.20 4.36 3.98 2.46 3.26 3.99 5.31 5.87 4.88 5.80 3410731
3.17 2.71 5.18 2.55 5.45 6.22 3.35 0.00 2.74 2.41 4.00 4.97 6.33 7.67 8.41 0.00 2.05 3.69 6.29 8.61 0.00 0.00 10.55 0.00 4.07 2.48 3.36 4.11 5.32 5.85 4.83 5.74 3423821
0.00 2.72 4.86 2.53 5.37 6.19 3.45 0.00 2.71 2.46 4.13 4.96 6.26 7.43 8.41 0.00 2.01 3.69 6.33 0.00 5.89 7.35 10.59 5.35 4.55 2.61 3.57 4.34 5.31 5.92 4.87 5.10 3436911
3.24 2.73 4.77 2.57 5.48 6.30 3.48 0.00 2.59 2.41 4.08 4.96 0.00 7.51 8.40 0.00 2.59 3.67 6.90 8.48 0.00 0.00 9.98 5.83 4.07 2.48 3.28 4.28 5.25 5.82 5.42 5.17 3450000
3.16 2.73 0.00 2.53 5.48 6.14 3.97 0.00 2.60 2.38 4.10 4.91 6.20 7.58 8.40 0.00 2.30 3.75 6.39 8.59 5.72 0.00 10.53 5.11 4.05 0.00 3.27 4.32 5.35 5.77 4.93 5.07 3463091
3.17 2.71 5.11 2.55 5.51 6.14 3.33 0.00 2.59 2.43 4.01 0.00 0.00 7.36 8.40 0.00 0.00 4.02 6.08 8.74 0.00 7.34 10.82 5.14 3.98 2.50 3.30 4.20 5.29 5.77 4.81 5.12 3476181
3.31 2.70 4.80 2.56 5.45 6.16 3.30 0.00 2.61 2.40 4.05 4.84 6.07 7.65 8.41 0.00 2.89 3.65 6.33 8.64 0.00 7.67 10.05 4.97 4.07 2.39 3.22 4.19 5.42 5.82 4.93 5.08 3489271
3.21 2.75 4.95 2.53 5.42 6.09 3.47 0.00 2.64 2.36 4.04 0.00 6.36 7.44 8.40 0.00 0.00 3.62 6.72 8.41 5.64 0.00 10.67 5.02 4.07 3.08 3.31 4.46 5.43 5.78 4.82 5.11 3502361
3.25 3.24 4.93 2.55 5.39 6.14 3.31 0.00 2.78 2.37 4.00 4.89 6.37 7.50 8.40 0.00 0.00 3.62 6.45 8.83 0.00 7.20 10.54 4.87 4.02 2.90 3.31 4.23 5.31 5.78 4.84 5.05 3515451
3.19 3.48 5.06 2.57 5.49 6.18 3.49 0.00 2.76 2.41 4.09 5.60 6.18 8.12 8.39 0.00 0.00 3.75 0.00 8.97 0.00 0.00 10.48 5.13 3.98 2.91 3.33 4.32 5.28 5.80 4.77 5.12 3528541
3.30 2.78 0.00 2.56 5.47 6.25 3.31 0.00 2.58 2.49 4.36 5.30 0.00 7.36 8.41 0.00 0.00 3.86 6.20 9.29 0.00 0.00 10.18 5.15 4.20 2.50 3.31 4.11 5.66 5.84 5.02 5.14 3541631
3.35 2.72 5.06 2.59 5.40 6.07 3.44 0.00 2.69 2.49 4.11 4.87 0.00 7.29 8.41 0.00 2.88 3.85 6.77 8.87 5.72 7.11 10.74 0.00 4.12 2.70 3.34 4.31 5.29 5.80 4.81 5.09 3554721
3.41 2.66 5.06 2.66 5.32 6.19 3.70 0.00 2.78 2.39 4.26 4.80 6.41 7.39 8.41 0.00 2.90 3.77 6.44 8.39 0.00 7.09 10.53 5.20 4.17 2.29 3.28 4.66 5.27 5.76 5.43 5.05 3567811
3.25 2.72 5.32 2.56 5.31 5.91 3.33 0.00 2.72 2.47 4.04 4.85 0.00 7.37 8.41 0.00 2.94 3.93 6.21 8.28 0.00 7.17 10.20 5.57 4.27 2.87 3.29 4.42 5.55 5.96 4.81 5.07 3580901
3.22 2.71 5.07 0.00 5.33 5.80 3.53 0.00 2.57 2.45 4.15 4.84 0.00 7.24 8.42 0.00 2.91 4.33 6.23 8.92 0.00 7.24 10.66 0.00 3.98 2.44 3.40 4.62 5.59 5.80 4.84 5.09 3593991
3.33 2.68 5.03 2.88 5.50 5.89 0.00 0.00 2.64 2.42 4.08 4.83 6.16 7.35 8.40 0.00 2.96 3.71 6.90 8.73 0.00 0.00 10.55 5.14 4.22 0.00 3.21 4.74 5.39 5.81 4.80 5.14 3607081
3.25 2.69 0.00 3.60 5.62 6.04 3.35 0.00 2.60 2.55 4.06 4.86 0.00 7.47 8.40 0.00 2.89 3.68 6.27 0.00 0.00 0.00 10.51 4.13 3.98 2.72 3.14 4.79 5.42 5.79 4.81 5.10 3620171
3.23 2.71 5.32 2.58 5.48 5.98 3.49 0.00 2.66 2.45 4.09 4.85 6.20 7.83 8.40 0.00 2.66 3.71 6.19 0.00 5.70 7.11 9.92 4.43 4.18 2.34 3.10 4.03 5.27 5.77 4.78 5.08 3633260
3.19 2.70 5.03 0.00 5.53 5.92 0.00 0.00 2.56 2.43 4.02 0.00 0.00 7.32 8.41 0.00 0.00 3.84 6.69 8.95 0.00 7.13 10.81 4.43 4.00 2.74 3.29 4.23 5.30 5.78 4.83 5.10 3646351
3.21 2.80 5.06 0.00 5.20 5.92 0.00 0.00 2.69 2.44 4.04 4.81 0.00 7.53 8.41 0.00 3.00 3.72 6.31 8.82 0.00 7.08 10.83 4.43 4.15 2.86 3.15 4.31 5.35 6.08 4.87 5.09 3659441
3.23 2.75 0.00 0.00 5.34 5.93 3.35 0.00 2.65 2.50 4.08 4.80 6.33 7.98 8.41 0.00 2.90 3.64 6.62 8.56 0.00 7.08 10.71 4.41 4.18 2.46 3.13 4.35 5.41 5.78 4.82 5.08 3672531
3.28 2.66 0.00 0.00 5.51 5.94 3.28 0.00 2.54 2.43 4.07 4.86 6.25 7.57 8.40 0.00 0.00 3.71 6.30 8.73 0.00 7.09 10.73 5.20 4.76 2.83 3.14 4.20 5.39 0.00 4.78 5.05 3685621
3.34 2.62 5.01 2.56 5.28 5.94 0.00 0.00 2.53 2.42 4.07 5.55 6.06 7.65 8.40 0.00 3.02 3.72 6.53 0.00 0.00 0.00 10.73 5.30 4.25 2.34 3.21 4.30 5.31 5.78 4.89 5.07 3698711
3.22 2.63 5.09 2.88 5.33 5.95 0.00 0.00 2.52 2.44 4.09 4.90 6.11 7.47 8.40 0.00 3.02 3.73 6.46 8.77 0.00 7.13 10.75 0.00 4.07 2.80 3.12 4.35 5.30 0.00 4.84 5.07 3711801
3.20 2.66 4.83 2.90 5.11 5.95 3.54 0.00 2.59 2.50 4.06 4.89 6.22 7.65 8.41 0.00 0.00 3.86 7.08 9.29 6.39 0.00 10.85 4.01 4.34 2.53 3.10 4.47 5.38 0.00 4.81 5.66 3724891
3.18 2.74 4.94 0.00 5.22 6.07 3.58 0.00 3.05 2.39 4.07 4.91 6.30 7.47 8.41 0.00 3.04 3.91 6.42 9.40 5.73 0.00 10.89 4.41 4.25 2.55 3.03 4.44 5.36 5.78 4.78 5.33 3737981
3.24 2.66 0.00 0.00 5.45 6.02 4.29 0.00 2.47 2.43 4.07 5.22 6.33 7.34 8.40 0.00 0.00 3.71 6.13 8.96 0.00 7.08 10.74 4.33 3.97 2.59 3.22 0.00 5.37 5.88 4.82 5.71 3751071
3.85 2.65 5.17 2.87 5.13 6.09 3.77 0.00 2.51 2.56 4.37 4.89 6.15 7.35 8.40 0.00 0.00 3.71 6.33 9.19 6.37 7.09 10.95 4.41 3.95 2.29 3.11 4.38 5.58 5.78 5.22 5.02 3764161
3.22 2.76 5.18 2.86 5.40 6.64 0.00 0.00 2.66 2.39 4.10 4.85 6.24 7.37 8.41 0.00 3.04 3.71 6.22 8.64 0.00 7.09 10.94 4.45 3.95 2.16 3.17 4.31 5.59 6.00 4.77 0.00 3777251
3.36 2.66 4.90 2.85 5.19 6.33 3.75 0.00 2.66 2.56 4.05 4.87 6.10 7.46 8.39 0.00 3.04 3.67 6.33 9.15 0.00 7.11 10.93 3.98 4.10 0.00 3.10 4.32 5.42 5.80 4.77 5.09 3790341
3.52 2.66 0.00 2.98 5.68 6.03 3.58 0.00 2.47 2.43 4.35 4.89 6.10 7.52 8.41 0.00 3.01 3.87 6.73 8.48 0.00 7.14 0.00 4.84 3.98 2.34 3.55 4.17 6.03 5.88 4.78 5.05 3803430
3.25 2.81 0.00 2.85 4.95 6.06 3.35 0.00 2.42 2.40 4.06 4.87 6.17 7.45 8.40 0.00 0.00 3.70 6.10 8.49 5.63 7.08 10.39 4.40 4.05 2.96 3.10 0.00 5.55 5.77 0.00 5.19 3816521
3.22 2.78 5.25 0.00 5.07 5.86 0.00 0.00 2.59 2.51 4.13 4.92 6.16 7.32 8.40 0.00 2.98 3.82 6.14 9.39 6.35 7.12 0.00 0.00 3.99 2.84 3.15 4.31 5.33 6.44 4.84 5.69 3829610
3.30 2.68 0.00 2.90 4.97 5.85 3.70 0.00 2.47 2.42 4.08 4.96 0.00 7.36 8.40 0.00 0.00 3.72 6.19 0.00 5.91 7.12 9.79 4.45 4.07 2.24 3.28 4.18 5.29 5.85 5.58 5.03 3842700
3.27 2.74 5.20 2.56 5.00 5.85 3.75 0.00 2.54 2.36 4.06 4.87 6.13 7.42 8.41 0.00 0.00 3.86 6.21 8.56 0.00 7.16 10.87 4.33 4.00 2.37 3.05 4.47 5.34 5.92 4.92 4.98 3855791
3.37 2.70 0.00 0.00 4.97 5.88 3.36 0.00 2.45 2.33 4.11 5.02 6.34 7.54 8.42 0.00 2.93 3.84 6.39 8.94 0.00 7.15 10.94 4.40 4.00 2.35 3.03 4.58 5.36 5.84 4.77 5.65 3868881
3.35 2.68 0.00 0.00 4.98 5.87 0.00 0.00 2.57 2.37 4.26 4.90 6.09 7.48 8.40 0.00 0.00 3.75 6.31 8.78 0.00 0.00 10.02 4.26 3.99 2.78 3.03 4.06 5.32 5.77 4.91 5.07 3881971
3.25 2.74 0.00 0.00 5.44 5.82 3.62 0.00 2.47 2.32 4.31 4.88 6.31 7.29 8.41 0.00 0.00 3.74 6.63 8.70 0.00 0.00 0.00 3.97 4.17 2.24 2.97 4.19 5.43 5.85 4.79 5.10 3895060
3.43 2.70 0.00 0.00 5.20 5.92 3.31 0.00 2.68 2.35 4.10 5.08 6.19 7.25 8.40 0.00 2.04 3.90 6.62 8.76 0.00 0.00 10.82 4.40 4.09 2.69 2.97 4.17 5.43 5.78 4.80 5.06 3908151
3.23 2.69 0.00 0.00 5.00 5.82 3.49 0.00 2.51 2.35 4.31 4.88 0.00 7.57 8.41 0.00 2.02 3.84 6.59 8.62 0.00 0.00 10.18 3.99 4.11 2.28 2.96 4.48 5.40 6.32 4.83 5.07 3921241
3.45 2.69 5.33 0.00 5.12 5.75 3.51 0.00 2.48 2.29 4.14 4.87 6.33 7.70 8.41 0.00 2.51 3.82 6.63 8.69 0.00 0.00 10.91 4.27 4.04 2.34 2.92 0.00 5.36 5.83 4.77 5.06 3934331
3.26 2.68 5.16 2.93 5.03 6.10 3.36 0.00 3.01 2.29 4.18 4.87 6.27 7.81 8.40 0.00 2.50 3.84 6.44 0.00 0.00 0.00 10.00 4.00 4.27 2.53 2.96 4.18 5.41 5.78 4.79 4.98 3947421
3.27 2.68 0.00 0.00 5.09 5.83 3.44 0.00 2.42 2.33 4.18 4.88 6.35 7.71 8.41 0.00 2.02 3.92 6.58 8.27 0.00 0.00 9.97 3.96 3.95 2.20 2.97 4.13 5.39 5.90 4.81 5.68 3960510
3.57 2.69 0.00 0.00 5.23 5.82 3.39 0.00 2.41 2.28 4.11 4.84 6.31 7.61 8.40 0.00 2.03 3.98 6.53 8.40 0.00 0.00 10.95 5.23 4.35 2.54 3.36 4.09 5.45 5.81 4.79 5.16 3973601
3.40 2.67 5.17 0.00 5.07 5.71 3.42 0.00 2.55 2.34 4.06 4.85 6.30 7.45 8.41 0.00 2.01 3.77 6.41 8.29 0.00 0.00 9.90 0.00 3.97 2.37 2.91 4.93 5.43 6.63 4.90 5.28 3986690
3.29 2.68 0.00 0.00 4.92 5.81 3.46 0.00 2.37 2.25 4.14 4.86 0.00 7.48 8.40 0.00 2.05 3.74 6.41 8.55 0.00 0.00 10.94 0.00 4.04 2.46 2.89 4.26 5.34 5.79 4.81 5.15 3999781
3.32 2.70 4.91 0.00 5.04 5.82 3.35 0.00 2.55 2.30 4.16 4.87 0.00 7.37 8.41 0.00 2.01 3.74 6.38 8.71 0.00 0.00 0.00 4.46 4.03 3.10 3.03 4.37 5.39 6.53 5.56 5.38 4012870
3.26 2.70 0.00 0.00 4.87 5.85 3.38 0.00 2.65 2.33 4.11 4.86 0.00 7.39 8.40 0.00 2.01 3.77 6.37 8.89 0.00 0.00 0.00 3.96 3.98 2.34 3.04 4.23 5.40 5.83 5.08 5.35 4025960
3.33 2.68 5.19 0.00 5.13 5.84 3.50 0.00 2.40 2.37 4.16 5.01 0.00 7.40 8.41 0.00 2.02 3.77 6.18 9.28 0.00 0.00 10.43 4.14 3.92 2.44 3.22 4.25 5.40 5.81 4.81 0.00 4039051
3.32 2.71 0.00 0.00 5.51 5.84 3.36 0.00 2.54 2.28 4.11 5.02 6.16 7.41 8.40 0.00 2.02 3.90 6.27 0.00 0.00 0.00 10.45 3.96 3.96 2.33 2.90 4.25 5.48 5.87 4.79 5.08 4052141
3.32 2.71 0.00 0.00 4.88 5.85 3.33 0.00 2.51 2.38 4.11 4.98 6.14 7.24 8.40 0.00 2.32 3.92 6.55 9.11 0.00 0.00 9.98 4.04 4.17 2.68 2.95 4.80 5.39 5.81 4.82 4.97 4065230
3.45 2.68 0.00 0.00 4.92 5.87 3.31 0.00 2.52 2.31 4.10 5.60 6.29 7.48 8.40 0.00 2.62 4.33 6.66 8.71 0.00 7.52 10.17 4.34 4.05 2.37 3.00 4.27 5.40 5.83 4.91 5.03 4078321
3.32 2.69 5.18 0.00 5.09 5.87 3.34 0.00 2.40 2.33 4.05 4.88 0.00 7.35 8.41 0.00 2.78 3.78 6.39 8.39 0.00 7.44 10.00 4.27 4.13 2.26 3.00 4.25 5.43 5.84 4.81 4.96 4091411
3.23 2.68 5.18 3.13 5.06 5.87 3.31 0.00 2.44 2.38 4.16 4.89 6.40 7.33 8.41 0.00 2.93 3.76 6.66 8.32 0.00 7.52 10.19 5.30 4.03 2.29 3.01 4.18 5.39 5.85 4.89 4.98 4104501
0.00 2.67 0.00 0.00 5.07 5.86 3.31 0.00 2.45 2.33 4.18 5.01 6.38 7.31 8.41 0.00 2.69 3.75 6.87 8.63 0.00 0.00 10.81 4.46 4.23 2.84 2.92 4.15 5.36 0.00 4.91 4.96 4117591
3.62 2.67 0.00 0.00 5.12 5.86 3.34 0.00 2.44 2.42 4.43 5.01 6.41 7.27 8.41 0.00 2.02 3.94 6.78 8.32 0.00 7.52 10.85 5.17 4.45 2.43 3.03 4.18 5.36 5.82 5.30 5.31 4130681
3.50 2.68 0.00 0.00 5.12 5.85 3.29 0.00 2.44 2.38 4.18 5.61 0.00 7.43 8.40 0.00 2.03 3.74 6.61 8.24 0.00 0.00 10.79 4.03 4.17 2.70 3.05 4.15 5.37 5.80 4.79 4.96 4143771
3.49 2.68 0.00 0.00 5.11 5.85 3.30 0.00 2.44 2.30 4.25 5.00 6.27 7.28 8.40 0.00 2.24 3.73 6.44 8.84 0.00 7.75 10.69 4.01 4.38 2.91 3.00 4.18 5.38 5.79 4.83 4.96 4156861
3.36 2.68 0.00 0.00 5.03 5.85 3.33 0.00 2.49 2.34 4.25 4.90 6.27 7.47 8.40 0.00 2.02 3.74 6.44 8.81 0.00 7.51 10.22 4.43 4.06 0.00 3.02 4.21 5.39 5.82 4.89 4.95 4169951
3.26 2.67 0.00 0.00 5.04 5.85 3.33 0.00 2.46 2.31 4.28 4.99 0.00 7.46 8.41 0.00 2.36 3.71 6.28 8.49 0.00 7.23 10.16 4.23 4.59 2.47 3.07 4.20 5.39 5.81 4.87 5.00 4183041
3.28 2.68 0.00 0.00 5.19 5.84 3.36 0.00 2.40 2.40 4.25 4.90 6.36 7.50 8.41 0.00 2.27 3.73 6.29 8.50 0.00 7.33 0.00 4.44 4.15 2.49 3.15 4.21 5.36 5.77 4.82 5.03 4196130
3.32 2.67 0.00 0.00 5.13 5.84 3.32 0.00 2.40 2.34 4.10 5.60 6.41 7.30 8.41 0.00 2.39 3.71 6.30 8.37 0.00 7.23 0.00 4.18 4.36 2.49 3.15 4.16 5.36 5.80 5.53 4.96 4209220
3.31 2.69 0.00 0.00 4.91 5.83 3.33 0.00 2.40 2.35 4.07 5.03 6.21 7.49 8.40 0.00 2.50 3.72 6.28 8.56 0.00 0.00 0.00 4.01 4.01 2.49 3.11 4.18 5.35 5.80 5.02 0.00 4222310
3.36 2.68 0.00 0.00 4.92 5.83 3.35 0.00 2.35 2.33 4.14 5.02 6.23 7.33 8.41 0.00 2.26 3.74 6.68 8.52 0.00 7.39 0.00 4.00 4.12 2.31 3.11 4.90 5.39 5.81 4.82 5.17 4235400
3.40 2.70 0.00 3.06 4.93 5.84 3.33 0.00 2.52 2.34 4.15 5.15 6.28 7.26 8.40 0.00 2.02 3.86 7.19 8.60 0.00 7.20 10.47 3.99 4.06 2.37 3.15 4.22 5.36 5.80 4.90 5.03 4248491
3.36 2.69 0.00 2.95 4.93 5.83 3.33 0.00 2.40 2.40 4.22 5.11 6.20 7.27 8.41 0.00 2.01 3.85 7.18 8.41 0.00 7.50 10.95 3.96 4.12 2.38 3.15 4.23 5.36 5.87 4.92 0.00 4261581
3.31 2.67 0.00 0.00 4.92 5.83 3.30 0.00 2.37 2.39 4.36 5.09 6.28 7.24 8.40 0.00 2.01 3.88 6.79 8.67 0.00 7.51 0.00 3.99 4.35 2.38 3.25 4.20 5.33 5.79 4.94 5.04 4274670
3.27 2.68 0.00 0.00 4.98 5.83 3.30 0.00 2.68 2.36 4.21 5.13 6.28 7.25 8.41 0.00 2.01 3.89 6.47 8.47 0.00 7.39 0.00 3.98 4.03 2.38 2.99 4.18 5.34 5.78 4.88 5.07 4287760
3.25 2.67 0.00 0.00 5.18 5.83 3.36 0.00 2.35 2.37 4.38 5.12 6.30 7.25 8.41 0.00 0.00 3.88 6.83 8.63 0.00 7.49 0.00 3.97 4.13 2.38 2.99 4.19 5.34 5.80 4.81 5.10 4300850
3.25 2.68 0.00 0.00 0.00 5.83 3.35 0.00 2.35 2.36 4.19 5.12 6.28 7.24 8.40 0.00 0.00 3.87 6.85 8.64 0.00 7.47 0.00 3.98 4.08 2.40 2.98 4.19 5.33 5.79 4.80 5.05 4313940
3.30 2.68 0.00 0.00 0.00 5.82 3.40 0.00 2.36 2.36 4.20 5.13 6.30 7.25 8.40 0.00 2.01 3.88 6.46 8.54 0.00 7.48 0.00 3.98 4.14 2.41 3.19 4.17 5.33 5.78 4.80 5.06 4327030
3.27 2.67 0.00 0.00 5.16 5.81 3.36 0.00 2.35 2.37 4.20 5.11 6.29 7.24 8.40 0.00 0.00 3.88 6.48 8.43 0.00 7.47 0.00 3.98 4.13 2.41 3.15 4.16 5.32 5.79 4.79 5.05 4340120
3.26 2.67 0.00 0.00 5.16 5.81 3.36 0.00 2.36 2.37 4.18 5.12 6.30 7.25 8.40 0.00 2.01 3.88 6.49 8.62 0.00 7.45 0.00 4.00 4.13 2.37 3.16 4.15 5.33 5.79 4.79 5.08 4353210
3.25 2.68 0.00 0.00 5.18 5.80 3.35 0.00 2.36 2.36 4.19 5.10 6.31 7.24 8.41 0.00 0.00 3.88 6.48 8.47 0.00 7.46 10.88 3.98 4.20 2.29 3.14 4.15 5.32 5.80 4.79 5.07 4366301
3.25 2.67 0.00 0.00 6.02 5.81 3.35 0.00 2.35 2.35 4.19 5.10 6.31 7.25 8.41 0.00 2.00 3.88 6.47 8.62 0.00 7.43 10.92 3.99 4.14 2.27 3.16 4.15 5.32 5.79 4.79 5.08 4379391
3.25 2.68 0.00 0.00 6.02 5.80 3.33 0.00 2.37 2.37 4.18 5.10 6.30 7.24 8.41 0.00 2.02 3.88 6.64 0.00 0.00 7.42 10.86 3.99 4.08 2.26 3.14 4.16 5.32 5.80 4.79 5.07 4392481
3.24 2.67 0.00 0.00 5.85 5.79 3.35 0.00 2.38 2.38 4.20 5.11 6.30 7.24 8.41 0.00 2.02 3.88 6.47 0.00 0.00 7.42 10.79 3.99 4.07 2.33 3.00 4.15 5.33 5.79 4.81 5.08 4405571
3.24 2.67 0.00 0.00 5.84 5.79 3.35 0.00 2.39 2.37 4.18 5.10 6.30 7.24 8.41 0.00 2.01 3.88 6.45 8.97 0.00 7.44 10.76 3.98 4.04 2.82 3.00 4.17 5.33 5.80 4.80 5.09 4418661
3.26 2.67 0.00 0.00 5.84 5.79 3.35 0.00 2.38 2.38 4.17 5.11 6.30 7.24 8.40 0.00 0.00 3.89 6.48 8.59 0.00 7.42 10.79 3.99 4.04 2.72 3.01 4.16 5.33 5.79 4.80 5.10 4431751
3.25 2.68 0.00 0.00 5.29 5.79 3.35 0.00 2.39 2.38 4.18 5.10 6.31 7.24 8.42 0.00 2.01 3.88 6.41 8.72 0.00 7.44 10.78 3.98 4.08 2.72 3.01 4.17 5.32 5.79 4.79 5.09 4444841
3.26 2.67 0.00 0.00 5.29 5.79 3.35 0.00 2.39 2.38 4.19 5.10 6.29 7.24 8.41 0.00 2.02 3.89 6.41 8.98 0.00 7.44 10.79 3.99 4.09 2.68 3.00 4.16 5.34 5.79 4.80 5.08 4457931
3.24 2.67 0.00 0.00 5.28 5.79 3.36 0.00 2.39 2.38 4.19 5.09 6.30 7.25 8.40 0.00 0.00 3.89 6.41 8.69 0.00 7.42 10.78 3.99 4.10 2.60 2.99 4.17 5.33 5.80 4.79 5.10 4471021
3.26 2.68 0.00 0.00 5.19 5.78 3.35 0.00 2.39 2.37 4.16 5.08 6.30 7.25 8.40 0.00 2.01 3.88 6.40 8.70 0.00 7.43 10.78 3.99 4.13 2.61 3.00 4.17 5.34 5.79 4.80 5.08 4484111
3.26 2.67 0.00 0.00 5.19 5.79 3.34 0.00 2.39 2.38 4.16 5.10 6.29 7.24 8.42 0.00 2.01 3.89 6.40 8.70 0.00 7.49 10.79 3.98 4.15 2.61 3.00 4.17 5.33 5.80 4.80 5.08 4497201
3.25 2.67 0.00 0.00 5.20 5.79 3.35 0.00 2.39 2.37 4.21 5.10 6.29 7.25 8.41 0.00 0.00 3.88 6.41 8.69 0.00 7.49 10.78 3.98 4.13 2.61 3.00 4.17 5.33 5.79 4.80 5.08 4510291
3.25 2.67 0.00 0.00 5.27 5.79 3.35 0.00 2.39 2.37 4.22 5.10 6.28 7.25 8.42 0.00 2.01 3.89 6.41 8.69 0.00 7.50 10.81 3.98 4.14 2.59 3.00 4.17 5.33 5.79 4.79 5.09 4523381
3.25 2.68 0.00 0.00 5.21 5.78 3.36 0.00 2.39 2.36 4.21 5.10 6.30 7.24 8.40 0.00 2.01 3.89 6.41 8.68 0.00 7.49 10.80 3.98 4.12 2.59 2.98 4.17 5.32 5.79 4.79 5.08 4536471
3.24 2.68 0.00 0.00 5.20 5.78 3.34 0.00 2.41 2.37 4.19 5.10 6.30 7.25 8.41 0.00 0.00 3.90 6.41 8.61 0.00 7.49 10.81 3.98 4.13 2.55 2.99 4.17 5.32 5.80 4.80 5.09 4549561
3.26 2.68 0.00 0.00 5.20 5.78 3.34 0.00 2.40 2.36 4.20 5.11 6.29 7.25 8.41 0.00 0.00 3.88 6.41 8.72 0.00 7.49 10.80 3.99 4.38 2.55 2.98 4.17 5.34 5.79 4.79 5.08 4562651
3.24 2.68 0.00 0.00 5.19 5.77 3.34 0.00 2.39 2.36 4.19 5.11 6.29 7.24 8.40 0.00 0.00 3.88 6.40 0.00 0.00 7.50 10.79 3.97 4.40 2.55 2.98 4.17 5.32 5.79 4.80 5.09 4575741
3.26 2.68 0.00 0.00 5.21 5.76 3.35 0.00 2.40 2.36 4.19 5.09 6.29 7.24 8.40 0.00 2.01 3.89 6.39 8.59 0.00 7.50 10.80 3.97 4.39 2.53 2.97 4.18 5.33 5.80 4.80 5.08 4588831
3.25 2.67 0.00 0.00 5.20 5.78 3.34 0.00 2.40 2.37 4.20 5.09 6.29 7.24 8.41 0.00 0.00 3.89 6.39 8.58 0.00 7.50 10.79 3.98 4.40 2.50 2.99 4.18 5.33 5.79 4.80 5.09 4601921
3.24 2.68 0.00 0.00 5.19 5.77 3.35 0.00 2.40 2.36 4.19 5.09 6.29 7.24 8.41 0.00 0.00 3.88 6.40 8.59 0.00 7.51 10.80 3.97 4.40 2.43 2.98 4.17 5.32 5.80 4.80 5.09 4615011
3.25 2.68 0.00 0.00 5.20 5.77 3.35 0.00 2.40 2.37 4.20 5.08 6.29 7.25 8.40 0.00 2.02 3.89 6.40 8.58 0.00 7.52 10.78 3.98 4.40 2.65 3.00 4.16 5.33 5.80 4.80 5.08 4628101
3.24 2.67 0.00 0.00 5.20 5.77 3.34 0.00 2.39 2.36 4.21 5.09 6.30 7.25 8.41 0.00 0.00 3.89 6.40 8.57 0.00 7.52 10.79 3.98 4.40 2.44 3.01 4.19 5.32 5.79 4.80 5.09 4641191
3.25 2.68 0.00 0.00 5.20 5.76 3.35 0.00 2.40 2.36 4.19 5.08 6.29 7.25 8.39 0.00 0.00 3.89 6.39 8.59 0.00 7.51 10.81 3.98 4.41 2.47 3.02 4.18 5.33 5.80 4.79 5.08 4654281
3.26 2.67 0.00 0.00 5.23 5.78 3.34 0.00 2.40 2.36 4.19 5.09 6.29 7.25 8.40 0.00 2.01 3.89 6.40 8.58 0.00 7.59 10.81 3.97 4.20 2.76 3.14 4.17 5.33 5.80 4.80 5.08 4667371
3.25 2.67 0.00 0.00 5.07 5.78 3.35 0.00 2.39 2.36 4.18 5.09 6.29 7.25 8.41 0.00 2.01 3.90 6.40 8.59 0.00 7.76 10.81 3.98 4.39 2.78 3.20 4.16 5.33 5.79 4.80 5.08 4680461
3.25 2.68 0.00 0.00 5.16 5.77 3.35 0.00 2.40 2.37 4.17 5.09 6.29 7.25 8.40 0.00 0.00 3.89 6.41 8.72 0.00 7.53 10.82 3.97 4.39 2.77 3.19 4.18 5.32 5.80 4.80 5.08 4693551
3.25 2.68 0.00 0.00 5.17 5.77 3.34 0.00 2.40 2.36 4.18 5.08 6.30 7.25 8.41 0.00 0.00 3.89 6.46 8.58 0.00 0.00 10.80 3.98 4.39 2.79 3.17 4.17 5.33 5.81 4.79 5.07 4706641
3.24 2.68 0.00 0.00 5.17 5.77 3.35 0.00 2.39 2.36 4.17 5.08 6.29 7.25 8.41 0.00 0.00 3.89 6.71 8.57 0.00 0.00 10.79 3.98 4.40 2.80 3.17 4.17 5.32 5.80 4.79 5.08 4719731
3.26 2.69 5.18 0.00 5.17 5.76 3.34 0.00 2.39 2.36 4.17 5.06 6.29 7.24 8.41 0.00 0.00 3.90 6.70 8.53 0.00 7.69 10.79 3.97 4.39 2.82 3.08 4.18 5.33 5.80 4.79 5.08 4732821
3.25 2.67 5.16 0.00 5.18 5.76 3.35 0.00 2.39 2.37 4.18 5.06 6.29 7.25 8.41 0.00 0.00 3.90 6.69 8.55 0.00 7.53 10.79 3.98 4.40 2.46 3.18 4.18 5.33 5.80 4.80 5.08 4745911
3.24 2.67 5.17 0.00 5.17 5.77 3.35 0.00 2.40 2.36 4.17 5.06 6.30 7.25 8.40 0.00 0.00 3.90 6.70 8.54 0.00 7.52 10.78 3.97 4.41 2.32 3.09 4.18 5.32 5.80 4.79 5.09 4759001
3.26 2.68 5.18 0.00 5.07 5.76 3.35 0.00 2.39 2.36 4.17 5.05 6.29 7.25 8.40 0.00 0.00 3.90 6.68 8.53 0.00 7.76 10.78 3.98 4.41 2.27 3.05 4.18 5.34 5.79 4.79 5.08 4772091
3.25 2.69 5.16 0.00 5.09 5.78 3.35 0.00 2.39 2.36 4.17 5.05 6.30 7.25 8.40 0.00 0.00 3.90 6.70 8.55 0.00 7.72 10.79 3.97 4.16 2.26 3.04 4.18 5.33 5.80 4.80 5.08 4785181
3.25 2.68 5.15 0.00 5.06 5.77 3.36 0.00 2.39 2.37 4.18 5.02 6.29 7.25 8.40 0.00 0.00 3.90 6.68 8.54 0.00 7.75 10.79 3.98 4.15 2.27 3.01 4.18 5.33 5.79 4.79 5.08 4798271
3.25 2.68 5.16 0.00 5.03 5.77 3.34 0.00 2.39 2.37 4.17 5.03 6.30 7.25 8.40 0.00 0.00 3.90 6.70 8.52 0.00 7.78 10.79 3.98 4.14 2.26 3.00 4.18 5.32 5.80 4.80 5.09 4811361
3.25 2.69 5.15 0.00 5.06 5.77 3.35 0.00 2.40 2.36 4.17 5.03 6.30 7.24 8.40 0.00 0.00 3.90 6.70 8.54 0.00 7.78 10.78 3.97 4.42 2.26 3.00 4.19 5.33 5.80 4.80 5.08 4824451
3.25 2.68 5.15 0.00 5.06 5.77 3.34 0.00 2.39 2.37 4.17 5.03 6.29 7.25 8.40 0.00 0.00 3.90 6.71 8.54 0.00 7.78 10.79 3.97 4.42 2.26 3.00 4.18 5.33 5.80 4.79 5.09 4837541
3.25 2.68 5.15 0.00 5.06 5.77 3.35 0.00 2.39 2.37 4.17 5.04 6.30 7.25 8.41 0.00 0.00 3.92 6.71 8.55 0.00 7.77 10.78 3.98 4.42 2.26 2.98 4.18 5.32 5.80 4.80 5.09 4850631
3.25 2.67 5.16 0.00 5.07 5.77 3.35 0.00 2.39 2.36 4.17 5.03 6.29 7.25 8.40 0.00 0.00 3.93 6.71 8.56 0.00 7.77 10.79 3.98 4.43 2.25 2.99 4.18 5.33 5.79 4.80 5.07 4863721
3.26 2.68 5.16 0.00 5.06 5.77 3.35 0.00 2.39 2.37 4.16 5.02 6.28 7.25 8.40 0.00 0.00 3.92 6.70 8.57 0.00 0.00 10.79 3.97 4.41 2.25 2.99 4.19 5.33 5.81 4.79 5.08 4876811
3.26 2.67 0.00 0.00 5.03 5.77 3.35 0.00 2.39 2.37 4.17 5.01 6.29 7.25 8.41 0.00 0.00 3.93 6.69 8.55 0.00 0.00 10.79 3.97 4.42 2.26 3.00 4.19 5.33 5.80 4.80 5.08 4889901
3.25 2.67 0.00 0.00 5.03 5.78 3.35 0.00 2.38 2.36 4.15 5.02 6.29 7.25 8.40 0.00 0.00 3.93 6.72 8.62 0.00 0.00 10.78 3.98 4.42 2.25 2.99 4.18 5.33 5.80 4.80 5.09 4902991
3.26 2.68 0.00 0.00 5.03 5.77 3.35 0.00 2.38 2.36 4.16 5.02 6.29 7.26 8.40 0.00 0.00 3.93 6.71 8.64 0.00 0.00 10.79 3.98 4.42 2.25 3.00 4.19 5.32 5.80 4.79 5.07 4916081
3.26 2.68 0.00 0.00 5.02 5.77 3.36 0.00 2.38 2.36 4.15 5.01 6.28 7.25 8.41 0.00 0.00 3.93 6.70 9.32 0.00 0.00 10.79 3.98 4.42 2.25 3.01 4.18 5.34 5.80 4.80 5.07 4929171
3.25 2.67 0.00 0.00 5.02 5.78 3.35 0.00 2.38 2.36 4.16 5.02 6.28 7.24 8.42 0.00 0.00 3.93 6.71 9.21 0.00 7.76 10.79 3.98 4.43 2.26 3.02 4.18 5.33 5.80 4.80 5.08 4942261
3.24 2.68 0.00 0.00 5.01 5.77 3.36 0.00 2.39 2.37 4.16 5.01 6.29 7.26 8.40 0.00 0.00 3.75 6.71 9.22 0.00 7.77 10.79 3.98 4.41 2.27 3.01 4.19 5.34 5.80 4.80 5.08 4955351
3.26 2.68 0.00 0.00 5.01 5.78 3.35 0.00 2.38 2.36 4.17 5.02 6.28 7.26 8.40 0.00 0.00 3.74 6.73 9.34 0.00 7.75 10.79 3.98 4.42 2.26 3.02 4.17 5.33 5.81 4.80 5.07 4968441
3.26 2.69 0.00 0.00 5.01 5.76 3.36 0.00 2.39 2.36 4.17 5.01 6.29 7.26 8.41 0.00 0.00 3.74 6.70 9.24 0.00 0.00 10.79 3.98 4.40 2.26 3.01 4.19 5.34 5.80 4.79 5.08 4981531
3.25 2.67 0.00 0.00 5.02 5.78 3.36 0.00 2.39 2.37 4.17 5.01 6.28 7.25 8.40 0.00 0.00 3.75 6.70 9.24 0.00 0.00 10.79 3.98 4.17 2.27 3.00 4.17 5.34 5.80 4.79 5.08 4994621
3.24 2.69 0.00 0.00 5.01 5.78 3.36 0.00 2.37 2.36 4.17 5.02 6.29 7.26 8.40 0.00 0.00 3.74 6.71 9.22 0.00 0.00 10.78 3.98 4.17 2.30 3.01 4.19 5.32 5.80 4.79 5.07 5007711
3.26 2.69 0.00 0.00 5.01 5.77 3.35 0.00 2.39 2.36 4.16 5.01 6.28 7.26 8.42 0.00 2.80 3.74 6.70 9.21 0.00 0.00 10.77 3.98 4.20 2.55 3.00 4.19 5.33 5.80 4.79 5.08 5020801
3.25 2.68 0.00 0.00 5.02 5.77 3.35 0.00 2.38 2.35 4.17 5.02 6.28 7.26 8.41 0.00 2.81 3.75 6.70 9.22 0.00 0.00 10.78 3.98 4.18 2.43 3.00 4.18 5.32 5.80 4.80 5.08 5033891
3.25 2.67 0.00 0.00 5.02 5.77 3.36 0.00 2.38 2.37 4.17 5.01 6.28 7.26 8.40 0.00 2.82 3.73 6.70 9.31 0.00 0.00 10.78 3.98 4.17 2.33 3.01 4.19 5.33 5.80 4.80 5.08 5046981
3.26 2.68 0.00 0.00 5.02 5.77 3.36 0.00 2.38 2.37 4.18 5.01 6.29 7.25 8.41 0.00 2.83 3.73 6.69 9.19 0.00 0.00 10.78 3.98 4.19 2.52 3.00 4.19 5.33 5.80 4.80 5.07 5060071
3.25 2.68 0.00 0.00 5.02 5.77 3.36 0.00 2.38 2.37 4.18 5.02 6.29 7.25 8.40 0.00 2.83 3.74 6.70 9.20 0.00 0.00 10.77 3.98 4.18 2.28 3.01 4.18 5.33 5.80 4.80 5.08 5073161
3.24 2.68 0.00 0.00 5.01 5.78 3.36 0.00 2.38 2.36 4.17 5.02 6.30 7.25 8.41 0.00 2.82 3.75 6.71 9.17 0.00 0.00 10.77 3.98 4.16 2.29 2.99 4.19 5.33 5.80 4.80 5.08 5086251
3.26 2.69 0.00 0.00 5.01 5.77 3.35 0.00 2.38 2.36 4.17 5.01 6.28 7.25 8.41 0.00 2.83 3.75 6.70 8.94 0.00 0.00 10.77 3.97 4.01 2.28 2.96 4.19 5.33 5.81 4.78 5.08 5099341