3.33 2.69 0.00 0.00 5.14 5.74 3.33 0.00 2.36 2.37 4.19 4.99 6.30 7.30 8.40 0.00 2.01 3.74 7.10 8.65 0.00 0.00 0.00 3.99 4.01 2.22 3.07 4.20 5.34 5.78 4.82 5.10 9478593
3.32 2.69 0.00 0.00 5.20 5.75 3.33 0.00 2.37 2.38 4.19 5.00 6.30 7.30 8.41 0.00 2.00 3.76 7.05 8.64 0.00 0.00 0.00 3.99 4.02 2.22 3.05 4.21 5.34 5.79 4.83 5.11 9491683
3.32 2.68 0.00 0.00 5.27 5.76 3.34 0.00 2.36 2.38 4.18 5.01 6.31 7.32 8.41 0.00 2.02 3.76 7.06 8.64 0.00 0.00 0.00 3.99 4.02 2.26 3.03 4.21 5.35 5.78 4.82 5.11 9504773
3.33 2.68 0.00 0.00 5.31 5.75 3.33 0.00 2.35 2.39 4.19 5.00 6.32 7.30 8.41 0.00 2.02 3.75 7.07 8.58 0.00 0.00 0.00 3.99 4.20 2.28 3.04 4.22 5.33 5.80 4.82 5.10 9517863
3.33 2.69 0.00 0.00 5.32 5.77 3.33 0.00 2.36 2.39 4.17 5.00 6.32 7.31 8.41 0.00 2.01 3.74 7.04 8.61 0.00 0.00 0.00 3.99 4.20 2.33 3.03 4.25 5.35 5.79 4.83 5.11 9530953
3.32 2.68 0.00 0.00 5.05 5.77 3.33 0.00 2.34 2.38 4.17 5.00 6.32 7.26 8.41 0.00 2.02 4.33 7.10 8.60 0.00 0.00 0.00 3.99 4.04 2.32 3.04 4.26 5.34 5.79 4.81 0.00 9544043
3.30 2.68 0.00 0.00 5.01 5.77 3.32 0.00 2.34 2.38 4.17 5.01 6.29 7.25 8.41 0.00 2.02 3.77 7.06 8.60 0.00 0.00 9.83 3.99 4.04 2.37 3.01 4.26 5.34 5.78 4.82 0.00 9557133
3.28 2.69 0.00 3.11 4.97 5.78 3.32 0.00 2.34 2.35 4.17 5.08 6.32 7.28 8.41 0.00 2.83 3.88 7.10 0.00 0.00 0.00 9.84 4.43 3.96 2.46 3.06 4.20 5.34 5.80 4.82 0.00 9570223
3.28 2.69 0.00 0.00 5.01 5.78 3.33 0.00 2.35 2.33 4.14 5.07 6.29 7.33 8.40 0.00 2.67 3.76 7.43 0.00 0.00 0.00 9.82 4.21 3.99 2.41 3.07 4.05 5.34 5.78 4.84 0.00 9583313
3.34 2.67 0.00 0.00 5.00 5.77 3.33 0.00 2.38 2.37 4.31 4.99 6.32 7.36 8.41 0.00 2.68 3.88 7.43 8.51 0.00 7.41 10.18 3.98 4.33 2.41 3.08 4.23 5.34 5.79 4.83 0.00 9596404
3.28 2.70 0.00 2.96 5.01 5.78 3.22 0.00 2.43 2.35 4.13 5.02 0.00 7.78 8.41 0.00 2.86 3.74 7.43 8.56 0.00 7.36 0.00 3.97 3.95 2.43 3.06 4.34 5.33 5.78 4.82 0.00 9609493
3.33 2.71 0.00 2.90 5.44 5.78 3.35 0.00 2.38 2.37 4.07 5.11 0.00 7.44 8.40 0.00 2.94 4.07 6.69 8.71 0.00 0.00 10.05 3.97 4.38 2.42 3.06 4.36 5.38 5.81 4.84 5.00 9622584
3.28 2.75 0.00 2.95 4.98 5.83 3.57 0.00 2.46 2.51 4.10 4.82 6.44 7.34 8.41 0.00 2.93 3.81 6.35 8.44 0.00 0.00 10.20 4.00 4.03 2.42 3.06 4.42 5.38 5.81 4.87 5.04 9635674
3.31 2.79 0.00 3.15 5.05 5.85 3.60 0.00 2.34 2.37 4.15 5.08 6.27 7.28 8.40 0.00 2.89 3.75 6.66 8.44 0.00 0.00 0.00 4.39 3.94 2.39 3.18 4.16 5.60 5.85 5.09 0.00 9648763
3.31 2.71 0.00 0.00 5.12 5.88 0.00 0.00 2.62 2.43 4.15 5.00 6.27 7.37 8.40 0.00 2.87 3.95 6.69 8.66 0.00 7.43 0.00 0.00 4.36 2.33 3.12 4.52 5.34 5.79 4.86 0.00 9661853
3.33 2.67 0.00 0.00 5.04 5.96 0.00 0.00 2.47 2.46 4.12 4.98 6.30 7.19 8.40 0.00 2.86 3.66 7.32 8.58 0.00 0.00 0.00 0.00 4.11 2.21 2.87 4.40 5.54 5.84 4.85 5.07 9674943
3.31 2.65 0.00 0.00 4.76 5.88 3.56 0.00 2.59 2.40 4.19 4.91 0.00 7.67 8.41 0.00 2.89 3.91 6.56 8.89 6.42 0.00 10.27 5.44 4.14 2.13 2.94 4.19 5.39 5.81 4.89 5.06 9688034
3.34 2.68 0.00 0.00 5.08 5.82 0.00 0.00 2.38 2.69 4.19 4.98 6.21 7.28 8.41 0.00 2.89 3.72 6.78 0.00 5.84 0.00 0.00 4.45 4.03 2.05 2.73 4.76 5.35 5.81 4.89 4.92 9701123
3.48 2.73 4.91 3.03 5.21 5.63 0.00 0.00 2.40 2.48 4.18 5.16 0.00 7.46 8.40 0.00 2.03 3.77 6.72 9.03 5.85 7.20 0.00 0.00 4.03 2.12 2.83 4.21 5.43 5.81 4.82 5.36 9714213
3.31 2.65 0.00 3.12 5.07 5.74 3.68 0.00 2.27 2.53 4.17 5.02 6.75 7.22 8.41 0.00 0.00 4.20 6.54 8.46 0.00 7.13 10.40 5.25 4.09 2.37 2.86 4.11 5.43 0.00 4.94 5.01 9727304
3.37 2.71 0.00 3.09 4.88 5.66 3.36 0.00 2.37 2.62 4.13 4.94 0.00 7.41 8.40 0.00 2.01 3.64 6.23 8.56 5.84 0.00 10.50 4.37 4.02 2.64 3.08 4.67 5.48 5.87 4.83 4.89 9740394
3.54 2.75 0.00 3.11 4.94 5.73 0.00 0.00 2.45 2.59 4.09 5.03 0.00 7.19 8.40 0.00 0.00 3.63 6.46 0.00 0.00 7.15 9.48 4.84 3.96 2.05 2.73 4.75 5.51 5.81 4.79 4.87 9753483
3.41 2.67 0.00 3.15 5.39 5.65 3.55 6.22 2.38 2.52 4.34 5.25 6.27 7.70 8.40 0.00 0.00 3.64 6.51 9.01 6.05 7.14 10.63 4.51 4.16 2.15 2.78 4.21 5.41 5.91 4.82 0.00 9766574
3.33 2.69 0.00 3.26 4.90 5.67 3.58 0.00 2.42 2.49 5.07 5.00 0.00 7.14 8.39 0.00 2.01 3.66 6.29 8.55 5.72 7.35 10.54 3.75 4.08 2.01 2.66 4.70 5.90 5.82 5.09 4.95 9779664
3.41 2.65 0.00 2.94 5.36 5.74 3.29 0.00 2.39 2.43 4.16 0.00 6.30 7.16 8.42 0.00 0.00 3.73 6.58 8.76 0.00 7.17 0.00 4.37 4.38 2.13 2.74 4.39 5.42 5.87 4.88 4.94 9792753
3.34 2.68 0.00 3.12 4.63 5.83 0.00 0.00 2.36 2.49 4.22 5.03 0.00 7.30 8.40 0.00 0.00 3.71 6.43 8.69 0.00 0.00 10.18 5.21 4.06 2.03 2.88 4.34 5.46 5.83 5.02 5.31 9805844
3.42 2.67 0.00 0.00 4.71 5.55 0.00 0.00 2.45 2.57 4.22 5.11 0.00 7.15 8.41 0.00 0.00 4.08 6.41 8.71 5.77 7.21 0.00 0.00 4.04 2.17 2.74 4.39 5.56 5.88 4.83 4.94 9818933
3.38 2.67 5.26 0.00 4.74 5.56 0.00 0.00 2.33 2.52 4.50 5.00 0.00 7.47 8.41 0.00 0.00 3.71 6.57 8.90 0.00 0.00 10.22 4.47 4.13 2.19 2.74 0.00 5.55 5.84 4.83 4.91 9832024
3.35 2.68 0.00 2.96 4.64 5.58 0.00 0.00 2.34 2.54 4.12 5.01 6.31 7.21 8.40 0.00 0.00 3.68 6.49 8.73 5.91 7.17 10.28 5.24 4.09 2.04 2.68 4.23 5.49 5.79 4.80 4.98 9845114
3.47 2.70 0.00 3.05 4.65 5.52 0.00 0.00 2.50 2.49 4.15 5.13 6.32 7.24 8.42 0.00 0.00 3.82 6.74 8.80 5.67 0.00 10.79 4.40 4.08 2.22 2.83 4.67 5.52 6.60 4.83 4.87 9858204
3.47 2.70 0.00 3.14 4.89 5.66 3.70 0.00 2.57 2.43 4.28 4.99 0.00 7.40 8.41 0.00 0.00 3.71 6.35 8.59 5.95 0.00 10.10 4.28 4.08 2.33 2.68 4.54 5.42 6.06 4.83 5.46 9871294
3.40 2.74 0.00 2.95 4.69 5.66 3.59 0.00 2.38 2.74 4.21 0.00 0.00 7.15 8.41 0.00 0.00 3.75 6.61 8.70 0.00 0.00 9.91 3.95 4.16 2.71 2.67 4.37 5.78 5.79 4.90 0.00 9884383
3.44 2.70 0.00 2.93 4.71 5.62 3.86 0.00 2.29 2.44 4.26 5.19 0.00 7.11 8.41 0.00 0.00 3.58 6.22 9.05 0.00 7.25 10.07 4.56 4.09 2.01 2.64 4.27 5.44 0.00 4.87 4.88 9897474
3.42 2.68 0.00 2.66 4.62 5.42 0.00 0.00 2.25 2.49 4.44 5.06 6.29 7.29 8.41 0.00 0.00 3.81 6.30 9.02 5.69 7.33 9.99 4.53 4.38 2.04 2.68 4.56 5.47 5.85 5.57 4.87 9910563
3.40 2.69 0.00 2.97 4.53 5.30 0.00 0.00 2.29 2.43 4.36 5.03 6.30 7.15 8.41 0.00 0.00 3.59 6.63 8.84 0.00 0.00 10.15 4.49 4.04 2.06 2.85 4.68 5.67 5.83 4.93 5.24 9923654
3.39 2.72 0.00 2.96 4.65 5.34 0.00 0.00 2.35 2.43 4.32 5.07 0.00 7.48 8.42 0.00 0.00 3.58 6.61 8.35 5.88 0.00 10.15 4.52 4.21 2.11 2.68 0.00 5.53 5.84 4.96 5.14 9936744
3.39 2.75 0.00 3.04 4.45 5.53 0.00 0.00 2.46 2.52 4.22 5.05 6.31 7.48 8.40 0.00 0.00 3.57 6.34 8.52 0.00 7.14 10.02 4.44 4.12 2.15 2.77 4.57 6.13 5.81 4.89 0.00 9949834
3.34 2.82 0.00 2.63 4.62 5.46 0.00 0.00 2.33 2.40 4.19 4.98 6.30 7.45 8.40 0.00 0.00 4.23 6.58 8.98 0.00 0.00 10.32 4.41 4.08 2.08 2.72 4.77 5.55 5.82 4.87 4.98 9962924
3.44 2.68 0.00 0.00 4.51 5.31 0.00 0.00 2.41 2.48 4.48 5.09 6.29 7.48 8.41 0.00 0.00 3.85 6.56 8.73 5.63 7.24 9.62 4.48 4.22 2.59 2.65 4.51 5.45 5.82 4.85 0.00 9976013
3.50 2.67 0.00 2.69 4.60 5.40 3.76 0.00 2.40 2.41 4.28 5.02 0.00 7.59 8.42 0.00 0.00 3.83 6.62 0.00 5.70 7.44 10.19 4.44 4.23 2.11 2.72 4.52 5.45 5.86 4.95 0.00 9989104
3.41 2.69 0.00 2.69 4.59 5.38 0.00 0.00 2.50 2.48 4.26 5.05 6.25 7.66 8.40 0.00 0.00 3.67 6.63 8.79 5.63 7.22 10.49 4.43 4.06 2.18 2.73 4.46 5.42 5.87 4.83 5.03 10002194
3.46 2.67 0.00 3.12 4.82 5.54 3.76 0.00 2.48 2.41 4.33 5.00 6.26 7.51 8.40 0.00 0.00 3.69 6.86 8.96 5.97 0.00 9.62 4.55 4.09 0.00 2.76 4.46 5.46 5.85 4.82 5.62 10015283
3.75 2.69 0.00 2.92 4.72 5.25 3.76 0.00 2.38 2.64 4.41 5.04 6.26 7.36 8.41 0.00 0.00 3.66 6.62 8.39 5.95 0.00 10.39 4.42 4.04 0.00 2.82 4.49 5.44 5.90 4.88 5.07 10028374
3.49 2.84 0.00 2.92 4.60 5.28 0.00 0.00 2.33 2.45 4.28 5.05 6.32 7.14 8.41 0.00 0.00 3.86 6.46 8.66 0.00 0.00 9.58 4.56 4.14 2.27 2.74 4.53 5.41 5.85 4.87 5.25 10041463
3.34 2.75 0.00 2.94 4.84 5.37 0.00 0.00 2.32 2.44 4.18 5.20 0.00 7.11 8.41 0.00 0.00 3.66 6.69 8.25 0.00 0.00 9.60 4.55 4.15 2.27 2.74 4.57 5.42 5.82 4.86 0.00 10054553
4.07 2.73 0.00 2.80 4.91 5.42 0.00 0.00 2.36 2.43 4.19 5.10 0.00 7.43 8.41 0.00 0.00 3.74 6.34 0.00 0.00 0.00 10.81 4.41 4.13 2.13 2.81 4.43 5.47 6.49 5.58 4.96 10067644
4.07 2.85 0.00 3.90 4.61 5.44 0.00 0.00 2.46 2.43 4.33 5.07 6.38 7.68 8.41 0.00 0.00 3.77 6.62 8.59 0.00 0.00 10.28 4.56 4.36 2.14 2.67 4.98 5.42 5.86 4.83 0.00 10080734
3.37 2.85 5.07 2.96 4.45 5.48 0.00 0.00 2.45 2.49 4.27 5.07 6.32 7.25 8.40 0.00 0.00 3.69 6.93 9.20 0.00 7.28 9.62 0.00 4.13 2.11 2.66 5.19 5.45 5.82 4.88 0.00 10093823
3.45 2.86 0.00 2.66 4.82 5.43 0.00 0.00 2.44 2.49 4.23 5.07 6.31 7.15 8.41 0.00 0.00 3.64 6.32 8.81 0.00 0.00 10.26 4.42 4.07 2.21 2.65 4.53 5.44 5.83 4.88 4.98 10106914
3.97 2.76 4.90 2.97 4.73 5.42 0.00 0.00 2.43 2.56 4.25 5.44 6.31 7.31 8.41 0.00 0.00 3.67 6.87 0.00 0.00 0.00 10.31 4.50 4.09 0.00 2.71 4.87 5.46 5.85 4.99 4.90 10120004
3.36 2.76 0.00 2.96 4.79 5.56 0.00 0.00 2.47 2.49 4.25 5.29 6.26 7.51 8.41 0.00 0.00 3.68 6.25 8.83 0.00 0.00 10.18 4.44 4.34 2.19 2.80 4.74 5.45 5.94 4.86 0.00 10133094
3.38 2.76 0.00 2.64 4.77 5.57 0.00 0.00 2.48 2.49 4.25 5.09 0.00 7.54 8.41 0.00 0.00 3.70 6.38 8.71 0.00 7.40 10.25 4.41 4.65 2.62 2.77 4.79 5.44 0.00 4.86 0.00 10146184
3.39 2.76 5.28 3.00 4.66 5.58 3.31 0.00 2.49 2.45 4.29 5.28 6.29 7.43 8.40 0.00 0.00 3.69 6.38 8.94 0.00 7.40 10.13 4.42 4.10 2.55 2.78 4.83 5.52 5.83 4.93 0.00 10159274
3.36 2.76 0.00 2.95 4.64 5.59 3.31 0.00 2.34 2.52 4.21 5.31 6.32 7.32 8.42 0.00 0.00 3.79 6.74 8.73 0.00 7.86 10.23 4.49 4.23 2.37 2.79 4.73 5.48 5.90 4.86 0.00 10172364
0.00 2.76 0.00 2.91 4.60 5.60 3.35 0.00 2.35 2.48 4.20 5.32 6.34 7.14 8.41 0.00 0.00 4.10 6.54 8.40 0.00 0.00 10.24 4.44 4.18 2.38 2.79 4.62 5.44 5.84 4.86 4.91 10185454
3.40 2.76 5.24 2.97 4.60 5.60 0.00 0.00 2.44 2.47 4.40 5.28 0.00 7.36 8.42 0.00 0.00 4.09 6.53 8.73 0.00 7.42 10.27 4.04 4.35 2.32 2.76 4.29 5.50 5.84 4.88 4.95 10198544
3.50 2.86 0.00 3.03 4.62 5.60 0.00 0.00 2.46 2.60 4.25 5.25 0.00 7.12 8.42 0.00 0.00 4.08 6.77 8.51 0.00 7.57 10.11 4.06 4.19 2.29 2.76 4.58 5.47 5.87 4.84 4.92 10211634
3.37 2.85 0.00 2.98 4.62 5.60 0.00 0.00 2.36 2.53 4.33 5.07 6.35 7.17 8.41 0.00 0.00 4.20 6.21 8.37 0.00 7.30 10.20 4.05 4.21 2.29 2.75 4.62 5.45 5.86 4.91 4.94 10224724
3.34 2.83 0.00 2.95 4.62 5.55 0.00 0.00 2.44 2.60 4.39 5.10 6.34 7.24 8.40 0.00 0.00 4.12 6.66 8.81 0.00 7.81 10.22 4.06 4.31 2.32 2.76 4.35 5.43 5.84 4.87 4.91 10237814
3.56 2.72 0.00 2.94 4.63 5.56 0.00 0.00 2.37 2.66 4.28 5.08 6.31 7.13 8.41 0.00 0.00 3.59 6.26 8.84 0.00 0.00 10.23 4.32 4.24 2.29 2.75 4.58 5.46 5.86 0.00 4.93 10250904
3.37 2.69 0.00 2.66 4.61 5.62 0.00 0.00 2.42 2.55 4.38 5.21 0.00 7.42 8.41 0.00 0.00 3.81 6.47 8.40 0.00 0.00 10.25 4.33 4.15 2.29 2.71 4.65 5.45 5.84 4.92 4.94 10263994
3.90 2.67 0.00 2.76 4.57 5.67 0.00 0.00 2.38 2.47 4.26 5.04 0.00 7.22 8.41 0.00 0.00 3.71 6.60 8.81 0.00 0.00 10.25 4.35 4.20 2.20 2.69 4.68 5.49 5.83 4.88 4.91 10277084
3.42 2.69 0.00 2.96 4.51 5.46 0.00 0.00 2.44 2.58 4.27 5.05 6.23 7.15 8.40 0.00 0.00 3.65 6.20 8.58 0.00 7.82 10.37 4.30 4.17 2.08 2.69 4.77 5.47 5.83 4.92 4.89 10290174
3.44 2.68 0.00 2.69 4.63 5.50 0.00 0.00 2.41 2.54 4.33 5.03 0.00 7.08 8.41 0.00 0.00 3.59 6.32 8.26 0.00 0.00 10.51 4.44 4.31 2.73 2.77 4.60 5.45 5.92 4.88 4.95 10303264
3.44 2.68 0.00 2.64 4.78 5.36 0.00 0.00 2.31 2.56 4.18 5.18 6.25 7.21 8.42 0.00 0.00 3.64 6.37 8.49 6.41 0.00 10.30 4.40 4.25 2.27 2.75 4.37 5.48 6.13 4.85 5.59 10316354
3.35 2.74 5.27 2.68 4.89 5.31 3.29 0.00 2.49 2.64 4.24 5.07 6.76 7.18 8.40 0.00 0.00 4.04 6.48 8.92 0.00 0.00 0.00 4.41 4.05 2.84 2.77 5.05 5.53 6.24 4.88 4.95 10329443
3.49 2.69 0.00 0.00 4.61 5.13 0.00 0.00 2.45 2.78 4.20 0.00 6.85 7.30 8.40 0.00 0.00 3.67 6.28 8.94 6.24 0.00 10.14 4.38 4.08 2.41 2.70 4.40 5.47 5.87 4.85 4.93 10342534
3.43 2.70 0.00 0.00 4.57 5.29 3.31 0.00 2.36 2.52 4.30 5.05 0.00 6.99 8.40 0.00 0.00 3.72 6.23 8.71 0.00 7.69 10.14 4.57 4.39 2.04 2.63 4.59 5.47 5.92 4.84 4.92 10355624
3.39 2.70 5.15 2.98 4.36 5.29 3.56 0.00 2.32 2.50 4.27 5.07 0.00 7.07 8.41 0.00 2.15 4.12 6.68 9.09 5.90 0.00 9.96 4.90 4.22 2.66 2.61 4.48 5.63 5.89 4.84 4.95 10368713
3.33 2.66 0.00 3.24 4.45 5.24 3.65 5.97 2.46 2.50 4.62 5.11 6.49 7.25 8.41 0.00 0.00 3.65 6.06 8.98 5.85 7.34 9.83 0.00 4.05 2.10 2.57 4.55 5.55 5.84 4.91 5.04 10381803
3.44 2.69 0.00 0.00 4.58 5.32 0.00 0.00 2.33 2.55 4.31 5.06 6.33 7.16 8.40 0.00 2.64 3.71 6.38 8.90 5.70 7.19 10.44 0.00 4.20 2.09 2.63 4.60 5.53 6.61 4.87 4.95 10394894
3.36 2.86 0.00 2.68 4.28 5.19 3.47 0.00 2.45 2.48 4.39 5.06 6.33 7.14 8.40 0.00 2.06 3.65 6.27 8.76 5.77 7.38 9.83 5.23 4.15 2.04 2.70 4.48 5.52 5.86 4.90 4.91 10407983
3.40 2.73 0.00 3.62 4.19 5.39 4.03 0.00 2.38 2.36 4.97 5.30 6.30 7.19 8.40 0.00 2.66 3.52 6.39 8.75 5.88 0.00 9.76 0.00 4.20 2.32 2.62 4.66 5.50 5.91 4.84 4.91 10421073
3.48 2.71 0.00 0.00 4.41 5.30 3.25 0.00 2.26 2.55 4.42 5.81 0.00 7.12 8.41 0.00 0.00 3.56 6.66 8.32 5.90 0.00 9.87 5.32 4.14 0.00 2.64 4.84 5.55 5.86 4.88 5.13 10434163
3.42 2.72 0.00 2.75 5.05 5.10 0.00 0.00 2.30 2.56 4.34 5.15 6.35 7.03 8.40 0.00 3.05 3.67 6.56 8.79 5.79 0.00 9.94 4.54 4.23 2.04 2.47 4.52 5.99 5.90 4.95 4.89 10447253
3.41 2.74 0.00 0.00 4.41 5.16 3.54 0.00 2.36 2.54 4.38 5.08 6.24 6.92 8.42 0.00 0.00 3.94 6.81 8.76 0.00 0.00 9.85 0.00 4.30 2.01 2.62 4.57 5.57 5.86 4.94 5.03 10460343
3.46 2.71 4.70 3.41 4.23 5.14 4.04 0.00 2.42 2.69 4.29 5.13 0.00 7.01 8.41 0.00 0.00 3.59 6.36 8.22 0.00 7.21 9.66 4.03 4.19 2.66 2.57 4.79 5.49 5.87 4.99 0.00 10473433
3.40 2.71 0.00 0.00 4.23 5.28 0.00 0.00 2.28 2.65 4.39 5.18 6.29 6.96 8.42 0.00 0.00 3.67 6.61 8.83 5.72 0.00 9.70 5.38 4.23 2.25 2.62 4.50 5.60 5.88 4.94 4.93 10486523
3.44 2.72 0.00 0.00 4.04 5.06 3.37 0.00 2.26 2.59 4.30 5.14 6.21 7.14 8.42 0.00 2.97 3.83 6.61 8.68 5.89 7.90 10.05 5.33 4.17 0.00 2.69 4.54 5.58 6.05 4.91 4.88 10499614
3.47 2.72 0.00 0.00 3.93 5.09 3.62 0.00 2.32 2.60 4.62 5.23 6.66 6.93 8.41 0.00 0.00 3.71 6.64 8.71 0.00 7.20 10.22 4.92 4.32 2.73 2.65 4.62 5.59 6.10 4.88 5.26 10512704
3.55 2.85 0.00 0.00 3.98 5.23 3.28 0.00 2.26 2.59 4.40 5.18 6.24 7.32 8.41 0.00 2.02 3.56 6.60 8.58 6.48 0.00 9.59 5.16 4.18 0.00 2.65 5.20 5.46 5.87 5.00 4.91 10525793
3.49 2.74 0.00 0.00 3.96 5.10 0.00 0.00 2.36 2.59 4.38 5.22 6.25 7.00 8.40 0.00 2.01 4.32 6.62 8.29 5.66 7.13 10.32 4.06 4.32 2.10 2.65 4.80 5.47 6.20 4.90 4.91 10538884
3.44 2.72 0.00 0.00 3.94 4.99 3.76 0.00 2.27 2.65 4.38 5.25 0.00 7.48 8.41 0.00 2.04 3.80 0.00 8.29 0.00 7.14 10.13 0.00 4.13 2.03 2.68 0.00 5.57 5.93 4.89 0.00 10551974
3.49 2.72 0.00 2.70 4.01 4.83 0.00 0.00 2.41 2.64 4.41 0.00 6.88 7.06 8.41 0.00 0.00 3.63 7.04 8.61 0.00 0.00 9.84 5.13 4.07 2.08 2.67 4.67 5.51 5.87 4.89 4.96 10565063
3.48 2.73 5.40 0.00 3.93 4.89 3.81 0.00 2.45 2.56 4.37 5.86 0.00 7.06 8.40 0.00 2.25 3.66 6.22 8.23 6.04 0.00 10.47 0.00 4.00 2.02 2.67 4.77 5.56 5.84 5.27 4.89 10578154
0.00 2.73 0.00 0.00 4.14 4.85 0.00 0.00 2.36 2.60 4.62 5.27 6.32 7.07 8.41 0.00 2.56 3.79 6.25 8.24 5.77 0.00 10.21 0.00 4.21 2.04 2.66 0.00 5.50 6.55 4.93 4.92 10591244
3.45 2.72 5.08 3.30 3.91 4.84 3.35 0.00 2.30 2.53 4.43 5.25 6.60 7.06 8.42 0.00 2.28 3.72 0.00 8.28 0.00 0.00 10.84 0.00 4.01 2.03 2.66 0.00 5.53 5.94 5.00 5.03 10604334
3.50 2.75 0.00 0.00 3.93 4.96 0.00 0.00 2.28 2.69 4.61 5.39 6.36 7.05 8.41 0.00 2.28 3.74 6.84 8.05 0.00 0.00 9.46 5.10 4.02 2.16 2.67 4.55 5.51 5.99 4.92 4.92 10617423
3.46 2.71 0.00 0.00 4.06 4.97 0.00 0.00 2.34 2.56 4.43 5.40 6.16 6.97 8.41 0.00 3.01 3.61 0.00 8.18 5.73 0.00 9.73 0.00 4.00 2.66 2.68 4.68 5.51 5.87 5.04 4.91 10630513
3.48 2.75 0.00 3.44 4.86 4.79 3.34 0.00 2.47 2.51 4.45 0.00 0.00 6.92 8.43 0.00 3.02 3.57 0.00 8.75 6.37 0.00 9.49 5.22 4.01 0.00 2.66 4.75 5.45 5.95 4.95 0.00 10643603
3.57 2.75 0.00 3.39 3.98 4.89 0.00 0.00 2.27 2.57 4.45 0.00 6.35 7.00 8.42 0.00 0.00 3.61 6.56 8.36 6.47 0.00 9.50 0.00 4.14 2.15 2.67 4.78 5.49 5.91 4.97 5.06 10656693
3.49 2.73 0.00 0.00 4.02 5.08 0.00 0.00 2.21 2.50 4.48 5.20 6.29 6.92 8.41 0.00 0.00 3.62 6.89 8.19 0.00 0.00 9.46 4.81 4.12 2.11 2.73 4.66 5.54 5.88 4.91 5.05 10669783
3.55 2.74 0.00 0.00 3.92 4.88 3.37 0.00 2.27 2.71 4.45 5.23 6.32 6.91 8.40 0.00 0.00 3.58 6.82 8.25 0.00 0.00 9.46 5.00 4.11 2.65 2.80 4.76 5.54 5.87 4.91 4.93 10682873
3.49 2.75 0.00 3.54 4.09 4.85 0.00 0.00 2.27 2.61 4.38 5.37 0.00 6.91 8.41 0.00 2.01 3.67 6.28 8.61 0.00 7.90 9.48 0.00 4.03 2.01 2.61 0.00 5.55 5.83 4.99 0.00 10695963
3.46 2.78 0.00 0.00 3.95 4.98 0.00 0.00 2.26 2.66 4.31 5.94 0.00 6.93 8.42 0.00 2.06 3.88 6.24 8.83 0.00 0.00 9.43 0.00 4.24 2.19 2.58 5.01 5.83 6.13 4.93 0.00 10709053
3.55 2.73 0.00 0.00 3.90 5.14 3.33 0.00 2.27 2.65 4.35 5.25 6.17 6.92 8.42 0.00 2.12 3.63 6.29 8.21 0.00 0.00 9.49 4.47 4.68 2.12 2.59 0.00 5.56 5.90 4.96 4.96 10722143
3.51 2.74 0.00 2.97 3.96 4.90 3.96 0.00 2.28 2.53 4.80 5.21 6.77 6.97 8.41 0.00 2.16 4.06 6.33 8.25 0.00 7.22 9.45 4.59 4.06 2.03 2.55 4.74 5.54 6.11 4.90 4.93 10735233
3.43 2.73 0.00 2.85 3.92 5.15 3.79 0.00 2.41 2.57 4.46 5.23 0.00 6.89 8.42 0.00 0.00 3.61 6.61 8.39 0.00 0.00 9.47 4.43 3.97 2.02 2.55 4.57 5.52 5.91 4.93 4.91 10748323
3.48 2.72 0.00 3.07 4.20 5.13 0.00 0.00 2.29 2.60 4.36 5.26 6.19 6.90 8.41 0.00 0.00 3.73 6.52 8.27 0.00 0.00 9.39 4.03 4.04 2.03 2.53 4.59 6.11 5.93 4.95 4.90 10761413
3.42 2.72 0.00 0.00 4.17 5.07 0.00 0.00 2.48 2.60 4.41 5.20 6.51 6.93 8.42 0.00 0.00 4.06 7.13 8.41 0.00 0.00 9.42 4.38 4.15 0.00 2.58 0.00 0.00 5.91 5.41 4.94 10774503
3.54 2.72 0.00 2.86 3.96 4.95 0.00 0.00 2.23 2.62 4.40 5.53 0.00 6.95 8.41 0.00 0.00 4.38 6.87 8.40 6.06 0.00 10.08 4.41 4.04 2.08 2.63 4.75 6.25 5.94 5.02 4.99 10787594
3.42 2.72 0.00 0.00 3.95 5.01 0.00 0.00 2.21 2.71 4.48 5.29 6.33 7.05 8.41 0.00 2.33 3.67 6.83 8.42 0.00 7.16 9.43 4.43 4.22 2.05 2.54 4.55 5.56 5.93 4.98 5.11 10800683
3.64 2.74 0.00 3.24 4.00 4.99 0.00 0.00 2.25 2.65 4.88 5.24 6.32 6.98 8.40 0.00 2.28 3.59 6.51 8.16 0.00 7.20 9.45 4.44 4.09 2.66 2.61 4.68 5.62 6.04 5.00 5.03 10813773
3.38 2.81 0.00 3.23 4.03 4.76 0.00 0.00 2.27 2.75 4.46 5.19 6.84 6.92 8.41 0.00 2.01 3.65 6.42 8.81 5.95 7.18 10.42 5.26 4.13 0.00 2.58 4.75 5.55 5.89 5.00 4.90 10826864
3.46 2.75 0.00 0.00 4.10 4.82 0.00 0.00 2.23 2.62 4.57 5.42 0.00 7.03 8.42 0.00 0.00 3.96 6.39 8.78 0.00 7.17 10.30 4.43 3.98 2.18 2.48 4.77 5.54 5.88 4.95 5.37 10839954
3.41 2.73 0.00 0.00 3.96 4.90 0.00 0.00 2.26 2.69 4.65 5.16 0.00 7.52 8.42 0.00 0.00 3.66 6.39 8.65 0.00 7.15 10.23 4.92 3.96 2.01 2.55 4.69 5.58 0.00 4.90 4.94 10853044
3.79 2.73 0.00 2.93 3.97 4.78 0.00 0.00 2.49 2.71 4.44 5.22 6.36 7.26 8.42 0.00 0.00 3.88 6.25 8.31 0.00 7.16 10.11 5.23 3.98 2.04 2.58 4.76 5.60 5.90 0.00 4.97 10866134
3.53 2.72 0.00 0.00 4.23 5.14 3.90 0.00 2.23 2.78 4.48 5.77 0.00 6.89 8.41 0.00 2.91 3.79 6.39 8.55 0.00 0.00 10.13 5.44 4.08 2.02 2.53 4.75 5.78 5.91 5.04 5.01 10879224
3.42 2.74 0.00 3.17 3.91 4.76 0.00 0.00 2.20 2.73 4.57 5.24 6.31 6.90 8.42 0.00 0.00 4.16 6.40 8.53 0.00 0.00 10.00 4.44 4.02 2.02 2.49 4.63 5.59 5.93 4.96 4.91 10892314
3.42 2.73 0.00 0.00 3.98 4.82 0.00 0.00 2.25 2.64 4.84 5.23 0.00 6.91 8.41 0.00 2.96 3.69 6.65 8.43 0.00 0.00 9.88 5.16 4.01 0.00 2.58 5.31 5.65 5.89 4.93 5.02 10905403
3.40 2.72 0.00 3.32 4.01 4.73 0.00 0.00 2.23 2.79 4.51 5.32 6.29 7.03 8.42 0.00 2.01 3.89 6.38 8.26 0.00 0.00 10.12 5.50 4.19 2.01 2.49 5.13 5.52 6.18 4.97 4.92 10918494
3.46 2.73 0.00 3.36 3.98 4.71 0.00 0.00 2.22 2.61 4.40 5.23 6.37 6.94 8.42 0.00 2.85 3.84 6.75 8.25 0.00 7.25 10.18 5.28 4.28 2.03 2.55 4.76 5.57 6.69 4.95 4.92 10931584
3.43 2.73 0.00 3.40 3.95 5.27 0.00 0.00 2.16 2.62 4.54 5.35 6.35 6.94 8.41 0.00 2.03 3.89 6.98 8.62 5.67 7.15 9.69 4.57 4.11 2.26 2.55 4.84 5.78 5.87 4.97 0.00 10944673
3.50 2.72 0.00 0.00 3.92 4.69 0.00 0.00 2.29 2.54 4.48 5.27 0.00 6.95 8.41 0.00 2.07 3.86 6.73 0.00 5.66 7.82 9.90 4.36 4.12 0.00 2.56 5.06 5.54 5.88 4.89 4.93 10957763
3.44 2.72 0.00 0.00 4.26 4.93 0.00 0.00 2.25 2.48 4.44 5.25 0.00 6.88 8.41 0.00 2.02 3.91 6.41 8.66 6.01 7.16 9.72 0.00 4.15 2.00 2.58 4.64 5.61 5.88 4.93 4.95 10970853
3.54 2.82 0.00 3.42 4.11 5.06 0.00 0.00 2.30 2.59 4.42 5.28 0.00 7.11 8.40 0.00 0.00 3.85 6.75 8.19 5.74 7.19 10.18 5.35 4.21 2.07 2.52 4.73 5.58 5.90 4.92 5.09 10983944
3.46 2.74 5.44 0.00 3.97 4.89 0.00 0.00 2.21 2.59 4.45 5.37 0.00 6.79 8.41 0.00 0.00 3.86 7.02 8.36 0.00 7.31 10.06 4.40 4.32 2.06 2.48 4.96 5.60 6.54 5.06 4.93 10997034
3.51 2.75 0.00 0.00 3.96 4.86 0.00 0.00 2.16 2.52 4.57 5.21 0.00 6.79 8.43 0.00 0.00 3.74 6.68 8.35 5.72 7.31 10.17 4.49 4.23 2.21 2.55 4.76 5.56 5.92 5.37 4.97 11010124
3.45 2.81 0.00 0.00 4.16 4.89 0.00 0.00 2.22 2.47 4.43 5.31 0.00 6.80 8.40 0.00 0.00 3.72 6.64 8.21 0.00 0.00 9.98 4.52 4.31 0.00 2.55 4.62 5.57 6.04 4.97 4.91 11023213
3.50 2.76 0.00 3.20 4.11 4.88 0.00 0.00 2.19 2.46 4.55 5.37 6.20 6.90 8.41 0.00 3.01 3.71 6.48 8.25 0.00 7.33 9.86 4.65 4.41 2.16 2.55 4.61 5.58 6.40 4.96 0.00 11036303
3.70 2.74 0.00 0.00 3.94 4.81 0.00 0.00 2.34 2.51 4.47 5.31 6.30 7.16 8.41 0.00 2.03 3.75 6.25 8.33 5.76 7.18 10.28 5.16 4.16 2.07 2.55 4.85 5.70 5.93 4.90 4.98 11049394
3.57 2.74 0.00 0.00 3.94 4.90 0.00 0.00 2.28 2.57 4.43 5.26 6.39 7.01 8.41 0.00 2.08 3.81 6.50 8.29 0.00 0.00 10.36 4.60 4.13 0.00 2.56 4.75 5.82 5.88 4.89 4.94 11062484
3.82 2.74 0.00 0.00 0.00 4.78 0.00 0.00 2.62 2.53 5.19 5.27 6.37 6.79 8.41 0.00 2.93 3.95 6.62 8.26 0.00 0.00 10.29 0.00 4.17 2.51 2.53 4.93 5.56 5.88 4.93 5.03 11075574
3.66 2.74 0.00 0.00 4.03 4.89 0.00 0.00 2.21 2.55 4.58 5.22 6.30 6.78 8.41 0.00 2.91 4.19 7.04 8.08 0.00 7.23 9.88 0.00 4.44 2.13 2.54 4.84 5.61 5.89 0.00 4.92 11088663
3.56 2.73 0.00 0.00 3.97 4.91 3.87 0.00 2.17 2.54 4.65 5.24 6.29 6.76 8.41 0.00 0.00 3.77 6.65 8.17 0.00 0.00 10.81 5.76 4.14 2.06 2.48 4.77 5.56 5.89 4.98 0.00 11101754
3.53 2.75 0.00 0.00 3.97 4.84 0.00 0.00 2.29 2.59 4.57 5.21 6.17 7.15 8.41 0.00 0.00 3.79 6.65 0.00 0.00 7.17 10.01 4.98 4.17 2.73 2.51 4.86 5.60 5.96 5.29 4.93 11114844
3.63 2.74 0.00 0.00 4.01 4.71 0.00 0.00 2.19 2.58 4.50 5.26 0.00 6.99 8.41 0.00 3.05 3.79 7.24 8.19 0.00 0.00 8.86 4.44 4.26 2.18 2.55 4.89 5.60 5.89 4.97 0.00 11127933
3.52 2.75 0.00 0.00 3.95 4.80 0.00 0.00 2.28 2.63 4.59 5.23 6.56 6.74 8.41 0.00 3.02 3.78 6.76 8.26 0.00 0.00 9.98 4.28 4.09 2.64 2.52 4.84 5.58 5.91 5.02 4.93 11141023
3.54 2.74 0.00 0.00 4.01 4.72 0.00 0.00 2.27 2.59 4.44 5.23 6.80 6.83 8.40 0.00 2.84 3.76 7.51 8.09 0.00 0.00 10.18 0.00 4.39 2.01 2.54 4.88 5.59 5.90 4.92 5.66 11154114
3.49 2.74 0.00 0.00 0.00 4.64 0.00 0.00 2.23 2.54 4.42 5.33 6.62 6.75 8.41 0.00 0.00 3.79 6.83 8.66 5.88 0.00 10.26 0.00 4.26 2.03 2.48 4.80 5.54 5.94 5.11 0.00 11167204
3.54 2.73 0.00 0.00 3.90 4.63 0.00 0.00 2.25 2.56 4.53 5.25 6.39 6.70 8.41 0.00 0.00 3.79 6.55 8.48 0.00 7.71 9.62 4.44 4.20 0.00 2.64 4.87 5.65 5.92 5.03 5.06 11180293
3.50 2.73 0.00 0.00 3.94 4.59 0.00 0.00 2.20 2.60 4.45 5.28 0.00 6.73 8.41 0.00 0.00 3.90 7.39 8.28 0.00 7.18 10.21 4.37 4.26 2.77 2.55 4.76 5.97 5.90 4.90 5.06 11193384
3.62 2.74 0.00 0.00 3.92 4.60 0.00 0.00 2.24 2.66 4.51 5.33 0.00 7.14 8.40 0.00 0.00 4.08 6.80 8.47 0.00 0.00 10.30 4.02 4.18 2.08 2.66 4.76 5.66 5.90 0.00 4.91 11206474
3.51 2.74 0.00 0.00 4.02 4.62 0.00 0.00 2.25 2.70 4.43 5.28 6.20 6.88 8.41 0.00 0.00 4.09 6.76 8.20 0.00 7.48 9.51 4.52 4.39 2.20 2.49 4.98 5.56 5.89 4.92 4.95 11219563
3.45 2.73 0.00 0.00 3.93 4.72 0.00 0.00 2.20 2.68 4.46 5.38 6.53 6.74 8.41 0.00 0.00 3.87 6.77 8.14 0.00 7.43 9.64 4.42 4.38 2.10 2.53 0.00 5.57 5.89 4.91 0.00 11232653
3.53 2.74 0.00 0.00 3.99 4.56 0.00 0.00 2.23 2.59 4.49 5.32 6.19 7.09 8.40 0.00 0.00 4.04 6.74 8.12 0.00 7.45 9.63 4.02 4.14 2.17 2.53 4.66 5.61 5.90 4.91 4.97 11245743
3.49 2.74 0.00 3.45 3.95 4.60 0.00 0.00 2.25 2.61 4.51 5.35 6.17 6.90 8.41 0.00 0.00 4.04 6.73 8.09 0.00 7.33 10.64 0.00 4.46 2.01 2.71 4.61 5.66 5.90 4.93 4.98 11258834
3.66 2.74 0.00 0.00 4.03 4.69 0.00 0.00 2.32 2.65 4.52 5.32 6.17 7.29 8.40 0.00 0.00 3.99 6.75 8.22 0.00 7.31 10.29 5.03 4.39 2.10 2.64 4.93 5.68 5.91 5.00 4.85 11271924
3.55 2.74 0.00 0.00 4.23 4.70 0.00 0.00 2.94 2.55 4.45 5.32 0.00 6.86 8.40 0.00 0.00 4.04 6.62 8.40 0.00 7.37 10.34 0.00 4.57 2.01 2.49 4.70 5.62 5.91 4.91 4.87 11285014
3.53 2.74 0.00 0.00 4.75 4.46 0.00 0.00 2.36 2.63 4.47 5.30 0.00 6.89 8.42 0.00 0.00 3.84 6.62 8.31 0.00 7.28 10.16 0.00 4.12 2.04 2.50 5.16 0.00 5.92 4.87 4.89 11298104
3.54 2.75 0.00 0.00 3.91 4.49 0.00 0.00 2.27 2.61 4.48 5.35 6.70 6.67 8.41 0.00 0.00 3.83 6.71 8.22 0.00 7.33 10.10 4.00 4.13 2.04 2.50 4.95 5.64 6.08 4.89 4.88 11311194
3.53 2.75 0.00 0.00 3.95 4.59 0.00 0.00 2.19 2.62 4.44 5.32 6.36 6.98 8.42 0.00 0.00 3.82 6.59 8.23 0.00 0.00 9.48 4.43 4.13 2.04 0.00 0.00 5.56 5.92 4.90 5.01 11324283
4.28 2.74 0.00 0.00 3.93 4.51 0.00 0.00 2.27 2.61 4.48 5.31 6.37 6.88 8.41 0.00 0.00 3.79 6.69 8.20 0.00 0.00 10.16 4.42 4.16 2.02 2.58 4.70 5.57 5.92 4.89 4.94 11337374
4.16 2.75 0.00 0.00 3.91 4.50 0.00 0.00 2.26 2.57 4.48 5.30 6.40 6.90 8.40 0.00 0.00 3.77 6.54 8.53 0.00 0.00 10.11 4.03 4.14 2.22 2.57 0.00 5.62 5.92 4.95 4.89 11350464
3.92 2.74 0.00 0.00 4.39 4.51 0.00 0.00 2.20 2.59 4.62 5.30 6.41 6.97 8.41 0.00 0.00 3.76 6.60 8.20 0.00 0.00 10.13 4.45 4.58 2.66 2.70 5.32 5.67 5.95 4.95 5.01 11363554
3.55 2.74 0.00 0.00 3.96 4.52 0.00 0.00 2.21 2.62 4.41 5.29 6.32 6.94 8.40 0.00 0.00 3.71 6.58 8.55 0.00 0.00 10.08 4.40 4.36 2.70 2.59 4.69 5.88 5.94 4.93 5.08 11376644
3.53 2.74 0.00 0.00 3.94 4.61 0.00 0.00 2.23 2.60 4.44 5.27 6.37 6.99 8.41 0.00 0.00 3.71 6.51 8.15 0.00 0.00 10.09 4.39 4.15 2.71 2.61 4.65 5.64 5.91 4.96 4.91 11389734
3.55 2.75 0.00 0.00 3.93 4.64 0.00 0.00 2.23 2.55 4.43 5.30 6.24 6.95 8.41 0.00 0.00 3.71 6.50 8.08 0.00 0.00 10.41 4.38 4.12 0.00 2.54 4.63 5.64 6.08 5.04 5.08 11402824
3.54 2.75 0.00 0.00 3.93 4.64 0.00 0.00 2.19 2.56 4.44 5.29 6.28 6.95 8.42 0.00 0.00 3.71 6.52 8.22 0.00 0.00 9.50 3.99 4.14 2.16 2.52 4.63 5.69 5.91 5.18 5.65 11415913
3.54 2.74 0.00 0.00 3.95 4.64 0.00 0.00 2.18 2.58 4.42 5.29 6.40 6.94 8.41 0.00 0.00 3.71 6.52 8.40 0.00 0.00 10.26 4.01 5.22 2.17 2.54 4.64 5.91 5.94 4.95 5.06 11429004
3.53 2.73 0.00 0.00 0.00 4.63 0.00 0.00 2.19 2.58 4.43 5.28 6.33 6.95 8.42 0.00 0.00 3.73 6.54 8.10 0.00 0.00 10.30 4.40 4.21 2.19 2.55 4.63 5.85 6.11 4.87 4.94 11442094
3.55 2.75 0.00 0.00 4.04 4.63 0.00 0.00 2.18 2.55 4.49 5.28 6.37 6.76 8.42 0.00 0.00 3.72 6.55 8.30 0.00 0.00 10.24 4.41 4.55 2.40 2.53 4.65 5.61 6.62 4.94 5.29 11455184
3.56 2.74 0.00 0.00 3.94 4.64 0.00 0.00 2.19 2.57 4.68 5.29 6.41 6.76 8.41 0.00 0.00 3.71 6.55 8.40 0.00 0.00 10.21 3.99 4.48 2.74 2.54 4.66 5.65 5.92 4.94 5.01 11468274
3.55 2.74 0.00 3.48 3.93 4.63 0.00 0.00 2.28 2.55 4.43 5.29 0.00 6.77 8.41 0.00 0.00 3.72 6.52 8.19 0.00 0.00 9.46 4.46 4.32 2.03 2.52 0.00 5.66 5.92 4.93 0.00 11481363
3.52 2.74 0.00 3.64 3.93 4.63 0.00 0.00 2.28 2.56 4.62 5.31 6.42 6.75 8.41 0.00 0.00 3.72 6.56 8.94 0.00 0.00 10.24 0.00 4.38 2.70 2.53 0.00 5.66 6.01 4.93 0.00 11494454
3.52 2.74 0.00 0.00 3.96 4.92 0.00 0.00 2.19 2.54 4.62 5.30 0.00 6.76 8.41 0.00 0.00 3.72 6.55 8.05 0.00 0.00 10.22 4.57 4.37 2.69 2.54 4.68 5.70 5.93 4.94 0.00 11507544
3.53 2.75 0.00 0.00 4.00 4.62 0.00 0.00 2.21 2.68 4.66 5.30 0.00 6.77 8.42 0.00 0.00 3.73 6.57 8.03 0.00 0.00 9.48 4.44 4.36 2.70 2.52 4.68 5.69 5.93 4.94 5.03 11520633
0.00 2.75 0.00 0.00 3.98 4.61 0.00 0.00 2.24 2.65 4.55 5.31 0.00 6.85 8.42 0.00 0.00 3.73 6.52 8.19 0.00 0.00 10.19 4.02 4.32 0.00 2.54 4.68 5.69 6.00 4.92 4.89 11533724
3.51 2.74 0.00 0.00 3.99 4.60 0.00 0.00 2.20 2.63 4.62 5.69 0.00 6.85 8.41 0.00 0.00 3.73 6.56 8.11 0.00 0.00 10.29 4.42 4.33 0.00 2.53 4.68 5.69 5.96 4.92 4.91 11546814
3.67 2.75 0.00 0.00 3.99 4.57 0.00 0.00 2.22 2.59 4.65 5.72 0.00 6.85 8.42 0.00 0.00 3.73 7.04 8.14 0.00 0.00 10.10 4.56 4.30 0.00 2.53 4.69 5.68 6.06 4.90 4.94 11559904
3.72 2.74 0.00 0.00 4.01 4.60 0.00 0.00 2.29 2.57 4.59 5.62 0.00 6.83 8.41 0.00 0.00 3.74 0.00 8.14 0.00 0.00 10.15 4.44 4.32 0.00 2.54 4.68 5.62 6.04 5.02 4.98 11572994
3.71 2.75 0.00 0.00 4.01 4.60 0.00 0.00 2.31 2.56 4.58 5.67 0.00 6.82 8.40 0.00 0.00 3.74 7.14 8.87 0.00 0.00 10.01 4.03 4.33 2.80 2.55 4.67 5.62 6.03 4.96 4.94 11586084
3.66 2.77 0.00 0.00 4.03 4.60 0.00 0.00 2.32 2.56 4.59 6.01 0.00 6.83 8.41 0.00 0.00 3.74 0.00 8.24 0.00 0.00 9.49 4.43 4.30 2.80 2.53 4.65 5.62 6.07 4.95 4.93 11599173
3.71 2.82 0.00 3.57 4.01 4.60 0.00 0.00 2.31 2.55 4.61 5.52 0.00 6.83 8.40 0.00 0.00 3.75 0.00 0.00 0.00 0.00 9.90 4.01 4.34 0.00 2.55 4.67 5.63 6.05 4.94 4.93 11612263
4.26 2.80 0.00 3.70 4.00 4.61 0.00 0.00 2.30 2.57 4.61 5.47 0.00 6.83 8.40 0.00 0.00 3.74 7.16 0.00 0.00 0.00 9.92 4.01 4.31 0.00 2.69 4.64 5.63 6.05 4.94 4.93 11625353
0.00 2.75 0.00 0.00 3.99 4.61 0.00 0.00 2.31 2.55 4.61 5.46 0.00 6.83 8.41 0.00 0.00 3.74 7.17 8.06 0.00 0.00 9.64 4.01 4.24 0.00 2.61 4.65 5.62 6.04 4.94 4.94 11638443
4.26 2.74 0.00 0.00 4.00 4.60 0.00 0.00 2.31 2.55 4.63 5.45 0.00 6.83 8.41 0.00 0.00 3.75 7.14 8.10 0.00 0.00 9.84 4.01 4.29 2.77 2.77 4.65 5.62 6.04 4.95 4.93 11651533
0.00 2.74 0.00 0.00 4.00 4.60 0.00 0.00 2.30 2.56 4.63 5.45 0.00 6.83 8.41 0.00 0.00 3.75 7.14 8.37 0.00 0.00 9.77 4.01 4.37 0.00 2.53 4.65 5.62 6.04 4.96 4.92 11664623
0.00 2.74 0.00 0.00 4.00 4.60 0.00 0.00 2.30 2.56 4.63 5.45 0.00 6.83 8.41 0.00 0.00 3.75 7.13 8.49 0.00 0.00 9.70 4.03 4.35 0.00 2.53 4.64 5.62 6.05 4.95 4.93 11677713
0.00 2.73 0.00 0.00 3.99 4.60 0.00 0.00 2.30 2.55 4.63 5.44 0.00 6.84 8.42 0.00 0.00 3.74 7.15 8.63 0.00 0.00 9.49 4.01 4.35 2.75 2.53 4.65 5.62 6.04 4.95 4.92 11690803
0.00 2.75 0.00 0.00 3.98 4.60 0.00 0.00 2.30 2.56 4.63 5.44 0.00 6.84 8.40 0.00 0.00 3.74 7.14 8.29 0.00 0.00 9.52 4.02 4.37 2.21 2.52 4.65 5.63 6.03 4.94 4.92 11703893
0.00 2.74 0.00 0.00 4.01 4.60 0.00 0.00 2.31 2.56 4.64 5.45 0.00 6.83 8.41 0.00 0.00 3.74 7.15 8.07 0.00 0.00 9.49 4.02 4.37 2.32 2.52 4.66 5.63 6.04 4.95 4.92 11716983
0.00 2.74 0.00 0.00 4.01 4.59 0.00 0.00 2.30 2.55 4.64 5.45 0.00 6.83 8.41 0.00 0.00 3.75 7.18 8.32 0.00 0.00 9.49 4.01 4.41 2.68 2.51 4.65 5.61 6.04 4.95 4.92 11730073
0.00 2.74 0.00 0.00 4.00 4.61 0.00 0.00 2.30 2.56 4.63 5.44 0.00 6.83 8.40 0.00 0.00 3.74 7.18 8.25 0.00 0.00 9.51 4.01 4.43 2.70 2.53 4.64 5.63 6.04 4.94 4.93 11743163
0.00 2.75 0.00 0.00 4.01 4.59 0.00 0.00 2.32 2.57 4.63 5.43 0.00 6.83 8.41 0.00 0.00 3.75 7.18 8.22 0.00 0.00 9.50 4.01 4.87 2.70 2.53 4.66 5.63 6.04 4.94 4.93 11756253
3.66 2.74 0.00 0.00 4.00 4.60 0.00 0.00 2.33 2.55 4.63 5.41 0.00 6.83 8.41 0.00 0.00 3.75 7.16 8.23 0.00 0.00 9.50 4.00 4.88 2.69 2.52 4.66 5.64 6.05 4.95 4.92 11769343
3.65 2.73 0.00 0.00 4.01 4.59 0.00 0.00 2.32 2.56 4.64 5.43 0.00 6.83 8.41 0.00 0.00 3.75 7.15 8.22 0.00 7.35 9.49 4.00 4.89 2.69 2.54 4.65 5.62 6.03 4.95 4.92 11782433
3.63 2.73 0.00 0.00 4.00 4.60 0.00 0.00 2.34 2.56 4.63 5.42 0.00 6.83 8.41 0.00 0.00 3.74 7.15 8.16 0.00 7.35 9.48 4.00 4.97 2.71 2.53 4.66 5.62 6.04 4.95 4.92 11795523
3.64 2.75 0.00 0.00 4.01 4.60 0.00 0.00 2.32 2.55 4.64 5.42 0.00 6.84 8.41 0.00 0.00 3.75 7.14 8.18 0.00 7.36 9.49 4.00 4.26 2.70 2.54 4.66 5.64 6.03 4.95 4.92 11808613
3.64 2.73 0.00 0.00 4.01 4.60 0.00 0.00 2.32 2.56 4.64 5.42 0.00 6.82 8.41 0.00 0.00 3.75 7.13 8.17 0.00 0.00 9.48 4.01 4.25 2.69 2.52 4.64 5.64 6.03 4.95 4.93 11821703
3.63 2.74 0.00 0.00 4.00 4.60 0.00 0.00 2.33 2.56 4.64 5.41 0.00 6.83 8.42 0.00 0.00 3.74 7.15 8.06 0.00 0.00 9.49 4.00 4.18 2.71 2.52 4.64 5.62 6.03 4.95 4.93 11834793
3.64 2.75 0.00 0.00 3.99 4.59 0.00 0.00 2.33 2.56 4.63 5.41 0.00 6.83 8.40 0.00 0.00 3.74 7.17 8.05 0.00 7.37 9.48 4.00 4.28 2.69 2.52 4.64 5.63 6.03 4.95 4.92 11847883